45161 15993 57886 616 45211
45153 20096 58981 1342 45211
45148 29562 68881 6740 45211
45147 42298 73509 1255 45211
45151 32762 63159 2255 45211
45143 22049 66354 5466 45211
45137 42473 80465 1880 45211
45206 14687 66105 766 45211
45205 23857 82979 7294 45211
45201 37227 56683 7142 45211
45201 42317 79123 7087 45211
45203 33048 79199 8287 45211
45207 33097 54825 1829 45211
45204 17220 61581 3347 45211
45205 39564 86693 2093 45211
45201 12163 77853 4748 45211
45197 32366 61726 2667 45211
45207 42996 67651 3329 45211
45206 26914 67397 649 45211
45202 25298 77425 4896 45211
45203 42928 56197 3073 45211
45207 29359 79305 3436 45211
45204 27477 64634 6478 45211
45203 31872 85397 704 45211
45207 31668 85220 5871 45211
45203 41945 55499 9668 45211
45186 12596 58660 8646 45211
45194 22803 78438 665 45211
45191 30405 84417 266 45211
45191 31457 76897 5074 45211
45194 35279 74282 7202 45211
45195 24544 83151 9214 45211
45189 44059 85389 6416 45211
45192 24756 67847 3391 45211
45192 33448 65166 716 45211
45192 40558 59115 1755 45211
45189 32305 59632 3945 45211
45192 12000 64903 8904 45211
45187 42592 66114 4640 45211
45188 35631 58140 407 45211
45186 29689 60533 1893 45211
45178 13114 86504 2550 45211
45175 37600 70286 6673 45211
45176 40490 74440 9500 45211
45180 43948 64293 2784 45211
45181 44767 69833 3430 45211
45174 29760 73312 606 45211
45178 30264 75650 5457 45211
45184 19115 76931 2413 45211
45177 39583 86378 2448 45211
45174 38257 62977 1322 45211
45180 34028 83754 483 45211
45180 22128 62975 8357 45211
45175 29137 74776 7158 45211
45177 10351 84614 5137 45211
45181 16637 76896 5367 45211
45181 29419 64446 7938 45211
45175 27707 69510 3331 45211
45174 19060 59587 701 45211
45181 29951 55241 7733 45211
45174 31257 77964 4433 45211
45178 32169 86903 2269 45211
45173 42154 87737 8597 45211
45173 10054 59438 2241 45211
45169 18919 68547 2526 45211
45163 28672 83341 7393 45211
45169 22809 67013 5449 45211
45164 14124 60965 9592 45211
45164 33735 57614 1080 45211
45166 10745 58620 8565 45211
45170 36021 61665 7300 45211
45171 35517 74447 5893 45211
45168 37636 78474 2159 45211
45167 14651 79211 436 45211
45170 45021 76588 431 45211
45171 26549 62894 3491 45211
45167 13086 85551 4088 45211
45171 38143 62008 7421 45211
45170 11938 71136 7322 45211
45157 43039 57155 7137 45211
45161 30830 80980 3066 45211
45160 30942 57655 6820 45211
45157 24197 78691 8624 45211
45159 11693 62233 6618 45211
45159 9783 85115 3052 45211
45160 17042 65945 6152 45211
45156 28619 63951 3088 45211
45160 22561 66749 4084 45211
45159 11725 76847 4804 45211
45161 21408 82083 1061 45211
45162 40321 66203 4109 45211
45158 31766 56893 4276 45211
45156 13574 57743 1038 45211
45160 38595 65124 2761 45211
45158 14082 56798 6052 45211
45156 27476 83349 3837 45211
45150 18622 54652 9641 45211
45148 39126 81295 3232 45211
45148 11405 82299 5980 45211
45150 16391 84100 174 45211
45149 24653 62427 6709 45211
45151 27347 58569 6516 45211
45152 21331 54864 5840 45211
45151 10977 85528 4732 45211
45153 21224 74879 6600 45211
45152 44052 83796 6691 45211
45148 41861 71945 258 45211
45148 26560 63237 9644 45211
45154 37809 60293 3838 45211
45153 21877 83503 9178 45211
45143 26444 57482 1375 45211
45141 10158 54793 3504 45211
45141 19482 86703 8823 45211
45144 34770 75025 7723 45211
45139 22994 84701 8993 45211
45141 43004 68035 6214 45211
45138 36430 56145 9146 45211
45140 33159 77534 4862 45211
45142 31446 64878 6534 45211
45137 31969 65425 1645 45211
45140 10974 86773 7952 45211
45143 10214 76016 7066 45211
45140 23118 64721 6715 45211
45139 31284 72020 52 45211
45146 44111 77206 914 45211
45137 44087 76926 8901 45211
45138 24022 59774 6959 45211
45202 22940 66103 4026 45211
45203 27886 76295 3401 45211
45205 44706 84971 8043 45211
45206 10675 86619 8546 45211
45201 36072 72671 7048 45211
45200 9927 63967 2085 45211
45205 41958 59083 2844 45211
45204 13429 75627 7917 45211
45201 12153 66820 8675 45211
45204 44329 69713 6326 45211
45198 33488 59824 708 45211
45201 30035 86812 6339 45211
45197 28881 58524 7564 45211
45207 35612 63755 6835 45211
45199 15929 68107 2063 45211
45206 14303 85999 7572 45211
45207 26674 63581 2006 45211
45203 43629 85497 397 45211
45206 22352 65801 8286 45211
45198 38195 58607 6532 45211
45200 38130 66554 7819 45211
45206 11214 68014 4102 45211
45204 42875 77797 8532 45211
45199 33709 59987 5306 45211
45199 13102 54817 4358 45211
45206 26409 65168 1448 45211
45200 15150 54972 6427 45211
45196 38392 81611 3679 45211
45189 28564 59591 3268 45211
45192 31392 66230 2550 45211
45192 14392 77058 2498 45211
45196 28121 83205 3039 45211
45189 29732 59288 3758 45211
45189 42077 85224 8594 45211
45193 31868 70301 5518 45211
45188 36784 60318 321 45211
45189 22235 86376 9680 45211
45196 27874 84741 779 45211
45196 39846 84753 3901 45211
45195 12556 66545 4010 45211
45194 38009 59738 8230 45211
45190 24908 69625 7614 45211
45191 44321 74066 4018 45211
45196 30738 62084 5464 45211
45191 41169 84630 6906 45211
45188 40125 73583 9262 45211
45195 32603 72127 7660 45211
45191 29371 84428 1248 45211
45185 39295 84410 4725 45211
45177 27903 58066 7376 45211
45175 44612 69805 3037 45211
45175 31641 66123 6493 45211
45174 24108 63171 9129 45211
45185 36710 57624 2751 45211
45180 20236 58963 9171 45211
45175 41073 64372 5485 45211
45175 40644 66259 8083 45211
45184 43560 84123 5268 45211
45176 39303 69045 7767 45211
45178 14644 57300 4065 45211
45177 38524 57518 1494 45211
45177 13609 72831 1017 45211
45178 14186 70226 2174 45211
45174 18537 82192 2044 45211
45183 12983 78834 5236 45211
45182 42621 72156 707 45211
45177 31235 64407 4678 45211
45174 36837 68603 7508 45211
45184 19018 80301 1643 45211
45183 40573 84945 6824 45211
45178 40581 80101 3689 45211
45166 36788 66028 332 45211
45164 27540 79621 144 45211
45169 22520 70128 1715 45211
45171 41171 71576 4316 45211
45170 24571 62844 61 45211
45168 31144 67091 3901 45211
45167 14486 68559 830 45211
45166 39547 83871 4192 45211
45163 10971 86502 220 45211
45163 25980 69780 9601 45211
45167 30107 82669 7353 45211
45166 13776 78046 5672 45211
45173 12390 78449 2643 45211
45167 43352 86679 1848 45211
45165 24716 62117 2800 45211
45171 19895 86373 668 45211
45163 40897 62674 8015 45211
45173 18845 58971 7324 45211
45168 31906 87328 4621 45211
45165 25636 62922 6144 45211
45165 13025 68693 5739 45211
45157 26554 85835 4954 45211
45157 14890 75792 4759 45211
45155 43261 84771 163 45211
45156 25545 84705 4799 45211
45158 11915 75157 6605 45211
45160 33369 69482 4314 45211
45160 19246 87434 888 45211
45155 37206 59668 8330 45211
45161 22623 74451 3067 45211
45157 20407 79474 3945 45211
45161 24150 65461 8079 45211
45156 27042 81633 50 45211
45158 31054 74821 8606 45211
45157 22224 65379 9330 45211
45161 20584 67464 2293 45211
45157 31185 80834 2028 45211
45158 37996 76168 4260 45211
45158 30480 56905 7076 45211
45152 29275 69822 2006 45211
45147 12126 76647 8170 45211
45152 29140 68890 1987 45211
45147 10233 66262 7459 45211
45147 38352 63406 5926 45211
45150 33920 85048 4395 45211
45150 23441 80359 2286 45211
45150 18716 76635 6550 45211
45150 18097 83276 3345 45211
45154 16869 63946 965 45211
45152 26244 59979 5692 45211
45149 39853 63921 6130 45211
45152 28702 83663 2206 45211
45153 27197 57898 6360 45211
45152 22254 66718 4871 45211
45154 29082 82274 7101 45211
45150 40067 58310 6921 45211
45151 13935 77963 1729 45211
45153 40071 69907 5386 45211
45154 16109 85942 9532 45211
45154 39773 82276 5729 45211
45145 30685 63405 4840 45211
45142 27478 57498 4524 45211
45137 13037 71314 5600 45211
45143 19374 56024 3016 45211
45140 18823 72179 793 45211
45145 40415 56961 678 45211
45146 10429 60681 6494 45211
45144 38185 77412 3808 45211
45143 34275 56972 1382 45211
45139 25854 87088 2669 45211
45142 38275 67813 5801 45211
45140 40405 61060 7376 45211
45138 34793 65032 4607 45211
45145 10208 86816 870 45211
45144 20561 78543 4112 45211
45146 13832 76385 7761 45211
45144 12117 83773 7515 45211
45137 39988 61802 4734 45211
45146 34929 70235 1862 45211
45139 41912 62323 4217 45211
45137 17930 76854 8816 45211
45143 16117 56541 5923 45211
45205 14491 73371 7937 45211
45203 29947 84265 4736 45211
45201 14226 54514 38 45211
45205 11138 72685 7774 45211
45198 15693 77689 2501 45211
45202 14826 75538 3167 45211
45197 30887 78044 3717 45211
45203 13892 66664 8379 45211
45201 43275 80475 6539 45211
45207 44022 59904 6848 45211
45206 18993 54756 4403 45211
45201 11135 69981 2512 45211
45198 39008 64101 5534 45211
45199 17705 64924 6629 45211
45198 37210 79506 4581 45211
45202 36187 80612 2525 45211
45205 32703 58839 5463 45211
45204 40918 55698 2839 45211
45203 36575 58672 8670 45211
45207 25190 56465 1513 45211
45206 30639 73590 6984 45211
45194 27361 79268 5276 45211
45188 32055 81314 3647 45211
45190 30162 83136 3358 45211
45186 18269 81491 1208 45211
45190 29256 63620 9161 45211
45190 33023 76798 8755 45211
45192 10622 64435 3508 45211
45193 20263 69720 4488 45211
45189 35357 67387 1099 45211
45187 39899 86473 367 45211
45189 16874 59003 891 45211
45196 27698 61013 8547 45211
45188 16078 82078 7620 45211
45190 42133 81763 3291 45211
45190 38279 72947 5336 45211
45196 31103 78182 3919 45211
45193 23063 81697 5749 45211
45187 40445 84718 7034 45211
45187 43294 60200 6037 45211
45194 24567 86651 9151 45211
45192 30063 72519 7109 45211
45191 41910 87539 7456 45211
45189 12653 77915 8421 45211
45178 11664 78901 8844 45211
45183 40875 78780 572 45211
45179 28745 81370 7478 45211
45179 30821 70000 7152 45211
45185 14411 85985 1173 45211
45176 39697 81675 7839 45211
45181 11280 62478 6426 45211
45177 25261 77784 642 45211
45178 14398 84351 1041 45211
45174 30075 77123 3483 45211
45180 24143 77058 9100 45211
45178 13369 74435 2056 45211
45179 41102 61812 8818 45211
45176 36818 60832 7984 45211
45174 36567 62810 5238 45211
45175 37752 77819 7407 45211
45176 33054 86183 4020 45211
45173 19223 59882 7285 45211
45167 33247 77320 9286 45211
45170 33823 85974 2035 45211
45173 23125 63719 3099 45211
45173 26858 63871 980 45211
45172 16844 73382 1668 45211
45171 36729 62358 4788 45211
45170 15550 70086 1424 45211
45168 16928 84515 5189 45211
45171 31865 86729 5022 45211
45170 28251 65178 892 45211
45169 11770 60305 4512 45211
45164 33178 63133 4374 45211
45164 27649 87514 1082 45211
45164 24866 85013 2827 45211
45171 18007 68461 1601 45211
45170 20028 62949 1694 45211
45164 29391 72409 7374 45211
45166 35446 59329 1627 45211
45163 29158 87803 6511 45211
45170 26950 81425 3138 45211
45156 40649 65565 9249 45211
45162 13361 78636 5080 45211
45158 18027 74577 5463 45211
45160 16375 65340 7706 45211
45162 23826 80065 2347 45211
45158 31165 83357 8142 45211
45158 43880 56768 5057 45211
45155 9775 64719 2562 45211
45158 20506 57925 9165 45211
45162 28563 73339 3855 45211
45155 24172 60976 3916 45211
45157 27139 63693 7933 45211
45160 12415 65637 1946 45211
45155 34529 74550 4073 45211
45160 18641 55616 5980 45211
45161 34711 68602 7316 45211
45161 39184 65804 402 45211
45157 24493 73289 2499 45211
45157 17863 84758 5672 45211
45154 22036 61396 9053 45211
45153 16955 58398 3089 45211
45148 36285 62858 7111 45211
45149 30964 67672 1561 45211
45153 12962 79293 5804 45211
45153 9835 86871 2445 45211
45148 16277 83173 4051 45211
45154 28354 73061 7084 45211
45150 26001 87767 2215 45211
45150 17961 58704 6231 45211
45149 31223 81049 1312 45211
45152 35106 54539 9592 45211
45151 30675 60056 3103 45211
45154 38419 86299 9383 45211
45154 39746 76473 5027 45211
45150 38186 75167 6409 45211
45150 15180 87550 7690 45211
45153 23747 84278 1930 45211
45149 19294 73441 3597 45211
45137 13627 86266 2987 45211
45140 37040 86355 6920 45211
45141 39302 66799 8503 45211
45137 13015 84322 9150 45211
45142 28322 63736 905 45211
45143 18436 55573 1890 45211
45145 12234 77786 4905 45211
45140 25258 82395 3676 45211
45137 17348 72691 7206 45211
45137 36607 74609 9532 45211
45137 12441 77662 5464 45211
45142 41028 82713 1243 45211
45141 44048 67248 1748 45211
45146 14006 62905 3987 45211
45146 38110 63460 5529 45211
45139 18259 81744 2824 45211
45143 11472 87038 9610 45211
45138 31120 69847 1513 45211
45141 42730 55595 2409 45211
45146 22711 74712 7748 45211
45141 27508 84156 6590 45211
45146 18108 69389 1714 45211
45205 14864 70752 7158 45211
45201 11813 81367 7960 45211
45202 41754 61156 4808 45211
45199 19296 59747 5669 45211
45207 18225 55103 728 45211
45206 24642 66712 9683 45211
45199 31873 83429 4409 45211
45199 13415 58146 7776 45211
45202 20979 74787 8520 45211
45200 35514 56265 6408 45211
45201 38147 84620 2027 45211
45204 24883 71105 2716 45211
45201 41039 74120 3955 45211
45206 39269 73905 7228 45211
45198 35254 76327 1798 45211
45197 43608 67096 363 45211
45202 43485 64751 9216 45211
45206 11215 61406 2031 45211
45200 32864 87181 875 45211
45199 25193 86984 8791 45211
45198 32911 81128 8486 45211
45198 13235 62193 1278 45211
45201 18326 78416 5608 45211
45203 33836 75244 8767 45211
45198 21422 75906 9406 45211
45207 40779 87494 8404 45211
45199 13496 58018 2622 45211
45202 21835 67786 753 45211
45190 22890 71675 6853 45211
45191 14624 58441 2512 45211
45193 14705 66944 5263 45211
45196 14364 87557 3189 45211
45196 25409 61512 5294 45211
45189 35790 77182 4574 45211
45190 30848 55919 4165 45211
45188 44423 68967 8457 45211
45188 36814 58926 3598 45211
45193 15809 87612 6733 45211
45195 33759 58418 7577 45211
45187 23519 67098 2331 45211
45196 19153 84074 1586 45211
45196 35155 67508 4370 45211
45194 18305 55782 2188 45211
45191 9795 58110 4767 45211
45193 13479 55212 336 45211
45193 43312 55892 1107 45211
45196 15031 87206 5241 45211
45192 17974 84645 6506 45211
45189 10834 60307 9056 45211
45188 41893 67606 3125 45211
45187 44568 72761 8078 45211
45194 38436 55608 7325 45211
45190 28191 86650 6317 45211
45195 14187 86537 7094 45211
45176 15770 58748 8763 45211
45176 33497 72486 7852 45211
45175 21271 77795 7144 45211
45185 41728 79575 8192 45211
45177 32458 67149 7104 45211
45178 19107 68970 2281 45211
45180 31334 61651 4205 45211
45180 33367 82950 6632 45211
45177 16759 79337 3598 45211
45180 22808 82664 6440 45211
45180 25540 75459 397 45211
45176 44546 62115 8938 45211
45175 29842 76757 2815 45211
45175 35915 75247 818 45211
45179 12332 72596 7708 45211
45176 30380 62675 1427 45211
45177 39178 59973 8223 45211
45184 29483 73981 8094 45211
45176 41573 74409 4502 45211
45178 13953 69333 7819 45211
45178 36979 79408 4683 45211
45182 42351 65377 4127 45211
45182 18300 64952 9049 45211
45181 38132 60132 6043 45211
45175 13238 76593 7093 45211
45180 32949 62047 7609 45211
45183 32629 70032 7408 45211
45178 42482 59150 4341 45211
45165 15694 64525 1121 45211
45163 13610 59861 8761 45211
45172 25551 58562 6371 45211
45166 17089 61420 8931 45211
45166 37499 61661 5286 45211
45173 44900 56581 5667 45211
45167 16186 68584 7179 45211
45167 12134 66511 2541 45211
45164 36698 72295 5094 45211
45170 18090 65301 8240 45211
45170 41919 80697 7222 45211
45170 29020 56050 7864 45211
45169 23355 85739 119 45211
45172 32630 65288 4913 45211
45163 44482 83899 1083 45211
45172 16106 55468 5528 45211
45169 24041 85705 175 45211
45172 13299 71072 80 45211
45168 34655 77551 693 45211
45173 18189 79337 4438 45211
45172 29726 63218 9205 45211
45173 10534 82423 8282 45211
45169 32150 74208 8676 45211
45168 25650 81863 476 45211
45163 36155 61629 8117 45211
45165 29514 84618 1147 45211
45167 26672 68041 6679 45211
45163 16866 85050 2205 45211
45172 41396 66910 4009 45211
45155 35243 55860 8755 45211
45160 32877 69414 2490 45211
45156 10892 67562 2683 45211
45161 36017 62922 9368 45211
45158 31834 65350 1469 45211
45159 38997 85209 699 45211
45155 33320 76158 7217 45211
45161 43351 69870 1174 45211
45158 31643 85566 7650 45211
45155 35870 57057 2454 45211
45157 23015 69709 7497 45211
45158 19288 56669 609 45211
45156 16894 84311 1671 45211
45157 19341 66961 9007 45211
45158 11501 73548 890 45211
45158 23864 85883 4697 45211
45161 11479 59573 1151 45211
45157 34818 71326 3380 45211
45162 13847 58040 6952 45211
45159 36119 57437 1326 45211
45158 16913 85185 9649 45211
45162 16219 65588 7701 45211
45156 22928 81155 6548 45211
45161 32277 55050 827 45211
45162 10885 81584 243 45211
45159 37606 85259 1592 45211
45159 42542 56616 4801 45211
45158 30389 81909 8195 45211
45157 19941 56826 7359 45211
45159 21925 72390 7288 45211
45156 15633 60273 5134 45211
45155 10895 82763 1763 45211
45156 29702 54994 2581 45211
45159 24068 76246 5761 45211
45155 39847 82039 322 45211
45158 14026 81806 3285 45211
45160 10707 61239 3718 45211
45155 30833 65820 2984 45211
45161 18070 82991 7833 45211
45159 33787 57805 878 45211
45156 34477 57460 8933 45211
45148 35464 73290 2002 45211
45152 43866 61594 8048 45211
45151 42297 66970 9600 45211
45152 42319 71819 7427 45211
45153 38979 81883 3335 45211
45149 34280 70990 5602 45211
45148 32663 78690 7533 45211
45148 33478 86800 9035 45211
45150 12830 62660 3139 45211
45153 40474 84530 7079 45211
45153 13990 87166 5838 45211
45149 26875 58268 2143 45211
45154 42684 83427 1266 45211
45147 40626 73066 4551 45211
45154 42211 66144 7283 45211
45152 40532 64225 5566 45211
45153 18855 77910 5641 45211
45151 39675 54789 7142 45211
45153 12484 71818 4856 45211
45153 34484 87004 2850 45211
45145 44405 55134 4366 45211
45139 27265 68959 1346 45211
45139 38171 76423 8087 45211
45140 12503 87331 3572 45211
45139 33083 61578 1212 45211
45137 36463 82846 1547 45211
45139 33712 71197 9143 45211
45146 20570 67720 828 45211
45144 15735 58984 222 45211
45143 12003 79161 5920 45211
45140 35533 57115 9542 45211
45146 28243 69194 9166 45211
45143 13748 77243 3713 45211
45138 34745 54503 7510 45211
45146 32123 84949 1039 45211
45142 31102 58511 7851 45211
45145 37736 58977 2495 45211
45137 42092 83648 4468 45211
45143 26966 74600 261 45211
45144 17741 79470 2542 45211
45145 12651 76390 1214 45211
45140 10682 70622 1737 45211
45144 15128 86730 1660 45211
45141 30138 84260 8558 45211
45144 39580 57632 5019 45211
45140 42349 75467 8750 45211
45137 41064 83486 8688 45211
45141 31652 76870 1291 45211
45142 32115 67704 3393 45211
45140 9773 77176 7886 45211
45138 20539 60124 8228 45211
45144 12676 69280 8390 45211
45146 41841 69451 6400 45211
45144 29356 86626 2791 45211
45144 31170 54808 3539 45211
45146 13029 61930 7662 45211
45139 28956 69164 8142 45211
45141 13318 68219 4329 45211
45137 43628 77675 8119 45211
45141 41426 74837 1713 45211
45200 25303 65233 5031 45211
45200 29677 86632 3903 45211
45203 22383 76825 8287 45211
45199 22629 65788 2442 45211
45204 27462 57635 8625 45211
45198 20343 79754 5296 45211
45206 31729 58148 3214 45211
45207 11287 82341 3790 45211
45204 23680 77233 7096 45211
45200 43695 61405 1163 45211
45198 28532 78636 4307 45211
45207 32767 71283 5486 45211
45206 31869 67361 4131 45211
45197 38296 62618 9571 45211
45199 18333 75746 9625 45211
45198 42122 64109 7530 45211
45206 22638 72360 3508 45211
45207 15623 63739 4891 45211
45200 27699 60064 2670 45211
45197 15125 56908 94 45211
45200 34221 63389 8780 45211
45200 34168 83067 5858 45211
45206 22899 71497 8670 45211
45191 17011 83920 7862 45211
45194 21874 64239 1088 45211
45194 24019 72898 4446 45211
45196 14956 58067 4827 45211
45196 18493 61914 9108 45211
45190 39225 76761 9655 45211
45187 16353 80060 6325 45211
45193 26214 64096 8632 45211
45189 12094 73076 6677 45211
45186 28917 61737 6324 45211
45189 10967 76623 9671 45211
45191 14413 87634 6069 45211
45193 14126 74555 502 45211
45194 33069 56210 930 45211
45188 33868 68494 3458 45211
45187 20196 79034 5822 45211
45187 39161 61468 9495 45211
45187 32265 68056 8558 45211
45193 40050 60544 2416 45211
45187 10203 68805 1409 45211
45192 20030 69882 6108 45211
45192 44037 60754 6586 45211
45196 18936 69665 6537 45211
45187 44532 78806 2767 45211
45186 19986 84359 465 45211
45176 33421 67773 1117 45211
45184 14473 86793 3276 45211
45181 27211 73330 7540 45211
45185 33817 87462 380 45211
45178 40946 54740 2427 45211
45184 10456 70826 4148 45211
45183 26831 58609 5079 45211
45185 31415 64349 4203 45211
45184 29232 67352 9084 45211
45180 41351 73602 3323 45211
45184 14172 61988 579 45211
45181 18553 86543 5772 45211
45181 12658 60107 4206 45211
45181 17595 87884 5360 45211
45174 33654 80582 2359 45211
45174 24605 77308 6974 45211
45185 10733 77618 8697 45211
45178 12161 87018 9212 45211
45178 37044 74799 4150 45211
45181 33204 57007 5923 45211
45175 20063 76504 364 45211
45179 34844 82394 2498 45211
45178 19238 58650 1842 45211
45181 28145 62205 5690 45211
45167 37411 60880 1410 45211
45170 34905 73653 1861 45211
45168 35993 84198 7843 45211
45163 20266 69376 3021 45211
45173 42936 67329 2555 45211
45164 44163 54557 5132 45211
45164 33939 72225 2807 45211
45167 29571 59734 8301 45211
45169 33466 75763 6915 45211
45163 26279 71141 7672 45211
45165 11202 76043 1528 45211
45171 40303 69015 3989 45211
45166 12989 83440 9363 45211
45165 28196 57554 3834 45211
45173 16692 80397 1392 45211
45169 13481 64438 7367 45211
45168 11359 81310 4415 45211
45168 11090 84129 1886 45211
45172 16456 80117 4746 45211
45165 14965 84830 2351 45211
45170 22186 60998 2108 45211
45167 40205 74579 6977 45211
45166 38665 85922 7133 45211
45173 11668 71943 3361 45211
45171 28993 71069 3494 45211
45167 17251 60963 8212 45211
45165 16853 58336 8615 45211
45156 39728 70134 7093 45211
45160 39645 72523 7209 45211
45155 19589 78131 3298 45211
45159 44193 68349 9520 45211
45162 37693 55612 2176 45211
45158 17456 61630 5369 45211
45156 32945 72223 9629 45211
45159 42987 79697 1909 45211
45155 22719 66508 4924 45211
45159 25250 86124 6266 45211
45159 15274 55338 4417 45211
45160 13385 65644 3113 45211
45155 10531 79718 1783 45211
45155 33972 57441 6391 45211
45161 41526 65136 8678 45211
45160 38936 56528 5906 45211
45157 25372 59165 4315 45211
45160 36533 62688 1274 45211
45161 19066 74085 6858 45211
45158 29974 79428 5787 45211
45162 14495 55070 2983 45211
45159 15969 80373 3581 45211
45157 42610 60778 6085 45211
45155 24114 84272 9460 45211
45156 23051 79179 7461 45211
45162 23772 66635 7587 45211
45158 39534 87189 3632 45211
45157 35750 65587 2843 45211
45161 34847 58928 3924 45211
45162 10055 72850 8993 45211
45155 35927 56601 3898 45211
45156 16513 80842 9294 45211
45157 22918 69406 7837 45211
45158 22439 56156 4341 45211
45161 43905 73500 3780 45211
45156 37150 71048 8895 45211
45160 33810 82309 7201 45211
45160 28271 58527 9159 45211
45157 29875 75556 7214 45211
45155 37165 84423 6661 45211
45157 18347 68026 3158 45211
45157 15614 75157 2987 45211
45149 35411 59281 6850 45211
45151 28507 72217 430 45211
45152 17410 73895 5403 45211
45150 19449 66774 4912 45211
45149 22488 86541 2723 45211
45147 41198 74737 5366 45211
45151 37078 84893 6116 45211
45148 29244 69986 6695 45211
45154 30777 62732 3003 45211
45152 22039 55031 5415 45211
45152 9966 79436 5117 45211
45149 30967 64814 9101 45211
45147 12150 79706 1995 45211
45147 40279 61125 5334 45211
45148 40002 71345 6964 45211
45151 33412 59721 2423 45211
45151 28939 82458 2123 45211
45148 37024 70000 9454 45211
45149 37567 59347 6228 45211
45154 26607 85189 6699 45211
45148 15190 75156 2389 45211
45154 34135 76972 2911 45211
45151 43722 64230 1003 45211
45151 37892 54691 653 45211
45151 27625 87032 8910 45211
45148 18723 63632 8040 45211
45151 27233 81171 8417 45211
45147 19890 84689 5765 45211
45149 20163 62250 1769 45211
45154 24048 84809 4489 45211
45154 27752 69766 4882 45211
45147 41824 81881 9269 45211
45153 15990 85526 4377 45211
45148 40453 76129 4191 45211
45150 29627 76702 8220 45211
45147 17900 69915 4689 45211
45151 20673 85598 967 45211
45154 18639 60102 4356 45211
45150 41986 85944 4079 45211
45150 41464 64395 3872 45211
45148 42935 59765 1715 45211
45147 19280 59123 6227 45211
45151 26420 85383 5802 45211
45154 33337 56466 6171 45211
45145 27609 65313 45 45211
45137 21895 57517 4092 45211
45141 19813 58137 8488 45211
45142 27578 62087 8927 45211
45144 19960 56745 8508 45211
45146 30798 85693 2198 45211
45139 44949 75693 7511 45211
45140 40353 71363 6750 45211
45146 22981 59966 6814 45211
45139 41056 64766 2013 45211
45146 29426 70729 1119 45211
45139 27377 64774 1811 45211
45140 37312 59218 8603 45211
45141 15122 54616 8500 45211
45138 13467 59878 3629 45211
45143 24088 82183 8713 45211
45142 25085 60494 3975 45211
45145 30681 83672 7711 45211
45140 25296 77525 3702 45211
45140 14405 56179 468 45211
45146 40749 63124 9078 45211
45143 38080 77805 8671 45211
45139 12486 74240 1953 45211
45137 10213 85297 5009 45211
45139 17765 62268 1858 45211
45140 30573 69727 7520 45211
45145 43677 68388 4948 45211
45144 28645 80275 9467 45211
45141 29300 54879 6225 45211
45139 40545 55693 7934 45211
45139 20359 80971 6144 45211
45140 29011 58700 2830 45211
45137 11373 67982 7563 45211
45142 38850 68298 7771 45211
45142 36767 78818 7978 45211
45143 37765 87709 1860 45211
45138 41705 82641 757 45211
45146 18734 64322 3658 45211
45146 34344 86488 1813 45211
45143 25055 64385 2338 45211
45145 44013 82996 7909 45211
45138 17117 75955 8973 45211
45139 41494 79501 5693 45211
45137 13851 87195 2155 45211
45139 12079 83817 2304 45211
45143 13875 70662 1020 45211
45207 38010 83248 9030 45211
45197 16313 57676 3529 45211
45200 20456 81962 316 45211
45203 19790 67525 4949 45211
45205 39575 87734 9265 45211
45200 13711 87711 5278 45211
45197 20313 54487 5855 45211
45206 10210 59873 6669 45211
45202 25387 63627 8163 45211
45204 30579 82166 2964 45211
45207 10877 84527 881 45211
45202 11839 79030 9331 45211
45204 12777 78287 1742 45211
45197 22639 65415 992 45211
45207 32995 63321 6553 45211
45202 21955 59367 5036 45211
45201 16965 79577 6340 45211
45202 36662 68840 8191 45211
45200 37930 81574 6773 45211
45200 29575 61849 5145 45211
45207 32427 64007 7055 45211
45203 36294 63398 4475 45211
45195 27492 82809 4110 45211
45193 38022 84438 1106 45211
45187 37864 86765 5394 45211
45193 29377 72650 1499 45211
45194 28247 75129 860 45211
45189 45127 79551 6516 45211
45188 19375 73145 7212 45211
45195 13974 59486 2960 45211
45187 17444 63400 142 45211
45192 38076 74337 5227 45211
45190 14585 55721 375 45211
45190 23281 60332 833 45211
45196 33632 87079 4981 45211
45196 12265 67918 1562 45211
45189 27970 65839 902 45211
45196 26542 66884 8448 45211
45193 9935 77962 7896 45211
45195 17891 86069 6234 45211
45187 42000 86367 8690 45211
45179 42059 66337 2702 45211
45182 40551 85592 296 45211
45176 22401 82903 1028 45211
45174 13995 82472 2267 45211
45179 12975 62662 1351 45211
45175 17065 54523 6081 45211
45176 44887 82509 4093 45211
45179 42071 70991 2401 45211
45175 17565 82197 6053 45211
45177 40503 85939 861 45211
45178 44196 66779 6116 45211
45177 38889 69731 9415 45211
45179 40993 75138 2781 45211
45180 13055 85031 8988 45211
45184 41010 69021 3947 45211
45181 20716 61868 3607 45211
45179 10131 75862 1706 45211
45178 26019 79323 584 45211
45177 40662 66630 8450 45211
45178 26818 61450 8506 45211
45179 41851 61426 8378 45211
45181 18004 57747 1011 45211
45185 41947 55347 8850 45211
45175 38151 56089 6230 45211
45175 19808 67091 8074 45211
45183 42468 72677 5048 45211
45183 33703 57299 781 45211
45179 25652 77300 8883 45211
45180 23258 59358 3883 45211
45182 37392 57728 7334 45211
45179 40521 59136 4968 45211
45178 28561 58130 8281 45211
45182 11853 86919 5644 45211
45177 19164 75437 7273 45211
45174 18513 62887 5187 45211
45171 22663 76634 8913 45211
45172 28187 70599 4004 45211
45173 35078 73382 1631 45211
45171 33829 70793 5059 45211
45171 13173 71078 4119 45211
45166 26507 61296 7731 45211
45173 30451 70379 7450 45211
45164 40221 60084 6831 45211
45165 41436 57914 7736 45211
45171 23599 75443 922 45211
45166 32208 85338 60 45211
45167 36371 84790 5412 45211
45170 36613 56005 3457 45211
45173 32520 57256 9548 45211
45168 12131 66581 5451 45211
45167 41350 77408 2408 45211
45172 38569 78808 4163 45211
45164 25575 81487 8489 45211
45163 29235 86551 4142 45211
45173 10108 78363 6238 45211
45171 40259 76883 1277 45211
45165 12736 61463 5606 45211
45164 40864 73865 3746 45211
45171 19398 87660 8056 45211
45168 18448 85369 3329 45211
45165 23928 78648 8888 45211
45171 18530 77313 4312 45211
45162 44569 61713 5420 45211
45155 37652 86944 4752 45211
45155 39189 71344 6166 45211
45156 26195 62877 1673 45211
45156 41033 68358 4819 45211
45156 24717 58537 1691 45211
45157 29930 70889 3353 45211
45156 40683 59551 7358 45211
45162 30358 80623 8759 45211
45158 12818 59639 1781 45211
45155 36372 59137 6780 45211
45157 42285 71678 3541 45211
45157 12728 56526 7119 45211
45159 20258 81820 7704 45211
45155 15988 74229 6658 45211
45160 32807 56573 6388 45211
45157 37895 61143 7399 45211
45160 29170 66527 7353 45211
45157 15626 66214 124 45211
45158 17274 61709 8558 45211
45161 37226 55729 5937 45211
45156 40926 64276 7777 45211
45156 12710 83272 511 45211
45162 39085 85753 3759 45211
45158 34500 79296 4342 45211
45159 35523 66031 4404 45211
45159 34766 73481 2535 45211
45162 19049 55749 8719 45211
45156 17127 60338 8957 45211
45161 23553 55685 3650 45211
45155 15542 60357 1076 45211
45160 40508 77756 7886 45211
45157 26528 63973 2505 45211
45147 36889 70605 4718 45211
45151 41266 76562 924 45211
45153 19406 67941 4297 45211
45151 37059 72413 5975 45211
45151 24988 63428 6750 45211
45152 14360 64246 6995 45211
45150 21227 73316 9030 45211
45150 39562 74504 9529 45211
45153 26743 71912 3133 45211
45153 15279 64500 2547 45211
45149 15351 84643 3414 45211
45154 34550 56470 9480 45211
45147 12230 63555 7599 45211
45153 20188 59332 9108 45211
45150 14955 55708 6821 45211
45149 36922 82259 6609 45211
45150 17296 75209 4538 45211
45151 29161 86759 5129 45211
45154 16161 86744 5859 45211
45151 15756 60329 2175 45211
45149 37350 87555 5445 45211
45147 34507 75400 5615 45211
45147 37817 83507 5274 45211
45149 22783 61033 384 45211
45152 33192 84824 919 45211
45147 22077 58226 4823 45211
45147 14049 82915 4634 45211
45150 16890 72958 8471 45211
45153 16348 54816 9504 45211
45151 13576 78114 5365 45211
45152 22085 60823 9372 45211
45153 10417 59803 7699 45211
45149 36141 83424 5911 45211
45151 31859 86273 892 45211
45143 42436 76790 2000 45211
45137 34466 60209 6646 45211
45140 13148 86971 2034 45211
45145 32582 87156 5953 45211
45145 21969 57550 2815 45211
45137 32185 85290 6924 45211
45142 11433 58193 98 45211
45145 26614 64462 504 45211
45143 22308 84740 2226 45211
45143 14150 77174 7348 45211
45146 27494 67276 9227 45211
45146 26927 66045 1456 45211
45137 24577 58379 6411 45211
45144 38125 81188 777 45211
45143 26377 73109 2888 45211
45144 21266 65581 3229 45211
45144 18503 57087 828 45211
45137 20967 56583 143 45211
45141 15143 56572 2881 45211
45146 44701 60264 7956 45211
45137 11996 59872 2933 45211
45143 39769 60847 6224 45211
45145 22313 83894 7614 45211
45138 39531 73376 921 45211
45138 10558 61500 9601 45211
45141 41803 73119 4808 45211
45140 40956 71458 6072 45211
45140 10980 58493 2592 45211
45137 31069 85750 681 45211
45139 26053 64366 1271 45211
45140 19133 60972 2935 45211
45141 21214 85219 3114 45211
45140 12807 55663 1245 45211
45143 39971 80391 1259 45211
45138 12761 74496 6111 45211
45146 42113 62011 4257 45211
45145 30106 79142 5299 45211
45146 31704 55642 1723 45211
45142 22734 83948 7897 45211
45146 34175 77179 8356 45211
45202 29786 87504 9376 45211
45205 24336 63865 7453 45211
45203 38450 76981 4233 45211
45205 12301 59441 8480 45211
45201 34208 76932 3080 45211
45205 30396 70475 9470 45211
45204 31445 68044 8563 45211
45204 22131 79094 7710 45211
45206 31843 85226 7166 45211
45205 36999 74578 5813 45211
45197 24349 54543 569 45211
45198 36349 87835 9059 45211
45200 26237 83916 1222 45211
45205 39035 87812 9065 45211
45197 15106 78888 7772 45211
45199 19858 54939 7135 45211
45197 40290 85067 3324 45211
45203 13774 60357 3917 45211
45198 32414 70771 9378 45211
45202 18759 68308 7056 45211
45202 11691 57645 8917 45211
45194 12898 58847 5521 45211
45194 13545 84509 4953 45211
45192 15443 83051 3492 45211
45187 37709 55959 9491 45211
45195 38232 87904 3369 45211
45188 30176 83839 1703 45211
45196 35110 54692 4579 45211
45196 41059 80592 9510 45211
45186 34870 59571 2613 45211
45188 13436 84019 4729 45211
45186 27055 64264 6845 45211
45196 29016 75541 8224 45211
45189 35877 78836 8342 45211
45189 39338 74106 2126 45211
45190 37590 57102 1212 45211
45186 20625 62788 7757 45211
45190 31852 64273 4536 45211
45190 12501 65800 3551 45211
45184 10944 76110 2154 45211
45184 44718 54796 4347 45211
45179 16246 74703 2 45211
45174 23464 81415 1267 45211
45181 42537 57872 9473 45211
45184 40998 60641 8498 45211
45176 37281 67650 3239 45211
45179 31097 73031 6499 45211
45177 34265 76512 1816 45211
45175 10061 59816 2784 45211
45178 38663 75530 6344 45211
45178 31549 67215 5170 45211
45180 37035 64356 3621 45211
45178 20443 84693 3521 45211
45185 38879 62074 5964 45211
45185 15818 68589 1799 45211
45179 32963 68302 6282 45211
45176 25736 59691 8751 45211
45174 13792 55557 8856 45211
45174 21072 80274 2850 45211
45185 31897 72904 9234 45211
45175 29183 60450 7645 45211
45175 28230 81510 8094 45211
45181 10051 58606 1998 45211
45183 38705 75341 3992 45211
45165 39805 71290 286 45211
45167 30275 80042 6801 45211
45165 28226 85698 71 45211
45169 44448 55655 7510 45211
45171 16342 55173 3111 45211
45165 33951 75545 8604 45211
45164 27007 61561 656 45211
45163 40854 58837 4052 45211
45173 13505 63961 6530 45211
45163 33112 86970 3388 45211
45163 34018 68321 9405 45211
45164 44677 73347 780 45211
45164 30391 55857 3194 45211
45173 13980 63423 3171 45211
45171 28574 55125 437 45211
45173 24504 71276 5976 45211
45171 31777 59857 5116 45211
45163 43504 73793 52 45211
45165 42340 85358 7896 45211
45165 43162 60811 1150 45211
45172 38162 64746 1943 45211
45173 14388 87056 7741 45211
45168 10324 67007 8233 45211
45172 25371 56184 8135 45211
45162 36038 84829 3071 45211
45161 35664 56280 6756 45211
45162 37474 80448 9040 45211
45160 16770 68682 5745 45211
45160 36656 74558 2963 45211
45158 12253 60065 6289 45211
45155 40312 74780 5010 45211
45160 26339 61037 2280 45211
45162 22659 69577 5080 45211
45160 28147 62708 9238 45211
45156 35992 72273 3069 45211
45156 36998 76425 196 45211
45155 13785 64294 1693 45211
45160 30167 63742 4 45211
45158 45115 76338 4785 45211
45161 22992 79871 6835 45211
45157 10005 54647 1338 45211
45155 30912 80709 679 45211
45161 26689 75052 9039 45211
45160 44783 55463 6614 45211
45161 18214 56244 8588 45211
45160 25975 58776 413 45211
45157 38648 59396 1032 45211
45161 31184 86245 2647 45211
45158 15937 72376 9013 45211
45158 33794 55139 7097 45211
45155 12212 74345 2002 45211
45156 15992 70400 8975 45211
45156 27659 70721 8842 45211
45157 22109 64622 7094 45211
45162 29980 55327 7232 45211
45162 29818 67206 935 45211
45162 28023 85404 9683 45211
45161 11018 69831 1105 45211
45161 13931 64370 8025 45211
45152 25595 54601 3614 45211
45152 37504 75318 2422 45211
45147 36378 58180 6534 45211
45152 29965 82298 2003 45211
45150 26495 56522 4497 45211
45154 43402 55575 3792 45211
45153 39733 86138 6846 45211
45154 34560 66497 5392 45211
45151 43647 69754 2023 45211
45148 26930 85820 8868 45211
45149 11303 85829 1539 45211
45150 41651 71210 681 45211
45151 23858 67794 4504 45211
45149 42170 82613 9158 45211
45147 12500 62448 4146 45211
45147 26158 61360 4557 45211
45147 35569 57520 1960 45211
45152 40534 68937 4715 45211
45151 24776 60497 67 45211
45151 17126 74506 3340 45211
45153 17377 87208 559 45211
45153 31960 63989 1374 45211
45154 18418 71062 4920 45211
45153 12530 56184 7002 45211
45152 39036 57109 2465 45211
45153 12705 58090 4575 45211
45149 35488 60726 5715 45211
45147 12878 84468 2284 45211
45153 26896 67340 5981 45211
45149 28749 57271 2410 45211
45147 37605 62511 8800 45211
45153 21128 71304 78 45211
45152 33143 78391 223 45211
45148 21907 75285 5724 45211
45153 15577 74170 6919 45211
45148 21132 83286 8624 45211
45153 34708 54516 2761 45211
45148 39293 85475 8407 45211
45152 23663 87199 1813 45211
45149 38248 64354 1485 45211
45150 23271 58844 2364 45211
45147 39698 59159 3620 45211
45141 20070 77765 3637 45211
45142 40283 87399 7095 45211
45140 21233 68602 9644 45211
45143 40602 66204 3647 45211
45138 29431 59617 6461 45211
45146 39670 66903 3443 45211
45137 25389 66796 9429 45211
45144 16220 66844 6212 45211
45142 23938 57712 8540 45211
45142 26379 59536 3430 45211
45140 36199 65083 317 45211
45145 28551 82385 6368 45211
45139 39330 75803 1785 45211
45145 15947 86897 6355 45211
45137 29603 78446 3622 45211
45137 11404 82953 1192 45211
45137 19205 71183 2233 45211
45137 12505 78297 632 45211
45142 34086 67194 6275 45211
45137 38822 71633 40 45211
45139 9946 76648 3994 45211
45141 14346 57418 4819 45211
45146 40888 68998 791 45211
45141 25885 74833 7270 45211
45139 18967 60136 4307 45211
45144 44338 60270 1045 45211
45139 30518 58995 6595 45211
45141 42236 75573 4176 45211
45141 12135 65535 3463 45211
45145 32547 57348 8050 45211
45142 29334 55914 6902 45211
45145 23933 81738 7478 45211
45142 35218 85988 2934 45211
45146 24026 79514 1579 45211
45143 15343 55089 5008 45211
45200 42830 82382 758 45211
45203 36134 76855 1335 45211
45202 31215 70338 1087 45211
45200 23297 78746 6676 45211
45197 28860 79269 2225 45211
45202 21014 68773 5388 45211
45202 21268 67913 2782 45211
45199 41498 63402 1595 45211
45198 13781 59924 1195 45211
45200 41742 57177 7798 45211
45199 32191 65224 6736 45211
45206 41790 56484 8958 45211
45199 39075 55451 3467 45211
45206 14003 87868 6516 45211
45200 17284 68112 670 45211
45206 25204 74886 1948 45211
45204 29989 58666 6167 45211
45207 34197 65976 2299 45211
45204 13123 75477 5109 45211
45197 30634 70349 8910 45211
45207 41496 83362 8717 45211
45188 13105 70311 7760 45211
45190 33286 55943 1535 45211
45193 11953 87120 1280 45211
45190 36929 77386 4887 45211
45187 13911 59338 6740 45211
45189 44366 71851 4658 45211
45191 22966 55793 6756 45211
45193 34657 60127 9306 45211
45191 38211 58668 6948 45211
45189 18446 64032 8358 45211
45190 17401 58845 9283 45211
45193 40775 58816 984 45211
45193 43134 86612 2965 45211
45188 42116 84377 3925 45211
45196 28353 77162 4443 45211
45195 38707 58500 7296 45211
45193 16729 60356 6952 45211
45196 36890 73179 952 45211
45187 35565 63799 4910 45211
45187 11814 71556 1412 45211
45195 15196 59664 7100 45211
45190 13217 84681 9125 45211
45191 9907 76114 7530 45211
45190 32664 57724 148 45211
45193 23971 63019 26 45211
45177 28990 86606 5854 45211
45177 42620 63843 9702 45211
45183 14438 66801 6389 45211
45175 11981 85411 6601 45211
45179 35404 67684 4996 45211
45183 27847 84036 7334 45211
45174 17576 56435 5130 45211
45179 25911 78227 8235 45211
45177 29614 71646 6412 45211
45178 30342 70130 1868 45211
45178 14260 55919 7224 45211
45185 24546 80310 2312 45211
45177 18703 82884 232 45211
45184 26615 62630 7347 45211
45174 22406 57512 5062 45211
45185 30871 74228 7711 45211
45180 39471 85167 8879 45211
45177 42602 61697 7212 45211
45183 37925 84493 7461 45211
45176 17821 56363 6256 45211
45181 29631 56866 6589 45211
45175 35122 64718 269 45211
45184 16744 68227 7609 45211
45172 39917 66552 1553 45211
45164 27745 71274 4999 45211
45173 32258 67246 3901 45211
45169 17139 82872 5198 45211
45169 34780 62678 280 45211
45171 24034 68618 3504 45211
45165 13747 87330 4476 45211
45165 37203 56638 1301 45211
45165 20179 79961 8226 45211
45166 42033 56479 7285 45211
45169 32626 66620 8503 45211
45165 14535 71774 2028 45211
45165 38627 83811 4579 45211
45167 32254 75160 3385 45211
45164 15256 61313 8519 45211
45166 11251 86172 8535 45211
45168 39712 78989 1237 45211
45172 20855 82221 5534 45211
45171 23452 60781 6056 45211
45170 10095 57524 7253 45211
45171 42106 83679 2537 45211
45170 38265 86194 9557 45211
45172 26741 81995 9688 45211
45171 15903 64298 3014 45211
45168 18412 81245 7814 45211
45164 11490 79014 4138 45211
45155 14475 83324 9325 45211
45159 15768 72281 5682 45211
45156 23347 78139 8575 45211
45158 16875 83693 6508 45211
45160 10648 76121 2142 45211
45155 44763 84675 2274 45211
45155 18581 71685 2144 45211
45156 12502 76155 2584 45211
45156 13914 73160 2847 45211
45156 10615 83395 4683 45211
45156 12585 55823 3730 45211
45159 36776 61800 2411 45211
45162 13503 62773 3510 45211
45157 36252 81321 4964 45211
45155 18695 65106 6101 45211
45157 22860 79504 3526 45211
45160 31731 83458 8639 45211
45155 43184 65287 4904 45211
45159 30439 55632 7805 45211
45156 29475 81060 6598 45211
45155 36084 54485 4445 45211
45162 40483 79099 6686 45211
45156 13938 64729 8316 45211
45157 26866 72547 8152 45211
45158 20929 59036 1449 45211
45155 10543 81299 32 45211
45161 36030 61114 5769 45211
45156 10942 66561 1745 45211
45160 44475 57379 7561 45211
45162 25685 69879 3886 45211
45161 34023 77503 8484 45211
45161 17998 72472 3464 45211
45159 32699 64642 147 45211
45157 31163 79586 3181 45211
45162 44754 60090 1589 45211
45157 28207 71847 2827 45211
45154 26345 55148 1257 45211
45147 33129 84648 7285 45211
45148 17625 71165 5449 45211
45152 17870 86859 7346 45211
45153 31684 86745 7165 45211
45150 31538 83325 3271 45211
45154 14818 86191 5161 45211
45153 17342 86101 8418 45211
45154 15630 57851 8753 45211
45154 12271 69753 1323 45211
45150 22553 80637 698 45211
45154 34078 72089 5764 45211
45150 33008 58841 7259 45211
45149 33858 58400 4882 45211
45154 27734 66643 477 45211
45148 22107 61897 7795 45211
45148 34474 68994 9427 45211
45154 35889 65782 2512 45211
45152 43458 63827 8845 45211
45154 25881 64206 7077 45211
45153 18191 76630 2554 45211
45153 24794 77456 7434 45211
45152 40016 70980 6287 45211
45154 43840 65142 7313 45211
45149 19485 87193 5661 45211
45153 19291 83836 9195 45211
45153 25664 69733 3843 45211
45153 34828 81193 8684 45211
45149 40151 57037 2758 45211
45149 42981 84547 4965 45211
45150 39725 58454 4291 45211
45151 26259 74363 2034 45211
45151 22870 75765 7888 45211
45151 14277 58623 2598 45211
45154 19542 86783 4358 45211
45138 40507 71630 9404 45211
45142 35888 84992 308 45211
45140 27392 61656 5228 45211
45142 30361 63634 4615 45211
45138 21332 60474 3633 45211
45143 42648 67620 9054 45211
45139 28796 83692 136 45211
45144 17192 58015 9424 45211
45143 18785 63550 3938 45211
45144 43897 82908 811 45211
45139 41373 63469 2052 45211
45144 42819 77877 6687 45211
45143 27667 86276 7947 45211
45145 22300 68475 2640 45211
45144 11180 55617 7608 45211
45140 20452 57408 3596 45211
45144 29402 57921 2679 45211
45137 11589 67209 1977 45211
45141 33363 60898 2343 45211
45139 24428 63293 4423 45211
45146 41541 72116 2033 45211
45146 24822 64358 6831 45211
45140 34836 69171 1172 45211
45146 17880 75980 3738 45211
45139 25458 62738 2528 45211
45146 34501 83765 4611 45211
45141 30873 68484 4666 45211
45138 17962 81257 8290 45211
45138 15422 55333 879 45211
45139 37911 64725 547 45211
45146 15955 58619 6743 45211
45143 25790 61575 7701 45211
45145 13062 79921 7387 45211
45143 29582 57031 8077 45211
45145 27445 74160 7823 45211
45137 41779 66881 8742 45211
45138 32954 69963 6876 45211
45146 9794 57365 2786 45211
45142 23556 56935 150 45211
45145 18462 63686 4271 45211
45139 18921 86419 7582 45211
45143 28616 55205 4647 45211
45145 14727 67625 9637 45211
45140 43055 71496 3136 45211
45145 23341 84905 7417 45211
45143 41649 64590 2493 45211
45206 33158 69951 9680 45211
45198 18994 57461 293 45211
45198 18500 86506 2501 45211
45198 32637 84115 4715 45211
45201 28788 87640 3579 45211
45204 35504 66724 1446 45211
45201 12605 61816 8440 45211
45207 17285 76092 4876 45211
45206 24655 55812 5711 45211
45197 37372 86367 1339 45211
45205 11789 54692 3027 45211
45197 44135 66310 7938 45211
45198 12475 68981 1098 45211
45197 33913 63795 2173 45211
45201 30888 63936 5818 45211
45200 26355 64633 2415 45211
45207 33324 65279 5168 45211
45200 15348 59688 3604 45211
45198 23296 83636 4885 45211
45198 32848 62425 8646 45211
45198 16158 70847 2418 45211
45204 27025 73204 5780 45211
45186 34346 82734 7608 45211
45194 35368 71458 3810 45211
45196 34429 73798 175 45211
45194 19828 76537 3166 45211
45188 28886 68084 9173 45211
45188 35494 87334 704 45211
45190 11476 82522 4857 45211
45194 24391 77470 8364 45211
45186 23745 61422 7356 45211
45189 44548 86858 5 45211
45194 31796 59232 9635 45211
45188 21296 65958 6933 45211
45196 38451 87614 5852 45211
45186 38875 63177 5228 45211
45193 30914 80296 7232 45211
45189 22591 72354 3808 45211
45193 11161 87895 124 45211
45189 34518 62034 1584 45211
45190 13521 66430 7601 45211
45193 10400 70848 5300 45211
45195 32606 74945 5537 45211
45191 27600 57197 6392 45211
45196 22432 82916 2342 45211
45179 29271 82792 5747 45211
45185 14154 83439 2526 45211
45178 29493 70061 8884 45211
45179 28491 80413 8018 45211
45179 28434 75708 9191 45211
45183 10121 75724 6191 45211
45179 33082 56821 369 45211
45179 9708 57760 9559 45211
45176 23337 78977 8032 45211
45183 10948 74795 6046 45211
45174 34273 84884 4503 45211
45184 40744 56500 9255 45211
45176 18249 59755 3160 45211
45177 39765 57979 6222 45211
45185 16537 69595 6423 45211
45175 12964 86784 5673 45211
45185 15012 58425 7896 45211
45178 34817 72641 7003 45211
45183 19695 57817 2064 45211
45180 11423 61652 1181 45211
45178 36010 84624 5557 45211
45180 12539 63553 3772 45211
45175 20478 78103 4880 45211
45171 20750 57743 4518 45211
45170 32154 68915 9157 45211
45165 28556 68360 1723 45211
45168 24501 69352 5097 45211
45169 38483 70953 1780 45211
45163 14416 66381 8709 45211
45171 28837 62795 1448 45211
45163 31794 59359 7018 45211
45164 23837 62891 3646 45211
45167 20012 59139 4826 45211
45164 27012 85890 8343 45211
45164 15023 71549 8277 45211
45171 42756 56516 388 45211
45163 33272 74712 1820 45211
45170 25009 67649 8423 45211
45172 32899 85768 4097 45211
45161 39260 87280 7749 45211
45155 33892 71358 1111 45211
45162 24963 62806 8626 45211
45161 28808 73130 71 45211
45155 28635 71701 6835 45211
45156 24747 82714 6742 45211
45157 11386 59562 1179 45211
45158 17829 80598 1759 45211
45156 16235 77714 2056 45211
45159 44657 68379 8408 45211
45157 35669 84062 4306 45211
45160 26165 63407 3460 45211
45156 18082 59852 5197 45211
45161 20728 76559 2143 45211
45160 41889 61469 5440 45211
45156 20094 69624 5131 45211
45159 28801 83420 5731 45211
45160 16522 78570 9407 45211
45155 30031 56489 7839 45211
45156 34673 63583 2290 45211
45159 11078 56112 5768 45211
45159 33345 54478 7796 45211
45162 18959 71159 6541 45211
45155 23993 62709 7386 45211
45156 14550 73579 3030 45211
45162 29138 85807 7649 45211
45157 23009 72017 3842 45211
45160 13673 82343 7511 45211
45155 16172 68908 4018 45211
45160 28204 72578 1576 45211
45148 33455 83212 5628 45211
45153 24748 67865 516 45211
45149 12349 58109 9308 45211
45153 42294 87450 6805 45211
45147 22626 65086 7515 45211
45148 33404 70255 2051 45211
45151 34122 56017 3122 45211
45152 31653 86628 6302 45211
45150 14511 86100 7203 45211
45151 29019 79233 7957 45211
45148 27488 86256 1524 45211
45149 16612 86973 2553 45211
45150 17310 57932 8080 45211
45153 19704 67712 9264 45211
45148 14020 54752 5152 45211
45151 12430 79895 2130 45211
45149 21150 85839 2585 45211
45148 25640 60716 3149 45211
45148 10769 55098 4752 45211
45149 19885 65766 42 45211
45148 28943 87587 3806 45211
45137 19272 75111 5916 45211
45143 30030 64049 4266 45211
45142 12128 64603 3860 45211
45144 23879 70604 9142 45211
45139 44974 82500 2108 45211
45144 24056 77840 4012 45211
45144 10189 64323 4017 45211
45142 28237 61512 5158 45211
45146 23551 84247 1114 45211
45137 38488 64003 7988 45211
45144 32871 60773 7737 45211
45140 27655 69743 6520 45211
45141 15573 83563 4915 45211
45146 25977 58838 9561 45211
45144 40947 77658 7368 45211
45146 13367 71677 3587 45211
45141 42982 57423 5970 45211
45138 27817 79006 4295 45211
45138 40192 69503 3538 45211
45144 36040 63680 1494 45211
45143 25782 60382 9407 45211
45144 30679 69783 1751 45211
45145 13120 81423 8100 45211
45146 40886 74627 372 45211
45146 43539 85321 4450 45211
45146 12010 82750 8659 45211
45144 32071 81381 6201 45211
45143 34055 74432 676 45211
45139 41759 85437 924 45211
45141 20756 68476 6446 45211
45143 38901 84666 7573 45211
45138 38885 56738 9572 45211
45143 24017 74739 8189 45211
45143 42299 67133 4601 45211
45146 19323 59949 3021 45211
45141 30879 87642 2289 45211
45144 44682 56963 2939 45211
45141 35941 61271 1142 45211
45140 40975 65922 9541 45211
45142 12536 58121 4355 45211
45146 19764 81847 3698 45211
45140 29725 56667 4915 45211
45137 38357 66813 9024 45211
45145 10698 61415 3122 45211
45204 34064 63470 6360 45211
45201 27665 71408 2905 45211
45207 26320 71931 2900 45211
45199 29847 70178 1927 45211
45197 32137 56763 612 45211
45205 40880 55577 4718 45211
45207 13838 63556 5506 45211
45205 15133 76159 5418 45211
45200 37782 62319 8675 45211
45203 12058 62261 8583 45211
45203 20631 81479 4761 45211
45204 44890 60477 7085 45211
45206 14989 60719 4579 45211
45206 12738 63120 7890 45211
45203 23042 55913 1720 45211
45201 38038 84989 2821 45211
45201 10501 77907 3225 45211
45198 11444 79183 9130 45211
45206 24854 58210 2044 45211
45202 38676 82833 6919 45211
45205 39276 63693 1914 45211
45199 27198 79445 6466 45211
45199 19998 75998 293 45211
45198 24490 85848 7224 45211
45199 18784 74793 329 45211
45203 10403 58756 9086 45211
45200 9780 81241 8263 45211
45202 15985 63211 8638 45211
45204 37929 78913 5293 45211
45187 42795 78071 7392 45211
45186 31637 85913 3328 45211
45196 10232 75146 3993 45211
45196 37224 63214 923 45211
45196 12965 55759 8359 45211
45194 23092 75523 4912 45211
45193 23253 54569 7060 45211
45196 22034 57360 4964 45211
45187 39590 82218 5646 45211
45188 15039 82801 9199 45211
45192 21270 75715 8919 45211
45190 10874 81804 1438 45211
45194 31598 87621 4411 45211
45190 15197 58201 9148 45211
45193 13952 77756 9243 45211
45195 39668 61452 8927 45211
45189 16878 62724 4692 45211
45186 36426 87088 9526 45211
45196 15053 63294 5086 45211
45186 19328 71356 4655 45211
45194 27671 77780 5449 45211
45195 22272 77458 2086 45211
45186 30756 77546 2722 45211
45196 29956 85893 7961 45211
45190 29421 73353 2110 45211
45184 20079 78179 916 45211
45184 12337 82529 4732 45211
45174 24099 67387 1254 45211
45184 19156 56186 66 45211
45174 20770 82955 7965 45211
45179 30837 81389 1890 45211
45176 23114 58278 5866 45211
45175 43705 57720 373 45211
45184 26060 60511 103 45211
45181 12679 84066 1412 45211
45174 31059 55472 6488 45211
45176 10003 83655 3311 45211
45185 23090 56885 3797 45211
45177 15553 65555 1779 45211
45178 39230 62785 7488 45211
45181 12970 74921 7345 45211
45179 36914 64120 137 45211
45185 10991 63783 2432 45211
45167 11907 69467 1622 45211
45167 40201 61184 6177 45211
45170 10937 85027 4209 45211
45167 14647 74723 5065 45211
45167 28537 66782 1010 45211
45166 43389 59540 3694 45211
45171 41896 58516 1346 45211
45168 18942 63763 472 45211
45168 40506 59486 7428 45211
45165 32523 68520 9345 45211
45164 43535 68269 2822 45211
45167 14519 54700 748 45211
45171 19919 59285 3649 45211
45167 10052 58799 9613 45211
45171 25672 62687 899 45211
45165 30584 83182 3809 45211
45163 44197 61238 3114 45211
45166 22463 82123 7578 45211
45170 39504 65879 4828 45211
45170 28916 57321 2380 45211
45165 41237 57521 2239 45211
45164 16616 74693 4150 45211
45164 14225 60902 8692 45211
45167 25450 63221 4630 45211
45155 12950 56077 7989 45211
45156 23522 85881 8721 45211
45155 39507 83001 1531 45211
45156 40051 81426 1531 45211
45162 29539 86788 4997 45211
45157 14618 63410 998 45211
45156 15906 62410 1273 45211
45158 22237 86588 4370 45211
45159 11318 67174 715 45211
45158 17979 57205 9482 45211
45160 38609 56412 1271 45211
45160 26979 62344 4934 45211
45155 31931 78673 5135 45211
45161 21023 87513 9123 45211
45161 28209 67785 4404 45211
45162 27987 83446 3776 45211
45161 10096 68923 9462 45211
45156 16554 76087 5646 45211
45161 26730 86957 8844 45211
45161 22135 55081 6094 45211
45157 14716 82773 4287 45211
45160 22948 64729 803 45211
45156 32190 81745 5656 45211
45160 17491 58215 7531 45211
45161 18904 56901 32 45211
45159 34278 81736 619 45211
45160 27093 87144 2121 45211
45156 33489 69921 5 45211
45157 33695 87753 5088 45211
45157 34746 61325 9151 45211
45162 27348 72308 2578 45211
45161 10670 76212 625 45211
45156 41902 62817 9173 45211
45158 36556 57050 2610 45211
45162 42053 70344 1003 45211
45158 11034 67753 2853 45211
45158 36201 74696 1857 45211
45157 27155 70718 5014 45211
45161 42313 57489 1659 45211
45155 22622 82255 2350 45211
45158 20503 85439 5387 45211
45156 19951 60271 1051 45211
45153 26776 64344 6376 45211
45153 41884 59520 162 45211
45154 36044 70267 2387 45211
45149 15872 87729 407 45211
45153 32736 78402 7449 45211
45152 39856 64677 2828 45211
45147 28444 55237 5231 45211
45148 16346 56352 2306 45211
45149 22419 78559 1100 45211
45153 30966 70629 7469 45211
45147 37806 79247 7260 45211
45153 13098 86689 8699 45211
45148 14814 63057 3344 45211
45154 14262 76731 4039 45211
45150 25555 58493 2268 45211
45149 10022 68921 7146 45211
45154 44695 59554 9348 45211
45153 32315 76538 764 45211
45147 29803 83585 6018 45211
45149 28701 65704 7851 45211
45148 19444 55770 5596 45211
45151 13658 67455 1085 45211
45147 42671 61981 7092 45211
45153 36086 85759 8472 45211
45154 27501 68580 5371 45211
45148 44634 84325 1808 45211
45151 30179 76394 6772 45211
45140 17323 84340 5075 45211
45145 19400 63044 7506 45211
45143 26687 75668 5945 45211
45144 38068 56956 8936 45211
45146 34761 78386 4937 45211
45145 32549 56128 3049 45211
45142 29285 75249 4738 45211
45144 16278 57885 1031 45211
45140 21845 65731 7558 45211
45137 36861 70270 5313 45211
45140 14709 58308 3922 45211
45146 25266 85465 8655 45211
45141 44090 57706 5239 45211
45141 42081 65091 1321 45211
45142 42354 60084 3735 45211
45144 15209 59546 9086 45211
45138 28376 86775 905 45211
45139 28995 83830 711 45211
45138 32834 69281 6814 45211
45144 18248 65798 5578 45211
45138 37247 66930 4732 45211
45138 42821 61186 8375 45211
45143 12113 60183 5937 45211
45137 23176 79002 2004 45211
45146 13196 66531 7777 45211
45141 37443 81665 8703 45211
45139 12434 65867 4436 45211
45138 14784 55975 4350 45211
45141 30867 73312 9280 45211
45143 42837 84306 9442 45211
45144 36403 69969 2119 45211
45137 38406 74842 7275 45211
45145 28797 75652 2339 45211
45137 21084 72264 2516 45211
45141 16483 86417 748 45211
45137 41646 56269 7754 45211
45140 17061 79756 7716 45211
45145 37490 87517 4460 45211
45141 41172 74197 1944 45211
45140 39797 77521 8011 45211
45145 28125 68367 5686 45211
45141 19671 86323 7692 45211
45146 15696 64954 2502 45211
45145 22786 87472 8571 45211
45145 38421 78177 8388 45211
45142 37424 58012 2167 45211
45137 36958 76895 2465 45211
45146 42367 64324 5702 45211
45143 26341 82408 6579 45211
45146 13169 62906 4264 45211
45142 28398 60523 8776 45211
45204 37929 78913 5293 45211
45197 23294 59377 1786 45211
45199 34383 87443 3439 45211
45200 29038 74030 2248 45211
45207 25127 61438 5385 45211
45198 34877 84791 2425 45211
45204 36939 61190 6923 45211
45202 25481 60062 8570 45211
45203 23316 70369 817 45211
45202 26773 59789 870 45211
45206 10926 65991 3760 45211
45199 17790 64797 6310 45211
45207 18746 75800 7652 45211
45207 20591 82855 3696 45211
45200 43497 83353 4669 45211
45198 24116 85132 8078 45211
45206 27252 75625 4413 45211
45202 13423 77574 1871 45211
45204 21370 67121 8991 45211
45206 39636 80375 5517 45211
45201 25270 75295 3244 45211
45204 14055 87606 8070 45211
45203 13956 54946 5842 45211
45201 23003 77652 1831 45211
45206 25375 62043 5036 45211
45196 30357 73697 4564 45211
45192 32615 63367 4476 45211
45194 12146 83296 9100 45211
45193 40074 87575 7641 45211
45196 29747 70344 2995 45211
45196 32157 70397 9246 45211
45188 12076 55592 6361 45211
45194 34139 76444 5876 45211
45186 30341 64216 9642 45211
45193 31743 59575 3249 45211
45192 23654 59473 3258 45211
45187 10107 69574 9244 45211
45195 25734 55367 3174 45211
45191 36459 63179 4997 45211
45193 30224 65333 5069 45211
45196 24855 72190 6393 45211
45192 38167 84424 2955 45211
45193 12775 82461 5423 45211
45188 41987 87081 3581 45211
45194 15920 63560 3800 45211
45196 22641 87207 6648 45211
45196 37639 75498 6759 45211
45182 22732 75896 4120 45211
45178 41137 81909 7229 45211
45185 18844 64319 1085 45211
45181 39009 81572 6829 45211
45177 41772 61312 4756 45211
45176 20170 61918 1191 45211
45176 29052 75251 2786 45211
45180 35801 78994 880 45211
45185 27036 56198 8662 45211
45181 36643 58544 8917 45211
45184 31210 57145 407 45211
45175 28167 77890 4312 45211
45180 42665 85206 3239 45211
45176 17933 74531 5153 45211
45182 38817 62020 8878 45211
45178 34728 74625 7801 45211
45178 17910 63289 8122 45211
45175 34951 84504 8069 45211
45181 36182 84095 6885 45211
45175 29867 70552 3508 45211
45179 41203 68711 7645 45211
45178 19622 82159 4536 45211
45178 14196 72445 4580 45211
45174 35676 75373 2899 45211
45182 17239 66078 6220 45211
45176 25801 55934 2724 45211
45175 12245 71383 3051 45211
45176 18246 66602 8284 45211
45183 37018 54662 6528 45211
45164 13837 79531 7812 45211
45170 19693 72018 2992 45211
45169 12407 75952 29 45211
45164 31842 64149 2270 45211
45171 34236 73873 670 45211
45166 35960 78077 8920 45211
45164 42711 85394 2041 45211
45166 21941 78118 838 45211
45163 29585 71538 5536 45211
45170 15120 60636 610 45211
45170 41229 63930 5708 45211
45173 28267 60500 9423 45211
45164 26103 66158 9017 45211
45171 24380 84650 4220 45211
45172 37214 64924 3570 45211
45169 16834 68404 8777 45211
45166 20230 65525 3987 45211
45168 25899 57721 3707 45211
45159 21187 83368 4785 45211
45162 37368 84943 6489 45211
45162 44486 66361 5398 45211
45159 30631 74310 4472 45211
45155 18240 83584 6832 45211
45156 38505 85488 5499 45211
45158 32508 64560 7648 45211
45157 30019 73006 1910 45211
45162 43774 82228 4206 45211
45160 28626 77664 3040 45211
45162 15509 85351 7013 45211
45155 11519 63335 4220 45211
45160 26471 86025 6873 45211
45155 28430 83297 6346 45211
45159 15172 85432 546 45211
45155 13947 77710 1275 45211
45162 32380 63035 7727 45211
45157 22886 60032 5807 45211
45162 29380 75764 8105 45211
45156 40065 67778 7166 45211
45158 30606 69235 6828 45211
45160 29848 66393 5431 45211
45155 11666 67524 1911 45211
45156 29948 62893 8912 45211
45161 14983 86786 3212 45211
45160 25247 60534 4305 45211
45162 35702 87759 6444 45211
45162 42087 62077 5554 45211
45159 15919 72625 52 45211
45160 38789 56776 896 45211
45159 27335 87802 6773 45211
45160 19390 69222 8205 45211
45162 20949 77668 4491 45211
45160 17718 64439 1365 45211
45150 30282 80767 4847 45211
45148 43076 69793 2660 45211
45151 25925 54825 5260 45211
45149 25288 64350 3009 45211
45153 32992 78102 1874 45211
45153 28311 66965 1569 45211
45152 32499 78172 386 45211
45148 16932 68516 928 45211
45147 12303 79776 5628 45211
45153 30339 63125 3906 45211
45147 39701 63968 4650 45211
45153 37160 80321 6395 45211
45150 43611 58963 9591 45211
45153 28176 63016 5999 45211
45151 36498 76007 1385 45211
45153 32565 66094 9245 45211
45150 41323 86904 4984 45211
45153 30452 57080 36 45211
45154 43152 66369 1021 45211
45149 19150 79828 4529 45211
45154 40817 86539 6534 45211
45148 10442 77244 750 45211
45150 13948 85763 4696 45211
45153 40962 79656 4923 45211
45147 24638 78348 4553 45211
45149 10838 60420 2939 45211
45150 43538 84470 9220 45211
45149 12631 82652 5285 45211
45149 11370 75578 3074 45211
45152 35727 83567 1511 45211
45139 33883 55982 5956 45211
45137 35861 59180 5672 45211
45137 44736 78526 6001 45211
45145 20340 71514 7127 45211
45137 16481 65789 7977 45211
45142 24245 62062 9254 45211
45144 40161 82805 4788 45211
45141 12470 82432 11 45211
45146 16351 79510 1226 45211
45144 9741 78867 5925 45211
45139 23593 63891 2666 45211
45140 16860 64124 5098 45211
45143 36327 65823 5200 45211
45137 26238 74376 2371 45211
45146 37472 74567 3818 45211
45139 33542 61673 841 45211
45146 22496 83941 1219 45211
45145 41990 79060 425 45211
45138 39320 87592 19 45211
45141 18270 79125 7141 45211
45145 32280 63238 5983 45211
45145 31375 80974 2016 45211
45145 34881 58743 8275 45211
45141 37836 65398 2954 45211
45139 22241 63015 2542 45211
45139 32179 60095 1682 45211
45140 35843 56905 6011 45211
45139 33152 81139 9160 45211
45140 37487 87809 1094 45211
45137 36424 57041 1842 45211
45145 41204 62483 8557 45211
45139 24978 76355 3304 45211
45144 28928 87485 8753 45211
45144 37990 65311 8593 45211
45144 12354 61928 4510 45211
45141 39495 61818 3481 45211
45146 41109 85164 8441 45211
45144 23084 75666 9250 45211
45146 11230 78250 9375 45211
45198 35235 60051 5148 45211
45202 35137 60041 2926 45211
45202 23391 72349 562 45211
45206 12205 73623 8135 45211
45201 12669 63962 4215 45211
45198 44758 59017 8337 45211
45204 21286 79698 5469 45211
45202 20239 68987 4398 45211
45206 34589 73198 6442 45211
45207 17536 71740 5676 45211
45205 11042 63509 3433 45211
45199 35593 62017 549 45211
45206 25486 72976 2054 45211
45201 18164 57940 5432 45211
45204 17686 55520 993 45211
45207 36624 66864 710 45211
45205 29922 61434 150 45211
45201 39210 83229 3165 45211
45203 29101 64910 5505 45211
45202 20309 83455 3002 45211
45189 41536 82791 2078 45211
45193 28719 72542 6424 45211
45191 29342 77289 9116 45211
45187 33866 71992 8037 45211
45188 27068 74678 5836 45211
45187 35249 55814 2485 45211
45193 11155 70692 827 45211
45186 39384 54971 7036 45211
45195 21164 79563 8085 45211
45192 23055 61048 6643 45211
45194 43980 56030 8191 45211
45196 41365 55484 2434 45211
45193 20956 58520 2903 45211
45188 32393 83934 4164 45211
45189 27647 86770 7178 45211
45193 30866 74509 7042 45211
45188 12199 82588 9703 45211
45195 13459 66126 1551 45211
45187 26895 81649 8436 45211
45194 14219 86652 6283 45211
45189 34588 64496 665 45211
45190 26753 76951 2268 45211
45184 16667 55063 7168 45211
45183 31475 76791 8090 45211
45185 24862 80662 6589 45211
45180 20688 67128 8095 45211
45185 21857 57831 8267 45211
45181 34372 58402 3515 45211
45182 28685 78574 1345 45211
45175 11630 70648 8367 45211
45180 23235 82033 1881 45211
45182 35723 60358 5161 45211
45175 40932 62940 7707 45211
45175 9846 59682 4693 45211
45177 22316 68073 3872 45211
45175 39714 58814 7610 45211
45179 35259 56242 4700 45211
45175 24474 85272 3216 45211
45179 42491 55605 4361 45211
45183 20931 62416 1656 45211
45182 13525 63194 567 45211
45177 18208 80782 9360 45211
45175 19683 73597 7995 45211
45181 33977 66934 6826 45211
45178 36428 77872 3377 45211
45176 37564 65575 1248 45211
45185 22298 55930 6283 45211
45179 44116 63864 8418 45211
45179 24123 64492 3659 45211
45178 19185 76922 214 45211
45176 21867 83050 8988 45211
45181 33687 80848 2336 45211
45164 34219 69112 2724 45211
45168 33701 62846 768 45211
45166 37450 63976 3464 45211
45169 31984 68373 616 45211
45164 12413 74312 5477 45211
45165 43654 76824 8623 45211
45169 40501 57975 9133 45211
45165 33857 82158 3398 45211
45166 44619 55047 8294 45211
45172 14236 61226 8863 45211
45164 11986 55882 6402 45211
45166 18980 57996 4207 45211
45170 14103 68388 1072 45211
45163 12740 56689 5194 45211
45163 25086 85213 108 45211
45170 36763 78826 2448 45211
45163 11162 79454 1855 45211
45172 41890 76554 7072 45211
45164 11872 80322 8877 45211
45170 44759 85117 55 45211
45171 26586 74650 1508 45211
45173 9726 57890 3484 45211
45173 36260 66588 6574 45211
45164 17583 85785 2128 45211
45165 24273 78196 6865 45211
45168 24397 54870 6349 45211
45171 25382 74671 699 45211
45165 36724 84175 2817 45211
45164 28102 54579 4485 45211
45159 11497 84409 8610 45211
45158 29021 62230 5542 45211
45155 15072 86732 4475 45211
45161 20246 57419 395 45211
45161 43093 67045 5418 45211
45156 27222 79924 9390 45211
45159 21032 66873 4915 45211
45159 27790 87030 493 45211
45160 35191 63258 8177 45211
45160 28463 56695 902 45211
45162 43332 71958 270 45211
45157 31312 56136 8412 45211
45161 40655 68290 1760 45211
45155 30425 86760 3087 45211
45155 44579 68402 1920 45211
45156 29597 72396 1583 45211
45155 24798 58173 2758 45211
45155 23980 65484 6496 45211
45162 44349 54892 4678 45211
45162 38575 64347 6923 45211
45159 14921 78029 1525 45211
45162 36676 55816 9646 45211
45158 37791 59530 8806 45211
45160 29915 75898 8809 45211
45162 17167 65033 3902 45211
45156 11285 82321 5065 45211
45155 22833 77873 8854 45211
45157 12837 65673 806 45211
45161 24982 68958 497 45211
45148 36854 83202 4401 45211
45151 21218 72991 1597 45211
45150 25347 66673 2357 45211
45154 43330 74266 6767 45211
45153 15515 74152 3776 45211
45152 27242 57824 7030 45211
45151 38290 87617 6108 45211
45149 28686 65218 6037 45211
45148 26900 63826 3828 45211
45149 24484 71747 8678 45211
45148 38188 66905 2213 45211
45153 31671 66010 4852 45211
45149 16453 81506 1452 45211
45152 20282 86061 2725 45211
45151 11563 83147 1243 45211
45151 20766 79319 5603 45211
45153 11684 61986 3801 45211
45148 19564 72787 9657 45211
45153 12282 64715 3713 45211
45149 35737 60867 8903 45211
45149 44470 60218 3575 45211
45151 18179 77661 1265 45211
45151 24262 64441 7482 45211
45151 32672 56245 2130 45211
45151 18555 63749 337 45211
45153 16244 81036 3307 45211
45153 23469 71906 8341 45211
45152 19273 82240 6907 45211
45149 41757 61419 8857 45211
45143 12613 81283 994 45211
45141 18591 84849 8438 45211
45141 20792 68904 8848 45211
45143 24568 78026 4306 45211
45137 30515 75303 5625 45211
45139 35951 64314 6520 45211
45145 31528 80622 8951 45211
45139 32660 59979 711 45211
45138 26891 64600 7403 45211
45144 36672 55341 8059 45211
45137 29194 56909 7085 45211
45142 20274 78198 4308 45211
45144 43782 58881 3956 45211
45142 29331 86767 1315 45211
45142 28545 81967 8495 45211
45144 25818 60977 603 45211
45140 31444 67060 3729 45211
45143 15009 66925 190 45211
45145 37406 68173 5762 45211
45138 20623 73406 5039 45211
45142 41468 56518 8372 45211
45144 17125 58048 4271 45211
45146 40403 72025 5074 45211
45146 36049 76147 4769 45211
45145 44040 76088 1710 45211
45141 14736 82665 6834 45211
45139 16196 55582 3659 45211
45139 38374 67625 8201 45211
45141 16431 81645 8159 45211
45146 27850 63147 5878 45211
45145 38788 80068 5850 45211
45141 40933 67832 7945 45211
45145 38490 79548 991 45211
45145 27263 56168 6417 45211
45137 34062 60587 3934 45211
45145 11413 71574 1063 45211
45137 42660 86179 510 45211
45137 10073 60486 3657 45211
45144 43081 59854 4512 45211
45143 24024 81813 3265 45211
45143 30076 76847 8706 45211
45137 23134 59473 5867 45211
45201 21277 64973 973 45211
45199 27115 62240 1589 45211
45201 19362 80934 5177 45211
45204 20951 68720 93 45211
45198 23227 86976 7534 45211
45199 22834 84674 1299 45211
45206 26921 56950 2035 45211
45205 15173 57815 5885 45211
45202 12428 78294 4789 45211
45202 40090 64603 7200 45211
45201 27927 64690 9059 45211
45205 24799 64720 4711 45211
45200 36077 74101 9276 45211
45204 38471 71297 28 45211
45201 44822 62417 251 45211
45203 13538 75562 1971 45211
45204 37784 63311 7959 45211
45206 22658 60473 3168 45211
45199 30925 80344 8134 45211
45205 15356 78496 7754 45211
45200 16413 63068 9599 45211
45200 20935 56842 157 45211
45206 37008 83797 4504 45211
45200 37764 61007 6075 45211
45206 39111 61414 130 45211
45199 36055 67344 3600 45211
45197 29233 86405 7300 45211
45190 13564 68372 8427 45211
45193 44725 84969 8748 45211
45187 19325 55776 1627 45211
45193 26446 77134 135 45211
45187 40136 59791 8597 45211
45190 20321 70361 3772 45211
45192 17650 70993 2651 45211
45192 28103 68953 7306 45211
45195 15972 58358 4244 45211
45186 10668 76723 9361 45211
45187 27940 63052 316 45211
45191 20389 79338 1657 45211
45187 22555 59620 8995 45211
45188 10029 78341 672 45211
45192 28413 75892 993 45211
45196 31021 60502 4233 45211
45194 33791 68325 2878 45211
45195 21383 82701 3955 45211
45194 15922 85574 4539 45211
45191 23035 66516 5068 45211
45188 19698 84411 131 45211
45174 14968 64703 4567 45211
45180 35301 60701 3839 45211
45176 26241 65421 1323 45211
45182 19124 72034 5751 45211
45178 17331 71438 4046 45211
45174 11797 67977 5705 45211
45179 25939 85963 3313 45211
45185 20879 55877 2170 45211
45177 35261 59928 8551 45211
45179 17857 84249 513 45211
45181 14484 74944 2472 45211
45181 23338 86716 9526 45211
45180 40873 77287 8308 45211
45177 37888 55448 5999 45211
45185 10570 81145 3285 45211
45167 38583 83107 2468 45211
45168 12991 58670 3236 45211
45168 42555 60802 8236 45211
45166 39484 75175 952 45211
45168 12952 76340 7794 45211
45171 31161 84308 5399 45211
45172 28485 59807 2385 45211
45169 23770 86997 4772 45211
45169 34137 67136 7505 45211
45173 15232 87458 8750 45211
45170 24407 69846 195 45211
45172 42813 73835 7799 45211
45164 35922 83039 3852 45211
45167 30292 54531 4140 45211
45170 24582 61764 2865 45211
45163 40894 74242 6282 45211
45161 11208 74873 9224 45211
45161 39419 74883 3844 45211
45161 22060 83361 1667 45211
45162 27783 74294 4918 45211
45158 23255 66882 3801 45211
45156 32920 87408 5494 45211
45156 24579 80812 1940 45211
45155 20655 56976 2720 45211
45159 24724 73246 1417 45211
45159 37167 55059 8653 45211
45162 16735 58505 6716 45211
45160 25168 76386 8822 45211
45156 12951 57555 7562 45211
45160 18314 61140 2804 45211
45157 16077 59166 3460 45211
45158 35735 64618 8703 45211
45157 22189 55315 2323 45211
45159 32418 81111 9089 45211
45155 30492 73655 827 45211
45157 33540 57873 984 45211
45158 34946 82224 4400 45211
45160 16146 69947 43 45211
45162 25661 87043 4728 45211
45159 9816 64505 5780 45211
45155 35968 84595 2806 45211
45155 40156 69836 1558 45211
45162 28736 58478 2549 45211
45157 37952 86898 3806 45211
45150 19075 60734 2579 45211
45150 13063 73223 4804 45211
45152 39841 70019 6875 45211
45150 21380 85408 2716 45211
45147 11608 66945 8423 45211
45148 15745 70573 7868 45211
45153 27814 87005 9669 45211
45154 37678 61224 291 45211
45147 27375 58353 5154 45211
45150 21384 65677 6244 45211
45151 23472 58947 5986 45211
45153 28647 55951 72 45211
45149 24281 66655 3948 45211
45149 33457 71974 9638 45211
45154 9941 78610 5221 45211
45149 25709 57453 5719 45211
45154 29145 66810 3842 45211
45151 19292 83561 3615 45211
45147 21225 86847 2637 45211
45149 11315 85452 3066 45211
45152 22306 83346 4731 45211
45153 38571 63451 977 45211
45149 18209 81225 793 45211
45147 22066 71100 8719 45211
45152 22293 84331 666 45211
45149 42719 76794 6181 45211
45149 44136 80204 2458 45211
45152 34744 75728 8062 45211
45153 12741 64700 9037 45211
45149 17599 81359 8949 45211
45151 21208 73951 4631 45211
45148 11344 73028 6389 45211
45147 39894 86687 6860 45211
45149 37158 63996 2777 45211
45148 31048 82237 2512 45211
45149 44065 87063 5272 45211
45147 27561 57073 6536 45211
45150 11720 76473 8582 45211
45149 31474 84154 2508 45211
45141 10408 75264 6579 45211
45138 14552 78261 7734 45211
45139 14513 74718 6272 45211
45139 42999 59649 3 45211
45137 20529 84963 3316 45211
45142 16557 54750 8678 45211
45144 38877 58846 762 45211
45138 27572 57834 2952 45211
45141 28538 84287 328 45211
45144 16646 58957 2991 45211
45139 43540 59229 7428 45211
45137 38585 72684 1516 45211
45146 26151 84570 3331 45211
45142 19182 76425 3774 45211
45140 18185 77217 4813 45211
45146 10360 68793 3436 45211
45137 16468 86068 1040 45211
45145 20795 72989 8351 45211
45139 38838 84061 635 45211
45143 35258 58800 6135 45211
45144 37431 55478 6339 45211
45142 38605 66919 5016 45211
45146 17475 65384 4705 45211
45137 16711 54610 3593 45211
45139 27083 78033 3806 45211
45140 24905 67373 1876 45211
45140 20346 60591 8603 45211
45146 22393 87735 5772 45211
45141 22640 80515 1061 45211
45143 42230 87756 2920 45211
45140 22739 76546 743 45211
45143 12966 67525 6580 45211
45146 9755 72801 8966 45211
45139 16841 73412 1720 45211
45139 22875 66870 8662 45211
45141 30865 64526 1721 45211
45145 25045 74746 8464 45211
45139 28157 71649 2166 45211
45140 24145 87453 1026 45211
45145 20202 81694 7803 45211
45141 23711 59718 1846 45211
45144 38105 86472 8592 45211
45140 34124 83745 7578 45211
45141 11329 85740 1091 45211
45143 44898 81100 973 45211
45203 24334 86665 8766 45211
45197 36747 83007 7970 45211
45202 12211 69684 4622 45211
45206 43279 85008 1111 45211
45202 13001 78058 3353 45211
45197 17592 70198 2148 45211
45197 28371 72586 2312 45211
45199 40456 77499 7102 45211
45197 43297 87819 3968 45211
45207 38965 84629 3769 45211
45204 22710 72588 9682 45211
45203 11970 63466 6857 45211
45198 30735 59519 5005 45211
45204 43189 85982 5767 45211
45202 11525 73687 3875 45211
45188 12876 75720 214 45211
45190 18015 85661 130 45211
45194 37471 58402 5910 45211
45188 45046 62406 5305 45211
45194 22637 65205 4659 45211
45195 40722 62886 4499 45211
45193 20868 85303 2565 45211
45188 11176 65758 3376 45211
45195 18760 63308 6976 45211
45190 33484 62290 5894 45211
45196 10716 58676 5328 45211
45191 16626 58483 5869 45211
45189 11196 81850 7689 45211
45193 27355 87239 4842 45211
45189 18182 64581 9703 45211
45188 37074 75743 3896 45211
45191 13170 58572 5864 45211
45186 17074 58387 3162 45211
45191 17207 66156 522 45211
45187 33045 55627 7011 45211
45192 38750 86189 3774 45211
45196 39914 65607 6499 45211
45187 26820 79673 7380 45211
45196 39934 54650 7657 45211
45196 37069 81815 8857 45211
45192 12919 86940 1146 45211
45192 37534 82191 3061 45211
45177 38630 63810 8531 45211
45184 26031 82306 4900 45211
45179 14344 75789 8650 45211
45174 34517 77065 8160 45211
45180 23536 58982 8951 45211
45177 42054 79458 9650 45211
45177 10188 54575 6839 45211
45175 32263 63697 3848 45211
45178 14325 75642 2571 45211
45184 36317 61786 2793 45211
45176 38736 55171 6336 45211
45184 39863 62822 2655 45211
45185 17279 61128 6772 45211
45183 17361 75382 4576 45211
45174 28404 85724 2499 45211
45176 18274 58370 3882 45211
45179 36688 54479 6642 45211
45178 32216 56434 3282 45211
45175 40560 65058 2247 45211
45183 32632 79964 6018 45211
45181 32292 73130 1236 45211
45175 11639 70243 7602 45211
45175 12016 73553 2313 45211
45180 32728 58280 3413 45211
45182 23967 58570 5552 45211
45178 12095 83970 2651 45211
45182 22628 69458 6147 45211
45178 13309 61762 4793 45211
45183 9884 86357 7889 45211
45166 20531 63908 6883 45211
45170 32805 58696 1730 45211
45170 29387 67585 3478 45211
45170 33025 79605 8654 45211
45164 16840 82964 958 45211
45170 27982 62294 6919 45211
45170 16350 72106 2749 45211
45164 37725 70071 3961 45211
45173 38179 84979 1977 45211
45165 26079 80652 8029 45211
45171 44738 64205 7580 45211
45164 28623 61246 2633 45211
45164 29790 72814 5655 45211
45165 37970 60031 7295 45211
45165 29260 73994 5689 45211
45170 40082 59209 6730 45211
45171 17216 83310 460 45211
45171 40006 59668 2169 45211
45169 15060 65184 3074 45211
45166 30725 83673 5701 45211
45164 32880 62031 4525 45211
45171 39046 86805 7539 45211
45164 44713 69084 2380 45211
45165 43276 81129 3677 45211
45171 21213 69090 5742 45211
45173 36682 87126 397 45211
45166 15898 57659 579 45211
45166 16896 75173 5343 45211
45165 41944 66661 8614 45211
45172 34296 64195 3326 45211
45162 35743 84957 5191 45211
45159 42770 85311 9444 45211
45158 16505 81795 6358 45211
45155 23538 57118 6674 45211
45161 9938 82516 4528 45211
45159 12609 70746 7487 45211
45160 41613 62856 2703 45211
45156 42937 65217 9508 45211
45158 43067 63195 828 45211
45159 14933 85624 1941 45211
45158 31350 76088 709 45211
45157 34531 86936 6855 45211
45160 35987 62354 1804 45211
45160 27736 86190 9171 45211
45155 42248 60586 2904 45211
45161 16716 77711 3587 45211
45162 12601 59186 4905 45211
45158 41844 58359 9509 45211
45156 36972 82326 4087 45211
45160 13092 74552 5890 45211
45159 44865 84280 6599 45211
45155 32234 56174 5193 45211
45160 14847 59039 6050 45211
45158 13894 61083 7448 45211
45159 26161 64334 9500 45211
45155 29588 87732 6702 45211
45156 32083 54501 8614 45211
45158 39067 77433 8368 45211
45155 25208 87877 5326 45211
45160 17366 62818 6019 45211
45160 30428 60449 9131 45211
45156 24221 73726 8236 45211
45162 39594 69567 4395 45211
45155 35630 56474 6493 45211
45162 30311 78435 8633 45211
45160 12789 86536 4199 45211
45161 37583 58354 3042 45211
45158 23909 63128 2729 45211
45162 32340 66087 7393 45211
45147 10176 76175 7776 45211
45154 19181 59303 8149 45211
45151 30126 69579 8652 45211
45149 25464 72488 6037 45211
45150 37818 80407 8676 45211
45147 19591 75772 2269 45211
45149 29735 59570 5229 45211
45153 36434 84471 7726 45211
45151 40908 54651 5533 45211
45149 33022 62020 6403 45211
45150 34504 55916 4824 45211
45150 20650 59681 5460 45211
45150 22728 85472 1204 45211
45149 28715 61542 1801 45211
45150 26037 55387 1239 45211
45151 19287 65910 8940 45211
45150 15234 87758 4637 45211
45149 44721 60484 4184 45211
45151 16816 73074 8923 45211
45154 32086 84898 9025 45211
45154 29050 76435 2454 45211
45153 10159 87241 831 45211
45150 21401 55746 8783 45211
45147 35640 54990 175 45211
45153 23878 60069 8503 45211
45153 23915 77538 7949 45211
45154 34479 73178 9027 45211
45151 33278 83648 5310 45211
45154 28183 74515 6056 45211
45149 9849 69502 3518 45211
45152 13237 64690 6202 45211
45152 27879 69184 1395 45211
45149 43660 67429 7405 45211
45154 33511 69734 540 45211
45148 37923 78126 7866 45211
45148 17286 68253 6056 45211
45137 42344 57617 2572 45211
45139 17194 83737 5911 45211
45142 36622 63563 3810 45211
45142 10896 80454 6846 45211
45143 24483 76680 9541 45211
45138 12515 67199 593 45211
45146 23698 71775 3060 45211
45144 20098 72447 4117 45211
45146 24698 81358 6909 45211
45143 13584 61120 8286 45211
45139 18363 86080 4673 45211
45144 34664 62668 5912 45211
45142 35467 64115 5226 45211
45142 32687 60254 5145 45211
45139 30642 77632 8520 45211
45141 30503 67529 5342 45211
45142 20033 85262 2141 45211
45145 38161 83645 2903 45211
45142 37768 73521 2738 45211
45142 42105 76200 6301 45211
45141 19536 76858 6190 45211
45140 18837 85160 625 45211
45144 14136 71627 2262 45211
45142 25008 85357 4718 45211
45140 34289 67554 1296 45211
45137 29822 77531 2301 45211
45140 39783 70469 1484 45211
45138 22923 71807 9353 45211
45145 23182 56383 5555 45211
45143 44986 78750 8962 45211
45144 39607 61827 3487 45211
45142 19667 62322 6129 45211
45144 39665 61523 3185 45211
45137 27116 65481 4582 45211
45144 33618 85118 1461 45211
45202 30245 56323 5418 45211
45204 24434 85845 4534 45211
45205 15953 59221 712 45211
45207 38255 73672 1052 45211
45203 35362 83355 3034 45211
45207 35010 87019 1312 45211
45205 14830 80897 8921 45211
45207 16717 55140 8211 45211
45206 23434 71012 5809 45211
45201 44912 67681 4383 45211
45205 40819 82154 3458 45211
45207 37373 81081 1572 45211
45200 28484 65941 9277 45211
45188 19186 69409 8870 45211
45195 33878 63974 4345 45211
45194 27309 65901 493 45211
45196 26430 67871 4796 45211
45187 17073 61948 8111 45211
45189 24839 68322 9618 45211
45191 23362 62277 1279 45211
45186 44714 55536 3025 45211
45174 39433 81762 8162 45211
45179 36233 57182 621 45211
45184 44042 69017 9663 45211
45174 9862 65567 7539 45211
45180 41189 59305 749 45211
45180 28787 62509 5141 45211
45184 43863 57968 4800 45211
45177 30587 64427 2135 45211
45177 31521 61805 2782 45211
45185 24821 85298 31 45211
45181 16661 54761 5234 45211
45183 40459 80457 2470 45211
45175 24398 77068 8372 45211
45185 44449 79809 314 45211
45184 39284 69105 4404 45211
45181 26515 55710 6884 45211
45184 16083 64868 3080 45211
45179 30924 68534 6660 45211
45181 34590 80345 8512 45211
45184 40757 54865 2233 45211
45183 10211 73297 6019 45211
45179 15221 70864 4779 45211
45174 13662 85972 9508 45211
45177 24174 55558 9008 45211
45182 43147 80957 3052 45211
45166 22901 59898 1261 45211
45168 29489 86851 5354 45211
45164 11147 84797 2349 45211
45168 28258 55355 6454 45211
45165 29769 70520 7441 45211
45166 35205 85906 2850 45211
45165 24691 77415 1090 45211
45173 32716 62365 2868 45211
45166 36719 62533 5602 45211
45167 16268 56539 2590 45211
45169 16865 56964 6705 45211
45163 22935 59025 5360 45211
45170 24913 80133 5336 45211
45169 17164 60569 4788 45211
45165 44595 78632 3339 45211
45163 18245 63535 6436 45211
45163 30448 62189 7812 45211
45170 25577 67079 5183 45211
45169 12636 74675 2602 45211
45164 13694 75200 2688 45211
45166 43857 63332 9322 45211
45164 17494 60644 516 45211
45173 12546 60744 1231 45211
45172 35944 66219 92 45211
45173 43010 84681 799 45211
45172 39717 58326 126 45211
45172 15866 86148 1732 45211
45165 40236 86671 629 45211
45164 10212 82869 8520 45211
45170 21043 79539 8103 45211
45160 40830 84640 495 45211
45155 14810 76696 7344 45211
45155 12835 73126 8978 45211
45155 17170 57382 34 45211
45156 20880 68573 6384 45211
45158 40831 75309 5661 45211
45161 33919 87055 7069 45211
45162 32432 61914 6352 45211
45155 10862 70655 7341 45211
45159 38260 61831 3766 45211
45155 41751 65354 6947 45211
45160 43264 62672 5976 45211
45159 42816 87226 4404 45211
45160 16423 61345 8475 45211
45159 19451 74259 4854 45211
45158 23614 79132 7942 45211
45162 15400 85310 8647 45211
45162 15512 78704 6072 45211
45160 19658 80539 1812 45211
45158 42433 60172 284 45211
45156 33208 78935 4145 45211
45155 43142 86095 9583 45211
45156 18927 83420 4457 45211
45161 27552 70852 8419 45211
45162 43230 82980 9030 45211
45160 43987 69751 7408 45211
45160 39758 73052 584 45211
45161 43588 78064 3866 45211
45160 24426 76878 8702 45211
45156 24536 63264 2053 45211
45158 25700 60786 6361 45211
45155 10613 72155 5083 45211
45157 24562 82730 5298 45211
45158 39307 84549 9357 45211
45158 21262 59267 4404 45211
45155 30553 59759 7232 45211
45161 26863 55068 2950 45211
45156 44344 66721 5612 45211
45153 19996 76025 2057 45211
45153 24421 70362 1455 45211
45147 27585 70915 6145 45211
45153 24589 84717 4777 45211
45147 23959 84489 7305 45211
45154 36343 59594 6607 45211
45153 24405 86547 2088 45211
45153 36845 56818 1108 45211
45154 31753 58164 2188 45211
45151 30507 74456 4202 45211
45149 32967 73680 4498 45211
45152 32283 85150 8440 45211
45154 39951 83067 7807 45211
45152 19523 61374 2344 45211
45149 38720 72087 1256 45211
45154 29543 60835 4846 45211
45152 37538 55233 4699 45211
45147 28359 85742 4941 45211
45148 16535 78395 1050 45211
45150 40685 80719 4006 45211
45150 16939 60342 2508 45211
45148 17997 72023 1554 45211
45153 10128 59989 7077 45211
45147 42040 69347 5886 45211
45151 15056 66220 9200 45211
45152 20301 86093 7329 45211
45153 17135 68507 877 45211
45150 40552 59656 3977 45211
45148 33925 69483 8973 45211
45152 29073 70652 7529 45211
45140 30817 62849 4204 45211
45143 21940 60766 2263 45211
45144 25338 86988 4692 45211
45145 26070 76650 7252 45211
45144 43813 83326 5748 45211
45145 18464 75912 2076 45211
45138 29451 65784 9129 45211
45137 32646 87282 2185 45211
45138 39041 58790 364 45211
45141 40940 59249 98 45211
45146 19748 80139 6144 45211
45144 19800 62447 4364 45211
45140 16983 81741 513 45211
45146 18453 82272 5073 45211
45141 38626 66672 1543 45211
45146 35018 62018 7629 45211
45145 30881 78235 3945 45211
45146 31304 59024 8222 45211
45142 33166 71529 9641 45211
45146 11759 72299 9610 45211
45137 31829 76022 8230 45211
45137 36826 79326 2471 45211
45141 14923 84726 1922 45211
45139 27524 77296 8889 45211
45140 35355 60400 7682 45211
45143 24438 79509 3694 45211
45140 17014 82459 7975 45211
45140 31483 65668 4866 45211
45145 31085 77005 7389 45211
45142 37669 58374 7924 45211
45142 36264 56132 6410 45211
45142 21000 56565 5513 45211
45137 13074 54898 1088 45211
45142 33058 65437 8853 45211
45138 12280 75241 3431 45211
45138 14024 83943 5096 45211
45138 25934 57028 9407 45211
45206 32239 86788 4721 45211
45199 44177 63012 3702 45211
45207 38316 60240 7196 45211
45207 43561 54983 9075 45211
45197 20286 72553 883 45211
45205 24071 78839 9308 45211
45202 26207 66662 877 45211
45203 11043 59716 5252 45211
45207 27030 87486 5068 45211
45196 31311 79485 3915 45211
45195 34806 72480 3403 45211
45193 31460 68613 7265 45211
45187 22709 83290 896 45211
45189 42828 68674 5726 45211
45190 26889 62128 4930 45211
45192 15208 62022 2989 45211
45189 14033 85672 1351 45211
45176 19081 56025 8577 45211
45182 35405 67267 652 45211
