45141 21646 82193 1298 45210
45175 21607 73715 1298 45210
45177 21740 57984 1298 45211
45192 21565 85392 1298 45211
45177 21752 66883 1298 45210
45194 21549 78238 1298 45210
45165 21823 81107 1298 45210
45200 21607 68708 1298 45210
45157 21591 80402 1298 45211
45138 21581 73992 1298 45211
45141 21707 82252 1298 45210
45163 21827 70065 1298 45210
45192 21575 62385 1298 45211
45188 21713 80036 1298 45210
45171 21823 73406 1298 45210
45162 21825 77011 1298 45210
45190 21492 80523 1298 45210
45177 21580 61917 1298 45211
45166 21766 68254 1298 45211
45162 21650 81984 1298 45210
45175 21650 80898 1298 45210
45181 21550 74284 1298 45210
45171 21827 80268 1298 45210
45188 21707 78061 1298 45210
45146 21650 65828 1298 45210
45176 21449 76298 1298 45210
45165 21508 82627 1298 45210
45175 21446 74913 1298 45210
45162 21821 68181 1298 45210
45175 21752 81837 1298 45210
45199 21690 84242 1298 45211
45172 21770 66651 1298 45210
45177 21493 83673 1298 45211
45181 21550 74234 1298 45210
45188 21607 77181 1298 45210
45146 21823 70418 1298 45210
45207 21646 81007 1298 45210
45137 21709 75580 1298 45210
45141 21651 68872 1298 45211
45192 21507 83612 1298 45210
45198 21710 65172 1298 45211
45152 21703 79310 1298 45210
45206 21510 74869 1298 45211
45162 21715 78676 1298 45210
45194 21649 71683 1298 45211
45190 21625 82965 1298 45211
45152 21446 80475 1298 45210
45192 21478 66698 1298 45210
45188 21821 73171 1298 45210
45137 21588 69706 1298 45210
45188 21703 69871 1298 45210
45152 21770 69190 1298 45210
45176 21725 74612 1298 45210
45153 21661 69800 1298 45210
45153 21550 73482 1298 45210
45187 21650 80829 1298 45210
45153 21823 75116 1298 45210
45141 21661 83533 1298 45210
45171 21709 70332 1298 45210
45178 21725 76208 1298 45210
45166 21823 75796 1298 45210
45166 21827 74397 1298 45210
45138 21770 67252 1298 45210
45177 21661 75704 1298 45210
45151 21445 73351 1298 45211
45188 21478 73754 1298 45210
45174 21503 71481 1298 45210
45175 21823 77784 1298 45210
45194 21661 80242 1298 45210
45181 21492 75960 1298 45210
45166 21524 64033 1298 45211
45138 21471 68355 1298 45211
45138 21595 66573 1298 45211
45171 21827 79478 1298 45210
45207 21549 83629 1298 45210
45165 21725 81662 1298 45210
45187 21588 79892 1298 45210
45199 21588 66129 1298 45210
45187 21503 79565 1298 45210
45192 21825 74691 1298 45210
45171 21569 84348 1298 45211
45190 21825 80805 1298 45210
45181 21550 73726 1298 45210
45152 21446 80530 1298 45210
45186 21687 59460 1298 45211
45172 21770 66489 1298 45210
45186 21449 69936 1298 45210
45146 21661 83377 1298 45210
45157 21646 74959 1298 45210
45192 21478 66874 1298 45210
45181 21479 69297 1298 45210
45206 21768 80333 1298 45211
45186 21823 74962 1298 45210
45174 21556 79138 1298 45211
45178 21646 67755 1298 45210
45138 21593 81032 1298 45210
45152 21703 78944 1298 45210
45190 21492 80606 1298 45210
45178 21800 60265 1298 45211
45194 21825 75311 1298 45210
45166 21446 73801 1298 45210
45165 21825 69028 1298 45210
45166 21827 73986 1298 45210
45156 21725 66584 1298 45210
45163 21593 74970 1298 45210
45176 21503 78305 1298 45210
45198 21661 71971 1298 45210
45176 21732 71445 1298 45211
45141 21713 75024 1298 45210
45181 21508 71412 1298 45210
45181 21770 79330 1298 45210
45166 21707 67211 1298 45210
45156 21725 66325 1298 45210
45188 21713 79583 1298 45210
45152 21631 62336 1298 45211
45141 21646 82945 1298 45210
45199 21707 71898 1298 45210
45163 21761 82471 1298 45211
45175 21752 82126 1298 45210
45187 21825 71852 1298 45210
45188 21583 67837 1298 45210
45181 21549 66123 1298 45210
45166 21492 78051 1298 45210
45206 21646 69566 1298 45210
45141 21703 69288 1298 45210
45187 21650 80666 1298 45210
45163 21825 65852 1298 45210
45176 21503 77852 1298 45210
45165 21825 69546 1298 45210
45171 21827 79952 1298 45210
45199 21703 80669 1298 45210
45156 21507 72163 1298 45210
45156 21479 78951 1298 45210
45165 21703 81830 1298 45210
45137 21709 75423 1298 45210
45151 21640 60146 1298 45211
45146 21770 79148 1298 45210
45198 21588 77434 1298 45210
45194 21478 83250 1298 45210
45207 21549 87381 1298 45211
45199 21492 74204 1298 45210
45197 21770 65434 1298 45210
45138 21752 77695 1298 45210
45186 21650 70609 1298 45210
45137 21661 71430 1298 45210
45176 21692 76717 1298 45211
45181 21759 54920 1298 45211
45199 21707 72117 1298 45210
45199 21549 77860 1298 45209
45177 21650 65528 1298 45210
45198 21703 80141 1298 45210
45186 21583 76477 1298 45210
45151 21586 63060 1298 45211
45151 21550 79309 1298 45210
45207 21725 67187 1298 45210
45192 21446 69744 1298 45210
45199 21767 69622 1298 45210
45138 21507 82627 1298 45210
45187 21825 70566 1298 45210
45146 21707 76245 1298 45210
45187 21479 72524 1298 45210
45186 21508 66055 1298 45210
45162 21479 80544 1298 45210
45156 21680 80193 1298 45211
45163 21783 68855 1298 45211
45194 21751 71227 1298 45211
45166 21503 73494 1298 45210
45151 21767 82149 1298 45210
45186 21607 73668 1298 45210
45146 21713 75130 1298 45210
45141 21550 83354 1298 45210
45187 21478 73011 1298 45210
45138 21650 78242 1298 45210
45192 21810 86222 1298 45211
45141 21684 71316 1298 45211
45166 21593 82417 1298 45210
45174 21747 64037 1298 45211
45186 21619 74819 1298 45210
45206 21646 69941 1298 45210
45152 21709 65959 1298 45210
45171 21827 79832 1298 45210
45176 21650 79649 1298 45210
45151 21550 79051 1298 45210
45157 21709 72102 1298 45210
45199 21770 72248 1298 45210
45199 21549 77858 1298 45210
45151 21709 77469 1298 45210
45175 21823 78088 1298 45210
45181 21607 66391 1298 45210
45206 21583 65464 1298 45210
45199 21492 73713 1298 45210
45181 21767 66034 1298 45210
45207 21619 70029 1298 45210
45175 21671 80268 1298 45211
45187 21791 63181 1298 45211
45178 21650 78906 1298 45210
45178 21530 81432 1298 45211
45207 21709 80952 1298 45210
45156 21665 66434 1298 45211
45200 21592 77352 1298 45211
45198 21767 68496 1298 45210
45137 21607 70377 1298 45210
45207 21549 83482 1298 45210
45197 21707 68694 1298 45210
45153 21823 74789 1298 45210
45197 21593 72848 1298 45210
45151 21767 81509 1298 45210
45175 21752 82474 1298 45210
45181 21661 71385 1298 45210
45174 21449 67473 1298 45210
45206 21571 58630 1298 45211
45174 21507 73240 1298 45210
45171 21709 70567 1298 45210
45151 21767 81819 1298 45210
45197 21583 74040 1298 45210
45197 21770 65880 1298 45210
45156 21522 65896 1298 45211
45177 21550 77126 1298 45210
45156 21769 62180 1298 45211
45198 21588 77647 1298 45210
45175 21492 84008 1298 45210
45156 21449 67477 1298 45210
45186 21478 78337 1298 45210
45156 21646 78328 1298 45210
45200 21492 66610 1298 45210
45162 21752 65604 1298 45210
45178 21607 83228 1298 45210
45176 21752 78958 1298 45210
45165 21508 82716 1298 45210
45177 21549 72065 1298 45211
45197 21583 73958 1298 45210
45152 21770 69548 1298 45210
45174 21583 70297 1298 45210
45156 21449 67102 1298 45210
45153 21780 83356 1298 45211
45197 21707 68622 1298 45210
45186 21446 77647 1298 45210
45177 21661 76616 1298 45210
45199 21478 74749 1298 45210
45157 21825 76557 1298 45210
45137 21508 67292 1298 45210
45197 21709 68656 1298 45210
45176 21601 69583 1298 45211
45181 21446 72388 1298 45210
45162 21566 86114 1298 45211
45178 21795 61361 1298 45211
45187 21508 67780 1298 45210
45137 21588 69705 1298 45210
45174 21607 67471 1298 45210
45198 21607 80965 1298 45210
45177 21492 67048 1298 45210
45162 21825 77902 1298 45210
45194 21748 73544 1298 45211
45157 21533 54703 1298 45211
45206 26148 66429 3846 45210
45166 26148 65673 3846 45210
45163 26148 81567 3846 45210
45206 26148 66429 3846 45210
45166 26148 65673 3846 45210
45163 26148 81567 3846 45210
45206 26148 66429 3846 45210
45181 26148 70842 3846 45210
45165 26148 77591 3846 45210
45163 26148 81567 3846 45210
45206 26148 66429 3846 45210
45181 26148 70842 3846 45210
45165 26148 77591 3846 45210
45141 26148 68395 3846 45210
45181 26148 70842 3846 45210
45165 26148 77591 3846 45210
45166 26148 65673 3846 45210
45198 26148 74342 3846 45210
45181 26148 70842 3846 45210
45166 26148 65673 3846 45210
45190 26148 69784 3846 45210
45166 26148 65673 3846 45210
45192 26148 74500 3846 45210
45197 26148 83090 3846 45210
45198 26148 74342 3846 45210
45200 26148 71349 3846 45210
45199 26148 66149 3846 45211
45198 26148 74342 3846 45210
45194 26148 81732 3846 45210
45198 26148 74342 3846 45210
45198 26148 74342 3846 45210
45207 26148 68890 3846 45211
45175 26148 77645 3846 45210
45165 26148 77591 3846 45210
45166 26148 65673 3846 45210
45198 26148 74342 3846 45210
45175 26148 77645 3846 45210
45165 26148 77591 3846 45210
45166 26148 65673 3846 45210
45175 26148 77645 3846 45210
