45137 21707 71112 1298 45210
45152 21661 80998 1298 45210
45151 21646 76248 1298 45210
45178 21823 70871 1298 45210
45151 21650 71548 1298 45210
45174 21821 75472 1298 45210
45206 21470 73454 1298 45211
45176 21725 71328 1298 45210
45166 21629 67624 1298 45211
45187 21823 83070 1298 45211
45157 21507 74585 1298 45210
45165 21478 76312 1298 45210
45152 21770 65877 1298 45210
45187 21449 73719 1298 45210
45206 21794 75793 1298 45211
45186 21823 70292 1298 45210
45171 21492 70438 1298 45210
45152 21661 81508 1298 45210
45200 21646 73617 1298 45210
45152 21557 62149 1298 45211
45200 21650 65555 1298 45210
45188 21492 73365 1298 45210
45188 21713 76449 1298 45210
45194 21646 83148 1298 45210
45186 21707 72776 1298 45210
45137 21456 61069 1298 45211
45200 21619 67768 1298 45210
45177 21607 71371 1298 45210
45192 21446 66374 1298 45210
45199 21505 80478 1298 45211
45153 21586 64508 1298 45211
45198 21703 75824 1298 45210
45178 21550 77376 1298 45210
45199 21570 62771 1298 45211
45138 21650 76500 1298 45210
45178 21607 80342 1298 45210
45198 21707 74333 1298 45210
45175 21650 78201 1298 45210
45152 21725 70147 1298 45210
45137 21607 83927 1298 45210
45199 21709 81179 1298 45210
45192 21593 66139 1298 45210
45186 21478 74750 1298 45210
45166 21827 71541 1298 45210
45192 21825 71472 1298 45210
45172 21725 72831 1298 45210
45153 21478 62458 1298 45211
45171 21703 71726 1298 45210
45146 21512 81896 1298 45211
45186 21479 75013 1298 45210
45192 21480 66505 1298 45211
45157 21479 79351 1298 45210
45206 21725 67772 1298 45210
45157 21503 69430 1298 45210
45146 21583 79112 1298 45210
45198 21593 79145 1298 45210
45137 21642 56346 1298 45211
45187 21721 77210 1298 45211
45198 21508 75691 1298 45210
45165 21825 66238 1298 45210
45200 21661 71811 1298 45210
45174 21767 78765 1298 45210
45197 21607 65980 1298 45210
45165 21767 76662 1298 45210
45188 21550 69403 1298 45210
45141 21550 80186 1298 45210
45207 21709 78094 1298 45210
45192 21703 71024 1298 45210
45200 21535 85876 1298 45211
45192 21703 71665 1298 45210
45199 21446 74608 1298 45210
45186 21707 73492 1298 45210
45162 21563 72318 1298 45211
45188 21492 74003 1298 45210
45137 21508 82805 1298 45210
45188 21707 73363 1298 45210
45171 21827 76941 1298 45210
45146 21715 71764 1298 45210
45157 21479 79400 1298 45210
45178 21823 70144 1298 45210
45181 21579 60476 1298 45211
45171 21823 70658 1298 45210
45199 21478 70844 1298 45210
45152 21661 81154 1298 45210
45186 21590 67346 1298 45211
45178 21481 57992 1298 45211
45171 21636 76949 1298 45211
45138 21607 74243 1298 45210
45199 21707 68933 1298 45210
45192 21553 83511 1298 45211
45151 21821 65516 1298 45210
45178 21725 72861 1298 45210
45197 21752 80475 1298 45210
45137 21752 80811 1298 45210
45187 21715 82325 1298 45210
45163 21549 82792 1298 45210
45181 21661 68301 1298 45210
45199 21478 70463 1298 45210
45178 21607 80460 1298 45210
45163 21502 65789 1298 45211
45207 21508 69663 1298 45210
45171 21703 71629 1298 45210
45138 21650 76274 1298 45210
45175 21823 75635 1298 45210
45188 21707 73253 1298 45210
45176 21446 67365 1298 45210
45206 21646 66668 1298 45210
45146 21549 69549 1298 45210
45162 21825 73995 1298 45210
45174 21588 78641 1298 45210
45141 21827 83491 1298 45210
45162 21475 80401 1298 45211
45190 21825 77408 1298 45210
45138 21455 79951 1298 45211
45152 21735 80150 1298 45211
45206 21725 67269 1298 45210
45207 21550 68250 1298 45210
45152 21793 68016 1298 45211
45165 21593 83299 1298 45210
45137 21695 55628 1298 45211
45157 21799 87521 1298 45211
45157 21492 66793 1298 45210
45187 21588 76155 1298 45210
45175 21737 73563 1298 45211
45157 21770 82788 1298 45210
45163 21550 70961 1298 45210
45206 21774 76914 1298 45211
45194 21525 64805 1298 45211
45174 21588 78918 1298 45210
45174 21503 68145 1298 45210
45165 21775 56082 1298 45211
45146 21823 66987 1298 45210
45187 21508 83086 1298 45210
45146 21583 79742 1298 45210
45197 21752 80276 1298 45210
45198 21479 83110 1298 45210
45157 21479 79162 1298 45210
45166 21526 86387 1298 45211
45171 21640 77888 1298 45211
45177 21541 57238 1298 45211
45172 21715 70847 1298 45210
45137 21827 75336 1298 45210
45181 21449 66458 1298 45210
45194 21646 82971 1298 45210
45165 21752 66852 1298 45210
45177 21825 69514 1298 45210
45174 21821 75555 1298 45210
45157 21601 80986 1298 45211
45197 21709 83954 1298 45210
45141 21713 71295 1298 45210
45165 21479 78376 1298 45210
45156 21703 76243 1298 45210
45194 21612 79882 1298 45211
45137 21508 83162 1298 45210
45141 21552 78159 1298 45211
45176 21593 66348 1298 45210
45192 21821 83575 1298 45210
45137 21593 82064 1298 45210
45194 21634 61421 1298 45211
45162 21715 74981 1298 45210
45188 21537 66991 1298 45211
45151 21733 72148 1298 45211
45197 21709 65430 1298 45210
45174 21503 68414 1298 45210
45197 21713 83244 1298 45210
45172 21446 76637 1298 45210
45176 21593 66739 1298 45210
45165 21752 67089 1298 45210
45178 21624 59556 1298 45211
45190 21503 68472 1298 45210
45192 21549 81492 1298 45210
45181 21508 67420 1298 45210
45152 21650 71088 1298 45210
45178 21677 72114 1298 45211
45162 21709 67062 1298 45210
45157 21647 64768 1298 45211
45165 21508 78760 1298 45210
45178 21492 70055 1298 45210
45188 26148 74096 3846 45210
45188 26148 74096 3846 45210
45166 26148 65673 3846 45210
45188 26148 74096 3846 45210
45166 26148 65673 3846 45210
45141 26148 68395 3846 45210
45188 26148 74096 3846 45210
45166 26148 65673 3846 45210
45141 26148 68395 3846 45210
45188 26148 74096 3846 45210
45174 26148 67341 3846 45210
45166 26148 65673 3846 45210
45187 26148 65558 3846 45210
45188 26148 74096 3846 45210
45174 26148 67341 3846 45210
45166 26148 65673 3846 45210
45187 26148 65558 3846 45210
45163 26148 81567 3846 45210
45163 26148 81567 3846 45210
45163 26148 81567 3846 45210
45153 26148 65804 3846 45210
45166 26148 65673 3846 45210
45153 26148 65804 3846 45210
45166 26148 65673 3846 45210
45166 26148 65673 3846 45210
45151 26148 66210 3846 45210
45176 26148 82958 3846 45210
45166 26148 65673 3846 45210
45151 26148 66210 3846 45210
45176 26148 82958 3846 45210
45166 26148 65673 3846 45210
45166 26148 65673 3846 45210
45172 26148 70083 3846 45210
45162 26148 66017 3846 45210
45183 45136 75998 3698 45209
45169 45136 73572 3698 45209
45143 45136 80451 3698 45209
