45156 21479 76849 1298 45210
45174 21464 86013 1298 45211
45197 21752 80725 1298 45210
45166 21508 74508 1298 45210
45153 21715 80798 1298 45210
45156 21607 65807 1298 45210
45141 21503 83342 1298 45210
45165 21707 66140 1298 45210
45162 21731 85048 1298 45211
45190 21646 78639 1298 45210
45165 21725 78565 1298 45210
45188 21607 74918 1298 45210
45171 21550 78843 1298 45210
45138 21467 87908 1298 45211
45162 21823 71478 1298 45210
45152 21713 74565 1298 45210
45194 21715 76721 1298 45210
45186 21619 72113 1298 45210
45151 21646 76434 1298 45210
45200 21650 66609 1298 45210
45138 21650 77272 1298 45210
45206 21707 81511 1298 45210
45199 21607 82843 1298 45210
45199 21607 83150 1298 45210
45162 21823 72174 1298 45210
45172 21752 74351 1298 45210
45141 21503 83475 1298 45210
45174 21767 79583 1298 45210
45188 21607 74649 1298 45210
45146 21583 80272 1298 45210
45151 21619 75484 1298 45210
45181 21492 73302 1298 45210
45138 21822 61266 1298 45211
45178 21503 83918 1298 45210
45176 21779 65145 1298 45211
45197 21449 65498 1298 45210
45151 21492 69384 1298 45210
45190 21728 62187 1298 45211
45166 21827 71835 1298 45210
45152 21661 82235 1298 45210
45200 21703 70656 1298 45210
45163 21770 67247 1298 45210
45176 21442 86595 1298 45211
45188 21681 74050 1298 45211
45187 21723 71917 1298 45211
45171 21504 75005 1298 45211
45153 21715 81346 1298 45210
45156 21607 65904 1298 45210
45153 21486 72746 1298 45211
45174 21821 76704 1298 45210
45197 21760 57431 1298 45211
45175 21738 84838 1298 45211
45174 21825 82275 1298 45210
45172 21752 74035 1298 45210
45151 21619 75872 1298 45210
45175 21533 67261 1298 45211
45178 21650 75994 1298 45210
45152 21449 77281 1298 45210
45197 21607 66569 1298 45210
45188 21703 68172 1298 45210
45162 21709 68592 1298 45210
45192 21650 70552 1298 45210
45181 21593 77889 1298 45210
45153 21490 84935 1298 45211
45166 21492 75626 1298 45210
45153 21808 79332 1298 45211
45181 21593 77699 1298 45210
45146 21770 76214 1298 45210
45188 21707 75076 1298 45210
45194 21707 74544 1298 45210
45187 21650 77576 1298 45210
45165 21703 78633 1298 45210
45194 21452 57947 1298 45211
45163 21550 72104 1298 45210
45151 21604 57540 1298 45211
45206 21549 69126 1298 45210
45174 21503 69443 1298 45210
45163 21825 83108 1298 45210
45141 21458 62582 1298 45211
45176 21444 78772 1298 45211
45157 21750 78509 1298 45211
45162 21709 68236 1298 45210
45188 21819 61531 1298 45211
45172 21770 65633 1298 45210
45174 21619 76583 1298 45210
45163 21593 73239 1298 45210
45207 21479 77366 1298 45210
45187 21588 77078 1298 45210
45146 21823 67955 1298 45210
45200 21449 69973 1298 45210
45186 21707 74549 1298 45210
45146 21785 60048 1298 45211
45186 21508 81149 1298 45210
45152 21593 76299 1298 45210
45163 21823 71175 1298 45210
45138 21508 81844 1298 45210
45181 21770 77425 1298 45210
45188 21593 75846 1298 45210
45190 21492 77767 1298 45210
45171 21508 68141 1298 45210
45200 21707 77124 1298 45210
45138 21650 77292 1298 45210
45162 21770 79204 1298 45210
45165 21825 67362 1298 45210
45188 21814 69125 1298 45211
45163 21823 71123 1298 45210
45200 21474 77711 1298 45211
45190 21516 56857 1298 45211
45152 21827 65924 1298 45210
45157 21479 79876 1298 45210
45198 21488 57737 1298 45211
45163 21549 83746 1298 45210
45192 21492 69592 1298 45210
45194 21583 73361 1298 45210
45199 21714 87896 1298 45211
45188 21646 73009 1298 45210
45200 21529 60878 1298 45211
45146 21827 69898 1298 45210
45188 21593 76065 1298 45210
45137 21619 72535 1298 45210
45176 21593 67492 1298 45210
45177 21607 71881 1298 45210
45186 21568 78011 1298 45211
45146 21650 82159 1298 45210
45151 21492 69067 1298 45210
45177 21827 81126 1298 45210
45197 21549 77374 1298 45210
45194 21696 72095 1298 45211
45157 21823 67032 1298 45210
45181 21564 86196 1298 45211
45137 21770 69429 1298 45210
45174 21788 65385 1298 45211
45181 21508 69127 1298 45210
45141 21646 80404 1298 45210
45198 21479 83605 1298 45210
45151 21661 68642 1298 45210
45141 21661 80831 1298 45210
45181 21774 57367 1298 45211
45162 21823 71589 1298 45210
45177 21607 72114 1298 45210
45165 21703 78967 1298 45210
45206 21816 57438 1298 45211
45174 21646 67272 1298 45210
45153 21715 80855 1298 45210
45153 21479 66624 1298 45210
45162 21715 75682 1298 45210
45165 21825 66769 1298 45210
45171 21550 78225 1298 45210
45151 21715 81768 1298 45210
45166 21492 76337 1298 45210
45146 21650 81499 1298 45210
45188 21713 76654 1298 45210
45181 21661 68989 1298 45210
45194 21700 82768 1298 45211
45197 21549 76717 1298 45210
45207 21550 68765 1298 45210
45165 21767 77621 1298 45210
45199 21707 69840 1298 45210
45151 21550 76404 1298 45210
45174 21503 68847 1298 45210
45151 21823 76679 1298 45210
45178 21489 83878 1298 45211
45207 21550 68464 1298 45210
45188 21646 72750 1298 45210
45199 21709 82304 1298 45210
45176 21503 76850 1298 45210
45197 21707 66877 1298 45210
45206 21519 80002 1298 45211
45153 21550 72043 1298 45210
45177 21825 70454 1298 45210
45172 21715 72086 1298 45210
45175 21492 82574 1298 45210
45151 21650 72106 1298 45210
45151 21730 71621 1298 45211
45141 21825 72695 1298 45210
45190 21703 82656 1298 45210
45178 21827 76458 1298 45210
45152 21743 60721 1298 45211
45206 21607 77112 1298 45210
45146 21650 82308 1298 45210
45186 21446 73869 1298 45210
45172 21770 83933 1298 45210
45162 21825 74794 1298 45210
45165 21605 68917 1298 45211
45152 21661 82904 1298 45210
45152 21715 79774 1298 45210
45157 21492 67419 1298 45210
45186 26148 81291 3846 45210
45165 26148 77591 3846 45210
45166 26148 65673 3846 45210
45162 26148 66017 3846 45210
45186 26148 81291 3846 45210
45194 26148 81732 3846 45210
45166 26148 65673 3846 45210
45162 26148 66017 3846 45210
45186 26148 81291 3846 45210
45194 26148 81732 3846 45210
45163 26148 81567 3846 45210
45162 26148 66017 3846 45210
45188 26148 74096 3846 45210
45194 26148 81732 3846 45210
45163 26148 81567 3846 45210
45162 26148 66017 3846 45210
45194 26148 81732 3846 45210
45163 26148 81567 3846 45210
45162 26148 66017 3846 45210
45151 26148 66210 3846 45210
45192 26148 74500 3846 45210
45194 26148 81732 3846 45210
45166 26148 65673 3846 45210
45162 26148 66017 3846 45210
45151 26148 66210 3846 45210
45190 26148 69784 3846 45210
45194 26148 81732 3846 45210
45166 26148 65673 3846 45210
45190 26148 69784 3846 45210
45166 26148 65673 3846 45210
45138 26148 72450 3846 45210
45199 26148 66149 3846 45210
45190 26148 69784 3846 45210
45166 26148 65673 3846 45210
45199 26148 66149 3846 45210
45190 26148 69784 3846 45210
45166 26148 65673 3846 45210
45199 26148 66149 3846 45210
45166 26148 65673 3846 45210
45138 26148 72450 3846 45210
45138 26148 72450 3846 45210
45188 26148 74096 3846 45210
45151 26148 66210 3846 45210
45138 26148 72450 3846 45210
45188 26148 74096 3846 45210
45174 26148 67341 3846 45210
45165 26148 77591 3846 45210
45151 26148 66210 3846 45210
45138 26148 72450 3846 45210
45188 26148 74096 3846 45210
45174 26148 67341 3846 45210
45165 26148 77591 3846 45210
45151 26148 66210 3846 45210
45138 26148 72450 3846 45210
45174 26148 67341 3846 45210
