45151 21722 65758 1298 45211
45137 21715 77879 1298 45210
45200 21716 67556 1298 45210
45176 21446 83497 1298 45210
45199 21790 63461 1298 45211
45176 21725 68514 1298 45210
45176 21828 74606 1298 45210
45192 21546 74362 1298 45211
45163 21639 84922 1298 45211
45152 21542 86945 1298 45211
45165 21707 78595 1298 45210
45192 21648 65392 1298 45211
45174 21602 70320 1298 45210
45151 21661 82982 1298 45210
45194 21500 56591 1298 45211
45197 21830 83552 1298 45211
45137 21508 78850 1298 45210
45153 21473 83667 1298 45211
45198 21752 72163 1298 45210
45200 21716 67520 1298 45210
45178 21451 72404 1298 45210
45199 21707 65833 1298 45210
45151 21706 72002 1298 45210
45137 21554 82586 1298 45210
45199 21558 62071 1298 45211
45137 21725 75596 1298 45210
45197 21491 77401 1298 45211
45199 21707 65767 1298 45210
45151 21633 85384 1298 45211
45198 21691 58225 1298 45211
45165 21707 78596 1298 45210
45137 21725 75613 1298 45210
45171 21561 63735 1298 45211
45181 21550 66373 1298 45210
45152 21587 54630 1298 45211
45165 21479 73037 1298 45210
45174 21490 69461 1298 45211
45151 21739 85327 1298 45211
45188 21613 72132 1298 45211
45151 21544 60276 1298 45211
45190 21743 55995 1298 45211
45178 21714 76201 1298 45211
45137 21554 82404 1298 45210
45137 21572 58020 1298 45211
45190 21698 63435 1298 45211
45171 21641 72995 1298 45211
45162 26148 82170 7536 45209
45190 26148 83851 7536 45209
45192 26148 68352 7536 45209
45163 26148 77379 7536 45209
45187 26148 78434 7536 45209
45181 26148 82120 7536 45209
45178 26148 71428 7536 45209
45194 26148 82976 7536 45209
45172 26148 76052 7536 45209
45153 26148 70341 7536 45209
45206 26148 70133 7536 45209
45207 26148 68387 7536 45209
45152 26148 57488 3846 45211
45152 26148 75084 3846 45210
45199 26148 66149 3846 45210
45198 26148 74342 3846 45210
45188 26148 74096 3846 45210
45176 26148 82958 3846 45210
45171 26148 82445 3846 45210
45165 26148 77591 3846 45210
45151 26148 66210 3846 45210
45152 26148 75084 3846 45210
45137 26148 78903 3846 45210
45200 26148 71349 3846 45210
45197 26148 83090 3846 45210
45199 26148 66149 3846 45210
45198 26148 74342 3846 45210
45188 26148 74096 3846 45210
45174 26148 67341 3846 45210
45176 26148 82958 3846 45210
45171 26148 82445 3846 45210
45165 26148 77591 3846 45210
45151 26148 66210 3846 45210
45152 26148 75084 3846 45210
45137 26148 78903 3846 45210
45200 26148 71349 3846 45210
45197 26148 83090 3846 45210
45199 26148 66149 3846 45210
45198 26148 74342 3846 45210
45188 26148 74096 3846 45210
45174 26148 67341 3846 45210
45176 26148 82958 3846 45210
45171 26148 82445 3846 45210
45165 26148 77591 3846 45210
45162 25077 62475 3846 45211
45162 25075 75232 3846 45211
45162 25079 57019 3846 45211
45162 25071 72877 3846 45211
45162 25073 85041 3846 45211
45162 25076 86611 3846 45211
45151 26148 66210 3846 45210
45152 26148 75084 3846 45210
45137 26148 78903 3846 45210
45200 26148 71349 3846 45210
45197 26148 83090 3846 45210
45198 26148 74342 3846 45210
45199 26148 66149 3846 45210
45190 25074 64405 3846 45211
45188 26148 74096 3846 45210
45190 25075 62529 3846 45211
45190 25076 60720 3846 45211
45190 25071 62043 3846 45211
45174 26148 67341 3846 45210
45176 26148 82958 3846 45210
45171 26148 82445 3846 45210
45165 26148 77591 3846 45210
45162 25074 69892 3846 45211
45162 25080 67678 3846 45211
45162 26148 66901 3846 45211
45162 26148 66017 3846 45210
45151 26148 66210 3846 45210
45152 26148 75084 3846 45210
45137 26148 78903 3846 45210
45200 26148 71349 3846 45210
45197 26148 83090 3846 45210
45199 26148 66149 3846 45210
45198 26148 74342 3846 45210
45190 25078 75476 3846 45211
45190 25081 60135 3846 45211
45190 25077 59540 3846 45211
45190 25080 84836 3846 45211
45190 26148 67356 3846 45211
45190 26148 69784 3846 45210
45188 26148 74096 3846 45210
45174 26148 67341 3846 45210
45176 26148 82958 3846 45210
45171 26148 82445 3846 45210
45165 26148 77591 3846 45210
45162 26148 66017 3846 45210
45151 26148 66210 3846 45210
45152 26148 75084 3846 45210
45137 26148 78903 3846 45210
45200 26148 71349 3846 45210
45197 26148 83090 3846 45210
45199 26148 66149 3846 45210
45198 26148 74342 3846 45210
45190 26148 69784 3846 45210
45192 25073 68707 3846 45211
45192 25072 67738 3846 45211
45188 26148 74096 3846 45210
45192 25077 87691 3846 45211
45192 25075 60708 3846 45211
45174 26148 67341 3846 45210
45176 26148 82958 3846 45210
45171 26148 82445 3846 45210
45165 26148 77591 3846 45210
45162 26148 66017 3846 45210
45151 26148 66210 3846 45210
45152 26148 75084 3846 45210
45137 26148 78903 3846 45210
45200 26148 71349 3846 45210
45197 26148 83090 3846 45210
45199 26148 66149 3846 45210
45198 26148 74342 3846 45210
45192 26148 63992 3846 45211
45192 26148 74500 3846 45210
45190 26148 69784 3846 45210
45188 26148 74096 3846 45210
45174 26148 67341 3846 45210
45176 26148 82958 3846 45210
45171 26148 82445 3846 45210
45165 26148 77591 3846 45210
45162 26148 66017 3846 45210
45151 26148 66210 3846 45210
45152 26148 75084 3846 45210
45137 26148 78903 3846 45210
45200 26148 71349 3846 45210
45197 26148 83090 3846 45210
45199 26148 66149 3846 45210
45198 26148 74342 3846 45210
45192 26148 74500 3846 45210
45190 26148 69784 3846 45210
45188 26148 74096 3846 45210
45174 26148 67341 3846 45210
45176 26148 82958 3846 45210
45171 26148 82445 3846 45210
45163 25071 81070 3846 45211
45163 25073 57952 3846 45211
45163 25077 85687 3846 45211
45163 26148 63328 3846 45211
45163 26148 81567 3846 45210
45165 26148 77591 3846 45210
45162 26148 66017 3846 45210
45151 26148 66210 3846 45210
45152 26148 75084 3846 45210
45137 26148 78903 3846 45210
45200 26148 71349 3846 45210
45197 26148 83090 3846 45210
45199 26148 66149 3846 45210
45198 26148 74342 3846 45210
45192 26148 74500 3846 45210
45190 26148 69784 3846 45210
45188 26148 74096 3846 45210
45174 26148 67341 3846 45210
45176 26148 82958 3846 45210
45171 26148 82445 3846 45210
45163 26148 81567 3846 45210
45165 26148 77591 3846 45210
45162 26148 66017 3846 45210
45151 26148 66210 3846 45210
45152 26148 75084 3846 45210
45137 26148 78903 3846 45210
45200 26148 71349 3846 45210
45197 26148 83090 3846 45210
45199 26148 66149 3846 45210
45198 26148 74342 3846 45210
45192 26148 74500 3846 45210
45187 25076 63874 3846 45211
45187 25073 75877 3846 45211
45187 25075 86400 3846 45211
45187 25074 80033 3846 45211
45190 26148 69784 3846 45210
45187 25081 70382 3846 45211
45187 25080 86514 3846 45211
45188 26148 74096 3846 45210
45187 25077 84404 3846 45211
45187 25079 71215 3846 45211
45187 25078 54685 3846 45211
45174 26148 67341 3846 45210
45181 25072 61014 3846 45211
45181 25079 85238 3846 45211
45181 25081 63037 3846 45211
45181 25073 82303 3846 45211
45181 25074 64609 3846 45211
45181 25075 82175 3846 45211
45181 25078 86445 3846 45211
45181 26148 84709 3846 45211
45181 26148 70842 3846 45210
45178 25080 62325 3846 45211
45176 26148 82958 3846 45210
45171 26148 82445 3846 45210
45163 26148 81567 3846 45210
45165 26148 77591 3846 45210
45162 26148 66017 3846 45210
45151 26148 66210 3846 45210
45152 26148 75084 3846 45210
45137 26148 78903 3846 45210
45200 26148 71349 3846 45210
45197 26148 83090 3846 45210
45199 26148 66149 3846 45210
45198 26148 74342 3846 45210
45192 26148 74500 3846 45210
45187 26148 57167 3846 45211
45187 26148 65558 3846 45210
45190 26148 69784 3846 45210
45188 26148 74096 3846 45210
45194 26148 78035 3846 45211
45194 26148 81732 3846 45210
45176 26148 82958 3846 45210
45178 25074 57800 3846 45211
45174 26148 67341 3846 45210
45178 25073 69035 3846 45211
45178 25077 84001 3846 45211
45178 25079 74767 3846 45211
45178 25071 66553 3846 45211
45178 25076 64978 3846 45211
45178 25075 81078 3846 45211
45178 25078 69259 3846 45211
45178 25072 83865 3846 45211
45181 26148 70842 3846 45210
45178 26148 77670 3846 45211
45178 26148 69466 3846 45210
45172 25075 87240 3846 45211
45171 26148 82445 3846 45210
45172 25077 57866 3846 45211
45172 25078 56267 3846 45211
45172 25073 69374 3846 45211
45172 25072 82718 3846 45211
45165 26148 77591 3846 45210
45172 25071 73177 3846 45211
45172 25074 55343 3846 45211
45163 26148 81567 3846 45210
45172 25081 77635 3846 45211
45172 26148 62652 3846 45211
45172 26148 70083 3846 45210
45162 26148 66017 3846 45210
45151 26148 66210 3846 45210
45153 25079 85662 3846 45211
45153 25080 68364 3846 45211
45153 25076 87285 3846 45211
45152 26148 75084 3846 45210
45153 26148 85149 3846 45211
45153 26148 65804 3846 45210
45137 26148 78903 3846 45210
45200 26148 71349 3846 45210
45197 26148 83090 3846 45210
45199 26148 66149 3846 45210
45198 26148 74342 3846 45210
45192 26148 74500 3846 45210
45187 26148 65558 3846 45210
45190 26148 69784 3846 45210
45188 26148 74096 3846 45210
45194 26148 81732 3846 45210
45176 26148 82958 3846 45210
45174 26148 67341 3846 45210
45181 26148 70842 3846 45210
45178 26148 69466 3846 45210
45171 26148 82445 3846 45210
45163 26148 81567 3846 45210
45172 26148 70083 3846 45210
45165 26148 77591 3846 45210
45162 26148 66017 3846 45210
45151 26148 66210 3846 45210
45152 26148 75084 3846 45210
45153 26148 65804 3846 45210
45137 26148 78903 3846 45210
45200 26148 71349 3846 45210
45197 26148 83090 3846 45210
45199 26148 66149 3846 45210
45206 25072 84190 3846 45211
45206 25078 79106 3846 45211
45198 26148 74342 3846 45210
45206 25073 65711 3846 45211
45206 25074 75341 3846 45211
45192 26148 74500 3846 45210
45187 26148 65558 3846 45210
45190 26148 69784 3846 45210
45188 26148 74096 3846 45210
45194 26148 81732 3846 45210
45176 26148 82958 3846 45210
45174 26148 67341 3846 45210
45181 26148 70842 3846 45210
45178 26148 69466 3846 45210
45171 26148 82445 3846 45210
45163 26148 81567 3846 45210
45172 26148 70083 3846 45210
45165 26148 77591 3846 45210
45162 26148 66017 3846 45210
45151 26148 66210 3846 45210
45152 26148 75084 3846 45210
45153 26148 65804 3846 45210
45137 26148 78903 3846 45210
45200 26148 71349 3846 45210
45206 25080 79155 3846 45211
45197 26148 83090 3846 45210
45206 25071 70623 3846 45211
45206 25075 86052 3846 45211
45206 25081 80038 3846 45211
45206 25079 58340 3846 45211
45199 26148 66149 3846 45210
45206 26148 61415 3846 45211
45206 26148 66429 3846 45210
45198 26148 74342 3846 45210
45207 25079 87147 3846 45211
45192 26148 74500 3846 45210
45187 26148 65558 3846 45210
45190 26148 69784 3846 45210
45188 26148 74096 3846 45210
45194 26148 81732 3846 45210
45176 26148 82958 3846 45210
45174 26148 67341 3846 45210
45181 26148 70842 3846 45210
45178 26148 69466 3846 45210
45171 26148 82445 3846 45210
45163 26148 81567 3846 45210
45172 26148 70083 3846 45210
45165 26148 77591 3846 45210
45162 26148 66017 3846 45210
45151 26148 66210 3846 45210
45152 26148 75084 3846 45210
45153 26148 65804 3846 45210
45137 26148 78903 3846 45210
45207 25080 85056 3846 45211
45200 26148 71349 3846 45210
45197 26148 83090 3846 45210
45207 25077 56371 3846 45211
45207 25076 69080 3846 45211
45207 25078 63235 3846 45211
45198 26148 74342 3846 45210
45207 25071 73523 3846 45211
45199 26148 66149 3846 45210
45207 25081 64655 3846 45211
45206 26148 66429 3846 45210
45207 25072 84698 3846 45211
45207 25075 72354 3846 45211
45207 26148 59616 3846 45211
45207 26148 68890 3846 45210
45192 26148 74500 3846 45210
45187 26148 65558 3846 45210
45190 26148 69784 3846 45210
45188 26148 74096 3846 45210
45194 26148 81732 3846 45210
45176 26148 82958 3846 45210
45174 26148 67341 3846 45210
45181 26148 70842 3846 45210
45178 26148 69466 3846 45210
45171 26148 82445 3846 45210
45163 26148 81567 3846 45210
45172 26148 70083 3846 45210
45165 26148 77591 3846 45210
45162 26148 66017 3846 45210
45151 26148 66210 3846 45210
45137 26148 78903 3846 45210
45200 26148 71349 3846 45210
45197 26148 83090 3846 45210
45192 26148 74500 3846 45210
45187 26148 65558 3846 45210
45176 26148 82958 3846 45210
45174 26148 67341 3846 45210
45183 45136 75995 3698 45209
45169 45136 73569 3698 45209
45143 45136 80449 3698 45209
