45176 21813 58134 1298 45211
45176 21763 66216 1298 45211
45165 21479 72514 1298 45210
45165 21564 60937 1298 45211
45197 21611 57727 1298 45211
45176 21543 78886 1298 45210
45198 21460 76841 1298 45211
45200 21498 80900 1298 45211
45176 21449 70788 1298 45210
45176 21720 77115 1298 45210
45174 21512 60398 1298 45211
45176 21543 78906 1298 45210
45165 21457 80902 1298 45211
45151 21711 65094 1298 45211
45165 21764 61913 1298 45211
45151 26148 81407 7536 45209
45174 26148 82016 7536 45209
45200 26148 67744 7536 45209
45198 26148 82460 7536 45209
45176 26148 78768 7536 45209
45199 26148 74803 7536 45209
45171 26148 70757 7536 45209
45197 26148 77653 7536 45209
45137 26148 78226 7536 45209
45152 26148 66928 7536 45209
45188 26148 68934 7536 45209
45165 26148 77591 3846 45210
45165 26148 77591 3846 45210
45165 26148 77591 3846 45210
45151 25074 63277 3846 45211
45151 25081 68102 3846 45211
45151 26148 55423 3846 45211
45151 26148 66210 3846 45210
45165 26148 77591 3846 45210
45151 26148 66210 3846 45210
45174 25071 84837 3846 45211
45165 26148 77591 3846 45210
45151 26148 66210 3846 45210
45174 25078 77501 3846 45211
45174 25079 86555 3846 45211
45174 25076 67920 3846 45211
45174 25074 69733 3846 45211
45174 25075 65244 3846 45211
45174 25072 59870 3846 45211
45174 25081 56657 3846 45211
45174 25077 87507 3846 45211
45174 25080 87837 3846 45211
45174 25073 87384 3846 45211
45165 26148 77591 3846 45210
45151 26148 66210 3846 45210
45200 25076 59999 3846 45211
45198 25081 69591 3846 45211
45200 25081 63203 3846 45211
45198 25078 57671 3846 45211
45200 25080 55838 3846 45211
45198 25073 84696 3846 45211
45200 25074 83347 3846 45211
45198 25075 66586 3846 45211
45200 25077 60390 3846 45211
45198 25071 67972 3846 45211
45200 25079 77639 3846 45211
45198 25077 60740 3846 45211
45198 25079 64671 3846 45211
45200 25071 77951 3846 45211
45198 26148 60465 3846 45211
45198 26148 74342 3846 45210
45200 25078 55099 3846 45211
45200 25073 57789 3846 45211
45174 26148 63011 3846 45211
45174 26148 67341 3846 45210
45165 26148 77591 3846 45210
45151 26148 66210 3846 45210
45200 26148 66070 3846 45211
45200 26148 71349 3846 45210
45198 26148 74342 3846 45210
45174 26148 67341 3846 45210
45176 25077 66846 3846 45211
45176 25072 61950 3846 45211
45176 25073 62589 3846 45211
45176 26148 54675 3846 45211
45176 26148 82958 3846 45210
45165 26148 77591 3846 45210
45151 26148 66210 3846 45210
45200 26148 71349 3846 45210
45199 25073 55368 3846 45211
45199 25072 85044 3846 45211
45199 25080 61751 3846 45211
45199 25076 87128 3846 45211
45199 25071 82285 3846 45211
45198 26148 74342 3846 45210
45199 25078 56390 3846 45211
45199 25074 84273 3846 45211
45174 26148 67341 3846 45210
45176 26148 82958 3846 45210
45171 25076 68316 3846 45211
45171 25073 68770 3846 45211
45171 25078 86913 3846 45211
45165 26148 77591 3846 45210
45151 26148 66210 3846 45210
45200 26148 71349 3846 45210
45199 25077 70315 3846 45211
45199 25081 64232 3846 45211
45199 25075 62347 3846 45211
45199 25079 73201 3846 45211
45199 26148 75194 3846 45211
45199 26148 66149 3846 45210
45198 26148 74342 3846 45210
45174 26148 67341 3846 45210
45176 26148 82958 3846 45210
45171 25080 55477 3846 45211
45171 25072 61664 3846 45211
45171 26148 73690 3846 45211
45171 26148 82445 3846 45210
45165 26148 77591 3846 45210
45151 26148 66210 3846 45210
45200 26148 71349 3846 45210
45199 26148 66149 3846 45210
45198 26148 74342 3846 45210
45174 26148 67341 3846 45210
45176 26148 82958 3846 45210
45171 26148 82445 3846 45210
45165 26148 77591 3846 45210
45151 26148 66210 3846 45210
45200 26148 71349 3846 45210
45197 25077 79537 3846 45211
45199 26148 66149 3846 45210
45197 25080 87411 3846 45211
45197 25078 74879 3846 45211
45197 25073 74833 3846 45211
45198 26148 74342 3846 45210
45197 25079 79627 3846 45211
45197 25071 61694 3846 45211
45197 25075 86737 3846 45211
45174 26148 67341 3846 45210
45176 26148 82958 3846 45210
45171 26148 82445 3846 45210
45165 26148 77591 3846 45210
45151 26148 66210 3846 45210
45137 25075 83176 3846 45211
45200 26148 71349 3846 45210
45197 26148 54807 3846 45211
45197 26148 83090 3846 45210
45199 26148 66149 3846 45210
45198 26148 74342 3846 45210
45174 26148 67341 3846 45210
45176 26148 82958 3846 45210
45171 26148 82445 3846 45210
45165 26148 77591 3846 45210
45151 26148 66210 3846 45210
45137 25072 73537 3846 45211
45137 25074 86392 3846 45211
45137 25081 60844 3846 45211
45137 25078 62032 3846 45211
45137 25071 61434 3846 45211
45137 25073 62435 3846 45211
45137 25076 63845 3846 45211
45137 25079 68063 3846 45211
45137 25077 67009 3846 45211
45137 25080 83323 3846 45211
45200 26148 71349 3846 45210
45197 26148 83090 3846 45210
45199 26148 66149 3846 45210
45198 26148 74342 3846 45210
45174 26148 67341 3846 45210
45176 26148 82958 3846 45210
45171 26148 82445 3846 45210
45165 26148 77591 3846 45210
45151 26148 66210 3846 45210
45152 25079 77087 3846 45211
45152 25080 66760 3846 45211
45137 26148 55755 3846 45211
45137 26148 78903 3846 45210
45200 26148 71349 3846 45210
45197 26148 83090 3846 45210
45199 26148 66149 3846 45210
45198 26148 74342 3846 45210
45188 25077 86527 3846 45211
45188 25075 62244 3846 45211
45188 25076 66435 3846 45211
45188 25079 55252 3846 45211
45188 25081 79886 3846 45211
45188 26148 58331 3846 45211
45188 26148 74096 3846 45210
45174 26148 67341 3846 45210
45176 26148 82958 3846 45210
45171 26148 82445 3846 45210
45165 26148 77591 3846 45210
45152 25074 65808 3846 45211
45152 25081 77559 3846 45211
45152 25076 86062 3846 45211
45151 26148 66210 3846 45210
45152 25075 62245 3846 45211
45152 25077 83822 3846 45211
45152 25078 79156 3846 45211
45152 25073 86100 3846 45211
45152 25072 55118 3846 45211
45137 26148 78903 3846 45210
45200 26148 71349 3846 45210
45197 26148 83090 3846 45210
45174 26148 67341 3846 45210
