45190 21446 76756 1298 45210
45190 21619 75854 1298 45210
45178 21549 80885 1298 45210
45192 21815 67128 1298 45211
45137 21588 82640 1298 45210
45197 21752 78269 1298 45210
45165 21534 64280 1298 45211
45174 21588 77570 1298 45210
45174 21827 74504 1298 45210
45181 21508 65776 1298 45210
45165 21449 66907 1298 45210
45187 21454 64630 1298 45211
45151 21671 69262 1298 45211
45152 21589 82453 1298 45211
45141 21827 82694 1298 45210
45200 21495 82583 1298 45211
45194 21715 75168 1298 45210
45199 21703 74895 1298 45210
45152 21472 58958 1298 45211
45138 21507 79494 1298 45210
45165 21699 82358 1298 45211
45151 21478 68324 1298 45210
45156 21771 84034 1298 45211
45171 21827 75043 1298 45210
45176 21548 85450 1298 45211
45163 21593 71031 1298 45210
45186 21588 78709 1298 45210
45146 21503 71535 1298 45210
45141 21658 75324 1298 45211
45192 21528 68493 1298 45211
45171 21478 83650 1298 45210
45157 21576 59602 1298 45211
45192 21508 66833 1298 45210
45137 21827 73632 1298 45210
45172 21770 81856 1298 45210
45151 21823 73906 1298 45210
45188 21492 71593 1298 45210
45190 21503 67660 1298 45210
45190 21492 76320 1298 45210
45156 21497 58395 1298 45211
45207 21508 68712 1298 45210
45177 21752 82696 1298 45210
45188 21550 66930 1298 45210
45188 21583 80329 1298 45210
45152 21583 76323 1298 45210
45207 21742 72937 1298 45211
45157 21805 60472 1298 45211
45162 21812 84752 1298 45211
45187 21588 74815 1298 45210
45141 21524 82027 1298 45211
45207 21550 66818 1298 45210
45188 21449 68089 1298 45210
45192 21726 83375 1298 45211
45163 21459 81663 1298 45211
45190 21446 76745 1298 45210
45151 21703 66214 1298 45210
45141 21646 78305 1298 45210
45153 21450 76388 1298 45211
45156 21479 75980 1298 45210
45157 21674 87452 1298 45211
45175 21616 87252 1298 45211
45181 21770 73909 1298 45210
45163 21593 71021 1298 45210
45197 21609 85527 1298 45211
45186 21731 74671 1298 45211
45194 21503 73566 1298 45210
45187 21610 63973 1298 45211
45177 21466 80502 1298 45211
45163 21593 71066 1298 45210
45171 21492 68727 1298 45210
45197 21718 82993 1298 45211
45165 21479 75688 1298 45210
45175 21462 70758 1298 45211
45141 21827 82684 1298 45210
45192 21478 80819 1298 45210
45178 21607 78785 1298 45210
45188 21583 80418 1298 45210
45200 21620 75861 1298 45211
45172 21776 60933 1298 45211
45197 21770 79318 1298 45210
45199 21709 79165 1298 45210
45200 21770 81280 1298 45210
45153 21661 65921 1298 45210
45156 21655 63167 1298 45211
45197 21713 81853 1298 45210
45137 21487 75656 1298 45211
45151 21650 69248 1298 45210
45200 21661 70013 1298 45210
45138 21650 75599 1298 45210
45197 21713 81695 1298 45210
45190 21492 76340 1298 45210
45146 21503 71444 1298 45210
45138 21767 65733 1298 45210
45207 21798 61326 1298 45211
45151 21786 66937 1298 45211
45151 21619 72011 1298 45210
45188 21550 67046 1298 45210
45186 21823 68540 1298 45210
45192 21471 63153 1298 45211
45186 21478 72653 1298 45210
45206 21479 69275 1298 45210
45178 21492 68878 1298 45210
45165 21479 75351 1298 45210
45181 21550 68077 1298 45210
45181 21661 66302 1298 45210
45171 21514 78327 1298 45211
45176 21503 74792 1298 45210
45197 21449 82066 1298 45210
45153 21790 80639 1298 45211
45181 21661 66062 1298 45210
45152 21827 82332 1298 45210
45176 21698 82114 1298 45211
45190 21619 76029 1298 45210
45151 21661 66142 1298 45210
45172 21725 71856 1298 45210
45192 21492 66984 1298 45210
45152 21770 83303 1298 45210
45171 21508 65514 1298 45210
45174 21503 66981 1298 45210
45165 21823 74881 1298 45210
45137 21715 79716 1298 45210
45187 21588 74684 1298 45210
45194 21707 72371 1298 45210
45166 26148 65673 3846 45210
45146 26148 68529 3846 45210
45166 26148 65673 3846 45210
45146 26148 68529 3846 45210
45166 26148 65673 3846 45210
45146 26148 68529 3846 45210
45166 26148 65673 3846 45210
45146 26148 68529 3846 45210
45166 26148 65673 3846 45210
45146 26148 68529 3846 45210
45166 26148 65673 3846 45210
45146 26148 68529 3846 45210
45166 26148 65673 3846 45210
45146 26148 68529 3846 45210
45166 26148 65673 3846 45210
45166 26148 65673 3846 45210
45166 26148 65673 3846 45210
45166 26148 65673 3846 45210
45175 26148 77645 3846 45210
45175 26148 77645 3846 45210
45178 26148 69466 3846 45210
45178 26148 69466 3846 45210
45198 15729 80158 7535 45210
45198 15729 79244 7535 45211
45188 15729 70456 7535 45210
45162 15729 78855 7535 45210
45176 15729 74128 7535 45210
45188 15729 69569 7535 45210
45176 15729 74262 7535 45210
45165 15729 75835 7535 45211
45171 15729 70278 7535 45210
45162 15729 78786 7535 45210
45207 15729 81560 7535 45210
45176 15729 73375 7535 45211
45171 15729 70271 7535 45210
45166 15729 68130 7535 45210
45198 15729 80156 7535 45210
45188 15729 70465 7535 45210
45200 15729 65963 7535 45210
45166 15729 68073 7535 45210
45206 15729 81015 7535 45210
45166 15729 68051 7535 45210
45206 15729 80944 7535 45211
45198 15729 80132 7535 45210
45176 15729 74247 7535 45210
45165 15729 76871 7535 45210
45190 15729 69691 7535 45210
45171 15729 70279 7535 45210
45162 15729 78895 7535 45211
45151 15729 68437 7535 45210
45166 15729 68032 7535 45210
45166 15729 68138 7535 45210
45172 15729 73316 7535 45210
45178 15729 70974 7535 45211
45188 15729 70430 7535 45210
45198 15729 80150 7535 45210
45207 15729 81669 7535 45210
45176 15729 74207 7535 45210
45207 15729 81562 7535 45210
45206 15729 81010 7535 45210
45162 15729 78838 7535 45210
45176 15729 74117 7535 45210
45207 15729 81580 7535 45210
45207 15729 80693 7535 45211
45171 15729 70299 7535 45210
45200 15729 65968 7535 45210
45176 15729 74269 7535 45210
45199 15729 68401 7535 45210
45190 15729 69694 7535 45210
45157 15729 74636 7535 45210
45162 15729 78775 7535 45210
45198 15729 79244 7535 45211
45176 15729 74199 7535 45210
45162 15729 78870 7535 45210
45166 15729 67260 7535 45211
45199 15729 68399 7535 45210
45166 15729 68048 7535 45210
45176 15729 74272 7535 45210
45206 15729 79943 7535 45211
45171 15729 70275 7535 45210
45206 15729 81019 7535 45210
45162 15729 77863 7535 45211
45207 15729 81550 7535 45210
45162 15729 78780 7535 45210
45190 15729 68876 7535 45211
45166 15729 68045 7535 45210
45200 15729 83870 7535 45211
45162 15729 78879 7535 45210
45157 15729 74646 7535 45210
45162 15729 78881 7535 45210
45198 15729 80136 7535 45210
45166 15729 68061 7535 45210
45207 15729 81556 7535 45210
45162 15729 78826 7535 45210
45207 15729 81673 7535 45210
45176 15729 74250 7535 45210
45157 15729 73899 7535 45211
45166 15729 68146 7535 45210
45207 15729 80588 7535 45211
45207 15729 81671 7535 45210
45206 15729 80998 7535 45210
45199 15729 67648 7535 45210
45206 15729 80959 7535 45210
45171 15729 70283 7535 45210
45206 15729 80979 7535 45210
45157 15729 74650 7535 45210
45162 15729 78859 7535 45210
45206 15729 80982 7535 45210
45162 15729 77863 7535 45211
45166 15729 68064 7535 45210
45162 15729 78817 7535 45211
45199 15729 67365 7535 45211
45207 15729 81619 7535 45210
45162 15729 78788 7535 45210
45162 15729 78857 7535 45210
45206 15729 80984 7535 45210
45165 15729 76899 7535 45210
45157 15729 74634 7535 45210
45198 15729 80140 7535 45210
45200 15729 65955 7535 45210
45176 15729 74134 7535 45210
45151 15729 68425 7535 45210
45207 15729 81636 7535 45210
45166 15729 68038 7535 45210
45166 15729 68132 7535 45210
45171 15729 69527 7535 45210
45176 15729 74213 7535 45210
45162 15729 78825 7535 45210
45176 15729 74179 7535 45210
45157 15729 74652 7535 45210
45157 15729 74637 7535 45210
45190 15729 69679 7535 45210
45207 15729 81684 7535 45210
45207 15729 81594 7535 45210
45172 15729 72478 7535 45211
45162 15729 78792 7535 45210
45171 15729 70267 7535 45210
45162 15729 78824 7535 45211
45165 15729 76896 7535 45210
45141 15729 82088 7535 45210
45165 15729 76876 7535 45210
45141 15729 82110 7535 45210
45207 15729 81606 7535 45210
45162 15729 78805 7535 45211
45206 15729 80927 7535 45210
45162 15729 78872 7535 45211
45172 15729 73359 7535 45210
45176 15729 74191 7535 45210
45165 15729 76859 7535 45210
45162 15729 77863 7535 45211
45172 15729 72478 7535 45211
45165 15729 76886 7535 45210
45151 15729 68439 7535 45210
45162 15729 78832 7535 45210
45176 15729 74241 7535 45210
45188 15729 70427 7535 45210
45162 15729 78848 7535 45210
45207 15729 81564 7535 45210
45157 15729 74651 7535 45210
45151 15729 68427 7535 45210
45157 15729 74645 7535 45210
45166 15729 68129 7535 45210
45166 15729 68072 7535 45210
45176 15729 74274 7535 45210
45207 15729 81596 7535 45210
45165 15729 76874 7535 45210
45157 15729 74656 7535 45210
45166 15729 68058 7535 45210
45172 15729 73310 7535 45210
45176 15729 74119 7535 45210
45162 15729 78897 7535 45210
45200 15729 65966 7535 45210
45176 15729 73514 7535 45210
45207 15729 80635 7535 45210
45151 15729 68429 7535 45210
45165 15729 76889 7535 45210
45207 15729 81552 7535 45210
45162 15729 78781 7535 45210
45162 15729 78898 7535 45210
45188 15729 70451 7535 45210
45151 15729 68443 7535 45210
45207 15729 81674 7535 45210
45176 15729 74249 7535 45210
45207 15729 81629 7535 45210
45162 15729 78845 7535 45210
45166 15729 68141 7535 45210
45166 15729 68110 7535 45210
45190 15729 69688 7535 45210
45188 15729 70446 7535 45210
45166 15729 68147 7535 45210
45188 15729 70450 7535 45210
45172 15729 72483 7535 45210
45176 15729 74201 7535 45210
45198 15729 79246 7535 45210
45166 15729 68034 7535 45210
45206 15729 81017 7535 45210
45162 15729 78795 7535 45210
45199 15729 68394 7535 45210
45206 15729 80206 7535 45211
45171 15729 70284 7535 45210
45207 15729 81591 7535 45210
45165 15729 76884 7535 45210
45162 15729 78888 7535 45210
45157 15729 73899 7535 45211
45176 15729 74248 7535 45210
45207 15729 81683 7535 45210
45198 15729 80144 7535 45210
45162 15729 77886 7535 45211
45172 15729 73322 7535 45210
45190 15729 68876 7535 45211
45157 15729 74639 7535 45210
45172 15729 72478 7535 45211
45178 15729 70916 7535 45211
45206 15729 81020 7535 45210
45162 15729 77993 7535 45211
45190 15729 69681 7535 45210
45207 15729 81688 7535 45210
45200 15729 65971 7535 45210
45176 15729 74216 7535 45210
45207 15729 81573 7535 45210
45176 15729 74264 7535 45210
45166 15729 68017 7535 45210
45176 15729 74136 7535 45210
45176 15729 74173 7535 45210
45141 15729 82083 7535 45210
45207 15729 81640 7535 45210
45176 15729 73359 7535 45211
45162 15729 78867 7535 45210
45206 15729 80950 7535 45210
45207 15729 81563 7535 45210
45188 15729 70433 7535 45210
45166 15729 68068 7535 45210
45176 15729 74200 7535 45210
45176 15729 74240 7535 45210
45141 15729 82113 7535 45210
45166 15729 67265 7535 45211
45162 15729 77993 7535 45211
45176 15729 74125 7535 45210
45165 15729 76880 7535 45210
45206 15729 80948 7535 45210
45188 15729 70464 7535 45210
45187 15729 76980 7535 45211
45165 15729 76891 7535 45210
45207 15729 81668 7535 45210
45207 15729 81664 7535 45210
45157 15729 74657 7535 45210
45206 15729 80965 7535 45211
45171 15729 70289 7535 45210
45206 15729 80926 7535 45210
45178 15729 70916 7535 45211
45166 15729 68027 7535 45210
45207 15729 81569 7535 45210
45162 15729 78801 7535 45210
45186 15729 79270 7535 45211
45172 15729 73345 7535 45210
45141 15729 82085 7535 45210
45165 15729 76907 7535 45210
45200 15729 65977 7535 45210
45157 15729 74648 7535 45210
45141 15729 82116 7535 45210
45166 15729 67266 7535 45210
45207 15729 81570 7535 45210
45199 15729 68384 7535 45210
45207 15729 81641 7535 45210
45171 15729 70280 7535 45210
45176 15729 74197 7535 45210
45171 15729 70285 7535 45210
45162 15729 77993 7535 45211
45171 15729 70287 7535 45210
45200 15729 83872 7535 45210
45207 15729 81608 7535 45210
45171 15729 69521 7535 45211
45207 15729 81576 7535 45210
45207 15729 81618 7535 45210
45207 15729 81690 7535 45210
45207 15729 80588 7535 45211
45165 15729 75835 7535 45211
45166 15729 68030 7535 45210
45176 15729 73236 7535 45211
45206 15729 80206 7535 45211
45166 15729 68081 7535 45211
45198 15729 80152 7535 45210
45188 15729 70454 7535 45210
45207 15729 81676 7535 45210
45176 15729 74124 7535 45210
45207 15729 81558 7535 45210
45172 15729 72480 7535 45211
45207 15729 81681 7535 45210
45207 15729 81553 7535 45210
45206 15729 80206 7535 45211
45200 15729 65974 7535 45210
45153 15729 78520 7535 45211
45166 15729 68025 7535 45210
45207 15729 81645 7535 45210
45206 15729 80915 7535 45210
45166 15729 67142 7535 45211
45188 15729 70434 7535 45210
45166 15729 68154 7535 45210
45188 15729 69566 7535 45211
45166 15729 68124 7535 45210
45162 15729 78812 7535 45210
45206 15729 80121 7535 45211
45176 15729 74138 7535 45210
45162 15729 77987 7535 45211
45207 15729 81585 7535 45210
45157 15729 73901 7535 45210
45200 15729 65975 7535 45210
45166 15729 67260 7535 45211
45176 15729 74245 7535 45210
45151 15729 68432 7535 45210
45176 15729 73375 7535 45211
45162 15729 78865 7535 45210
45176 15729 74194 7535 45210
45206 15729 80195 7535 45211
45183 45136 75996 3698 45209
45169 45136 67042 3698 45209
45143 45136 78139 3698 45209
