45187 21703 78213 1298 45210
45199 21492 73037 1298 45210
45174 21626 71871 1298 45211
45165 21449 71317 1298 45210
45207 21479 78513 1298 45210
45194 21470 74973 1298 45211
45186 21703 83411 1298 45210
45137 21593 65847 1298 45210
45186 21619 72214 1298 45210
45186 21823 72384 1298 45210
45141 21827 66498 1298 45210
45174 21588 80528 1298 45210
45151 21478 72102 1298 45210
45207 21508 71940 1298 45210
45163 21770 68341 1298 45210
45192 21446 68910 1298 45210
45187 21703 77346 1298 45210
45141 21825 73512 1298 45210
45175 21593 70685 1298 45210
45172 21446 78223 1298 45210
45165 21703 80939 1298 45210
45187 21715 66256 1298 45210
45138 21593 80339 1298 45210
45200 21688 62996 1298 45211
45181 21770 78070 1298 45210
45177 21550 75552 1298 45210
45178 21767 73647 1298 45210
45153 21478 66809 1298 45210
45174 21646 68067 1298 45210
45200 21707 77473 1298 45210
45186 21492 70372 1298 45210
45137 21588 68094 1298 45210
45162 21520 78582 1298 45211
45187 21650 77896 1298 45210
45186 21823 73316 1298 45210
45198 21703 77831 1298 45210
45153 21583 79457 1298 45210
45200 21619 69821 1298 45210
45178 21767 73592 1298 45210
45188 21703 69135 1298 45210
45200 21650 67638 1298 45210
45153 21646 74421 1298 45210
45177 21661 75077 1298 45210
45176 21593 68342 1298 45210
45178 21646 66650 1298 45210
45194 21715 77394 1298 45210
45166 21474 87627 1298 45211
45206 21449 82420 1298 45210
45138 21607 75547 1298 45210
45171 21752 82948 1298 45210
45198 21703 77719 1298 45210
45187 21703 77301 1298 45210
45188 21703 69042 1298 45210
45165 21752 69496 1298 45210
45187 21821 75281 1298 45210
45206 21507 69420 1298 45210
45206 21550 74158 1298 45210
45176 21446 68860 1298 45210
45172 21737 62091 1298 45211
45137 21685 63734 1298 45211
45162 21715 76690 1298 45210
45188 21550 71571 1298 45210
45187 21741 65338 1298 45211
45172 21797 76101 1298 45211
45192 21496 71920 1298 45211
45152 21583 80518 1298 45210
45181 21549 83003 1298 45210
45175 21719 85457 1298 45211
45200 21826 84523 1298 45211
45171 21823 72938 1298 45210
45192 21807 80057 1298 45211
45187 21655 58961 1298 45211
45192 21492 70492 1298 45210
45157 21646 74505 1298 45210
45190 21703 83342 1298 45210
45174 21646 67835 1298 45210
45146 21503 74689 1298 45210
45178 21820 81817 1298 45211
45166 21823 75039 1298 45210
45175 21619 72093 1298 45210
45187 21703 78111 1298 45210
45146 21821 70353 1298 45210
45181 21645 57712 1298 45211
45162 21823 72572 1298 45210
45187 21646 82009 1298 45210
45178 21478 69838 1298 45210
45187 21583 73929 1298 45210
45166 21492 76862 1298 45210
45177 21752 66529 1298 45210
45152 21708 68650 1298 45211
45171 21827 78663 1298 45210
45198 21479 67068 1298 45210
45152 21709 83274 1298 45210
45206 21715 68495 1298 45210
45207 21550 69962 1298 45210
45206 21643 62161 1298 45211
45207 21725 66119 1298 45210
45176 21725 72942 1298 45210
45152 21767 81374 1298 45210
45200 21662 86373 1298 45211
45194 21825 74093 1298 45210
45137 21827 78401 1298 45210
45152 21661 65627 1298 45210
45187 21449 76001 1298 45210
45174 21673 61629 1298 45211
45192 21446 68077 1298 45210
45165 21449 72238 1298 45210
45175 21777 75487 1298 45211
45181 21443 82913 1298 45211
45200 21555 64512 1298 45211
45137 21776 86050 1298 45211
45206 21707 82713 1298 45210
45187 21821 74923 1298 45210
45174 21549 81116 1298 45210
45175 21653 82571 1298 45211
45162 21755 70070 1298 45211
45157 21767 71906 1298 45210
45157 21507 76072 1298 45210
45162 21545 84335 1298 45211
45162 21821 66689 1298 45210
45178 21725 74576 1298 45210
45137 21826 64802 1298 45211
45172 21725 74436 1298 45210
45186 21479 78129 1298 45210
45146 21827 71650 1298 45210
45156 21661 66455 1298 45210
45186 21583 75228 1298 45210
45153 21817 63885 1298 45211
45146 21549 71164 1298 45210
45165 21465 73241 1298 45211
45197 21770 83566 1298 45210
45172 21725 74813 1298 45210
45207 21646 79833 1298 45210
45181 21550 72614 1298 45210
45157 21825 75025 1298 45210
45141 21532 69796 1298 45211
45186 21492 70187 1298 45210
45153 21550 72893 1298 45210
45151 21627 80908 1298 45211
45200 21619 70255 1298 45210
45200 21521 58710 1298 45211
45163 21770 68537 1298 45210
45171 21752 82282 1298 45210
45156 21703 77362 1298 45210
45137 21577 55505 1298 45211
45192 21508 70393 1298 45210
45141 21550 82542 1298 45210
45181 21550 71739 1298 45210
45141 21472 77945 1298 45211
45138 21624 86688 1298 45211
45171 21492 71918 1298 45210
45187 21650 78676 1298 45210
45199 21507 77408 1298 45210
45181 21550 71651 1298 45210
45175 21823 77151 1298 45210
45207 21619 69267 1298 45210
45177 21661 74963 1298 45210
45157 21770 65456 1298 45210
45198 21583 74024 1298 45210
45163 21593 74622 1298 45210
45171 21492 72151 1298 45210
45151 21703 69942 1298 45210
45200 21725 67746 1298 45210
45141 21598 77694 1298 45211
45199 21707 70934 1298 45210
45181 21550 72757 1298 45210
45171 21697 54733 1298 45211
45186 21508 82857 1298 45210
45151 21583 77026 1298 45210
45162 21468 56291 1298 45211
45163 21823 72371 1298 45210
45194 21449 79611 1298 45210
45146 21661 81509 1298 45210
45192 21538 78164 1298 45211
45156 21752 71898 1298 45210
45187 21821 74803 1298 45210
45146 21823 69540 1298 45210
45181 21770 77606 1298 45210
45207 21479 78810 1298 45210
45153 21446 81375 1298 45210
45152 21476 84037 1298 45211
45165 21752 70416 1298 45210
45206 21550 74198 1298 45210
45181 21770 78936 1298 45210
45187 21703 77720 1298 45210
45146 21749 73679 1298 45211
45181 21593 79031 1298 45210
45194 21821 69331 1298 45210
45141 21713 73449 1298 45210
45165 21573 85419 1298 45211
45192 21492 70539 1298 45210
45181 21549 83511 1298 45210
45178 21607 82826 1298 45210
45177 21492 66081 1298 45210
45198 21619 83022 1298 45210
45156 21752 71813 1298 45210
45152 21725 71716 1298 45210
45186 21827 66622 1298 45210
45192 21619 77379 1298 45210
45171 21827 79108 1298 45210
45141 21703 68225 1298 45210
45186 21707 75851 1298 45210
45192 21703 74470 1298 45210
45198 21593 81556 1298 45210
45199 21770 70123 1298 45210
45174 21646 68278 1298 45210
45165 21703 80984 1298 45210
45162 21709 68825 1298 45210
45186 21823 72546 1298 45210
45188 21704 75993 1298 45211
45188 21703 69487 1298 45210
45187 21478 72437 1298 45210
45190 21827 74222 1298 45210
45188 21821 72343 1298 45210
45176 21825 83783 1298 45210
45186 21446 75025 1298 45210
45178 21767 74319 1298 45210
45156 21725 65883 1298 45210
45188 21667 76170 1298 45211
45176 21463 60838 1298 45211
45187 21478 72689 1298 45210
45192 21593 67852 1298 45210
45187 21585 66343 1298 45211
45188 26148 74096 3846 45210
45151 26148 66210 3846 45210
45138 26148 72450 3846 45210
45174 26148 67341 3846 45210
45151 26148 66210 3846 45210
45138 26148 72450 3846 45210
45198 26148 74342 3846 45210
45151 26148 66210 3846 45210
45198 26148 74342 3846 45210
45151 26148 66210 3846 45210
45198 26148 74342 3846 45210
45187 26148 65558 3846 45210
45198 26148 74342 3846 45210
45175 26148 77645 3846 45210
45166 26148 65673 3846 45210
45198 26148 74342 3846 45210
45187 26148 65558 3846 45210
45166 26148 65673 3846 45210
45198 26148 74342 3846 45211
45187 26148 65558 3846 45210
45175 26148 77645 3846 45210
45166 26148 65673 3846 45210
45187 26148 65558 3846 45210
45175 26148 77645 3846 45210
45171 26148 82445 3846 45210
45137 26148 78903 3846 45210
45198 26148 74342 3846 45210
45175 26148 77645 3846 45210
45171 26148 82445 3846 45210
45166 26148 65673 3846 45210
45137 26148 78903 3846 45210
45175 26148 77645 3846 45210
45171 26148 82445 3846 45210
45166 26148 65673 3846 45210
45137 26148 78903 3846 45210
45187 26148 65558 3846 45210
45166 26148 65673 3846 45210
45166 26148 65673 3846 45210
45206 26148 66429 3846 45210
45166 26148 65673 3846 45210
45183 45136 77084 3698 45209
45169 45136 73573 3698 45209
45143 45136 78141 3698 45209
