45180 25082 70631 1298 45210
45200 25082 78437 1298 45210
45143 25082 66996 1298 45210
45140 21672 70746 1298 45210
45164 25070 82765 1298 45210
45187 25070 81821 1298 45210
45143 25082 66947 1298 45210
45140 21672 70743 1298 45210
45164 25070 87706 1298 45211
45148 25082 85641 1298 45211
45174 25082 54634 1298 45211
45198 25082 74109 1298 45211
45179 21614 61897 1298 45211
45164 25070 84802 1298 45211
45176 21536 67080 1298 45211
45172 21536 55040 1298 45211
45148 25082 66116 1298 45211
45151 25070 67118 1298 45211
45199 25070 83183 1298 45211
45152 21614 82046 1298 45211
45144 21614 71723 1298 45211
45187 25070 86444 1298 45211
45180 25082 87454 1298 45211
45174 21778 64898 1298 45211
45171 21784 68272 1298 45211
45148 25082 62620 1298 45211
45193 21778 58598 1298 45211
45143 25082 70818 1298 45211
45137 21782 58115 1298 45211
45194 25082 58339 1298 45211
45182 21782 75868 1298 45211
45150 21656 85286 1298 45211
45150 25070 84753 1298 45211
45140 21672 64655 1298 45211
45200 25070 74326 1298 45211
45205 21666 59516 1298 45211
45197 21614 55609 1298 45211
45188 21672 65573 1298 45211
45184 25070 64033 1298 45211
45169 21784 61755 1298 45211
45152 21672 67038 1298 45211
45184 25082 68766 1298 45210
45184 25082 68768 1298 45210
45152 25070 82751 1298 45211
45142 21614 74310 1298 45211
45142 21782 68995 1298 45211
45144 25082 62343 1298 45211
45188 25070 59696 1298 45211
45181 21656 70689 1298 45211
45181 21536 58185 1298 45211
45183 21782 64316 1298 45211
45180 25082 70690 1298 45211
45168 21672 64551 1298 45211
45158 21784 54907 1298 45211
45162 21778 66494 1298 45211
45191 21778 66248 1298 45211
45190 21440 55377 1298 45211
45188 25070 71884 1298 45211
45188 25070 71886 1298 45211
45195 25082 61497 1298 45211
45163 21666 65276 1298 45211
45171 25082 66322 1298 45211
45137 25070 61565 1298 45211
45197 21614 85070 1298 45211
45152 28742 66572 5937 45211
45153 30947 87227 1433 45211
45147 45128 73507 1668 45211
45137 16793 87727 4419 45211
45137 33995 60006 6587 45211
45138 16165 61995 526 45211
45146 29345 82230 3237 45211
45141 23022 74939 5899 45211
45141 35071 67629 5481 45211
45143 38841 82813 4412 45211
45204 14675 80226 8073 45211
45206 39756 72797 6612 45211
45198 33522 56910 4737 45211
45206 20199 62307 1803 45211
45207 16854 84369 1188 45211
45200 37873 82858 2988 45211
45199 10940 61989 3431 45211
45203 34713 64927 5739 45211
45205 16445 87481 9544 45211
45204 15689 77936 9257 45211
45205 44504 62155 1393 45211
45202 31776 61176 9637 45211
45207 26784 67100 6421 45211
45206 38670 57315 9568 45211
45201 39069 64222 6725 45211
45207 40376 76163 8935 45211
45199 18963 54976 5472 45211
45206 41246 71960 1012 45211
45186 20245 79351 9330 45211
45186 34740 77942 7855 45211
45187 14941 82775 6288 45211
45189 28351 78174 9002 45211
45194 42420 60215 2173 45211
45191 30068 83460 4180 45211
45186 15083 62825 5640 45211
45187 35658 69834 247 45211
45191 38243 66558 6525 45211
45196 38040 60315 826 45211
45179 17993 63607 8497 45211
45185 18868 69003 8840 45211
45175 22216 59529 6473 45211
45180 33650 79914 2958 45211
45177 12129 65920 5306 45211
45175 18296 65596 2540 45211
45178 16192 59078 1945 45211
45178 26084 68260 7105 45211
45179 20917 80803 5545 45211
45183 36933 66847 1968 45211
45185 15465 67599 5638 45211
45183 31314 65668 6949 45211
45178 14327 83620 3443 45211
45185 18962 67260 4097 45211
45180 14510 62329 1301 45211
45172 32448 64534 3374 45211
45170 26380 76721 9291 45211
45164 17462 71896 8928 45211
45169 27617 61223 2816 45211
45163 30372 63399 7773 45211
45169 36004 87473 1835 45211
45172 21146 87629 8067 45211
45166 42870 64328 9671 45211
45166 33043 81588 5416 45211
45163 11190 56947 5610 45211
45170 20400 71474 7789 45211
45165 11260 85126 9103 45211
45164 11739 69588 5364 45211
45168 44636 57094 1565 45211
45169 39630 70250 2603 45211
45171 36530 62182 1251 45211
45169 44931 57032 6390 45211
45169 20892 70132 7050 45211
45163 40586 63525 6417 45211
45170 37382 57447 9649 45211
45156 41659 59295 3136 45211
45161 24587 71165 4463 45211
45156 17078 65333 2529 45211
45156 12457 77155 1176 45211
45156 13860 79761 476 45211
45162 36205 68957 3666 45211
45155 15603 67515 1124 45211
45158 19184 81947 7741 45211
45156 10836 70382 8449 45211
45158 29863 80786 2695 45211
45162 40814 69334 8300 45211
45156 19497 86453 4274 45211
45162 26036 58388 974 45211
45158 31214 59728 6660 45211
45159 24806 85003 1035 45211
45157 19458 55114 9684 45211
45160 27704 76694 6695 45211
45162 13402 58622 8523 45211
45159 15499 61956 6045 45211
45157 42931 86014 8859 45211
45158 34334 55082 3740 45211
45159 19261 59984 9567 45211
45159 33793 69819 3605 45211
45162 38259 61536 8755 45211
45160 30687 80495 2597 45211
45160 30427 57264 5073 45211
45159 43878 54634 3644 45211
45161 24766 78794 9393 45211
45155 9837 60384 8048 45211
45155 43085 74387 8644 45211
45154 36189 78602 1524 45211
45150 43160 58664 3147 45211
45154 25203 57049 7792 45211
45154 28706 61637 29 45211
45151 32252 57349 5410 45211
45151 11940 80908 3455 45211
45152 42244 63485 5866 45211
45147 35358 86622 6940 45211
45153 31292 74224 5843 45211
45147 20534 83652 3197 45211
45153 42955 84687 4125 45211
45153 40663 79990 7377 45211
45149 44100 59856 6572 45211
45152 12159 67121 1003 45211
45150 15378 60965 445 45211
45153 42577 57067 6422 45211
45150 38389 73948 166 45211
45150 41094 74374 1035 45211
45151 23815 64640 1755 45211
45148 10027 84728 5795 45211
45152 40492 56728 4722 45211
45152 40675 64107 5236 45211
45150 23061 76468 5935 45211
45154 24319 63212 1259 45211
45152 45098 55391 2387 45211
45147 16274 65561 2740 45211
45149 23761 64926 1747 45211
45150 38959 83523 1768 45211
45147 20911 84884 1154 45211
45154 22008 58329 1340 45211
45148 26553 77787 1669 45211
45152 19603 75260 4485 45211
45149 11515 55146 8387 45211
45153 34693 78146 4859 45211
45138 40566 85194 8803 45211
45140 36751 54640 6950 45211
45143 23209 87619 8634 45211
45144 10666 58584 722 45211
45141 18839 56008 1323 45211
45141 41798 87560 4067 45211
45141 43171 86087 891 45211
45137 31858 56216 6434 45211
45138 34392 64420 4855 45211
45141 31033 81353 439 45211
45137 21269 56980 4799 45211
45144 27740 59926 2362 45211
45142 11301 84011 9344 45211
45141 40344 69527 6315 45211
45141 36923 83406 5982 45211
45139 18288 67732 3199 45211
45139 26692 55433 8642 45211
45145 31498 58079 8311 45211
45140 43645 76226 4647 45211
45143 35984 61324 4702 45211
45142 17898 83177 7936 45211
45139 44495 86587 8387 45211
45141 35898 61921 7751 45211
45141 30748 85664 3612 45211
45145 23392 63182 7044 45211
45142 25708 60011 1154 45211
45140 24047 57643 5394 45211
45142 10033 55727 9573 45211
45140 14243 63797 640 45211
45140 22071 74525 2927 45211
45137 33207 62498 8502 45211
45139 18301 69237 3801 45211
45141 9711 81418 7510 45211
45138 35173 82324 3428 45211
45144 27867 79201 7209 45211
45140 39509 73618 8961 45211
45140 16153 58798 482 45211
45143 26181 73580 5778 45211
45137 43602 57782 3776 45211
45141 28235 81283 1536 45211
45138 14377 68048 4485 45211
45146 37459 85915 9300 45211
45203 36065 64208 8155 45211
45203 24651 63811 2311 45211
45206 37920 82307 5981 45211
45205 23565 62728 2078 45211
45200 11600 76269 334 45211
45200 35823 61772 234 45211
45204 42484 60433 5935 45211
45200 19863 87588 1506 45211
45198 15327 86710 3833 45211
45207 40768 83308 6138 45211
45206 16143 64540 5600 45211
45202 13870 71783 8578 45211
45202 23277 61054 2409 45211
45197 27594 63835 9099 45211
45207 10763 76114 1101 45211
45202 38016 81743 7894 45211
45199 27092 84391 1369 45211
45202 43414 79857 4517 45211
45200 35350 75251 7616 45211
45189 27031 64008 3297 45211
45190 19065 73150 6394 45211
45192 28785 83914 3719 45211
45186 22478 61532 60 45211
45186 31135 84583 5030 45211
45186 25937 62609 769 45211
45191 26016 64053 1010 45211
45188 19582 57923 5801 45211
45190 43753 56190 6800 45211
45195 14554 63722 5645 45211
45187 22499 70455 4615 45211
45195 23977 86833 1676 45211
45195 15638 58068 3731 45211
45195 38454 69581 5367 45211
45194 19954 65538 1858 45211
45187 18060 68611 547 45211
45188 44550 57228 6319 45211
45187 40891 57203 5447 45211
45187 25976 75091 2263 45211
45193 25914 70772 2691 45211
45191 26012 67687 3947 45211
45189 14240 77994 2088 45211
45188 24271 55184 6419 45211
45187 30052 65967 3414 45211
45192 12049 63130 2736 45211
45181 26082 60479 8835 45211
45182 20639 55026 8018 45211
45184 45000 80323 5636 45211
45174 41543 58070 3497 45211
45185 18135 75037 9113 45211
45178 15319 86031 1391 45211
45182 43044 66882 4582 45211
45178 40517 81494 6872 45211
45180 33187 63093 5327 45211
45182 21939 62053 4322 45211
45175 31053 81068 6540 45211
45179 11658 73582 215 45211
45177 17932 67263 342 45211
45176 22577 76138 7404 45211
45178 39396 82877 1450 45211
45176 26898 67551 2102 45211
45175 38986 87442 5303 45211
45174 18803 72762 5472 45211
45174 14602 61621 8089 45211
45183 27792 86092 9459 45211
45177 39496 84189 7677 45211
45184 28863 54492 3582 45211
45179 41715 61048 4506 45211
45176 19599 79817 4131 45211
45173 40096 82161 6451 45211
45165 40370 55716 731 45211
45173 18507 81061 8261 45211
45166 23543 62547 6996 45211
45168 18221 62996 9101 45211
45173 18590 56120 7694 45211
45171 34118 84960 1008 45211
45171 40997 82729 1429 45211
45172 39209 58536 8202 45211
45169 17084 72295 898 45211
45165 31939 81194 4963 45211
45165 23779 81160 7034 45211
45165 21353 54790 9004 45211
45168 37027 60747 3766 45211
45172 30043 84541 7700 45211
45167 38668 85378 2450 45211
45169 18049 59000 9135 45211
45171 11670 56603 7195 45211
45167 23803 86614 9237 45211
45163 29698 85666 8525 45211
45156 42682 59947 9480 45211
45159 44081 64485 2625 45211
45157 40366 81097 8675 45211
45162 25448 86467 2720 45211
45155 35162 69261 9503 45211
45159 14606 63780 652 45211
45155 10071 72048 5277 45211
45161 17978 67093 9346 45211
45162 19234 78216 6378 45211
45161 44390 79528 9501 45211
45159 44574 68504 6929 45211
45161 29301 65611 7329 45211
45156 37375 62946 6698 45211
45160 14932 74433 4859 45211
45161 29855 77002 7713 45211
45160 23739 59313 7050 45211
45156 43234 65788 8876 45211
45156 22947 77189 5184 45211
45160 12914 54932 6165 45211
45155 13778 54524 2067 45211
45158 12268 81835 5690 45211
45156 37532 65229 1141 45211
45160 22081 85004 2183 45211
45161 41238 81949 9366 45211
45159 37898 66930 809 45211
45155 16266 83511 5568 45211
45155 25505 58005 3208 45211
45157 35299 60592 7166 45211
45161 10406 55262 7116 45211
45159 37946 72517 7822 45211
45156 31071 84057 3462 45211
45160 18877 66336 1253 45211
45156 25408 55029 3943 45211
45158 13755 80888 8855 45211
45159 23454 75389 3400 45211
45160 28470 86500 7397 45211
45159 28275 86642 4722 45211
45161 39428 85813 4204 45211
45156 15942 79106 1567 45211
45159 29332 61663 466 45211
45160 35248 58745 5780 45211
45151 42774 68654 9072 45211
45151 14175 87647 2247 45211
45147 15904 84125 6911 45211
45148 22602 61801 139 45211
45147 12827 86843 8065 45211
45148 13416 79501 5550 45211
45147 31166 63745 4759 45211
45152 15748 87357 4980 45211
45148 22450 73489 5632 45211
45150 31495 75569 6193 45211
45154 24204 60751 8343 45211
45154 37664 74946 9341 45211
45154 16845 66588 8537 45211
45150 33138 67615 3170 45211
45152 30913 58821 7958 45211
45153 22671 71437 6770 45211
45150 38937 72644 1926 45211
45153 36405 62871 6530 45211
45150 35430 56767 5730 45211
45149 11084 76194 9484 45211
45148 9977 54496 8984 45211
45152 16392 70668 1142 45211
45154 18637 86879 1710 45211
45154 11665 56432 7973 45211
45153 10352 83712 4453 45211
45153 44654 61036 7727 45211
45153 36335 62762 2491 45211
45154 15525 66782 9615 45211
45150 37780 85354 1625 45211
45154 30571 59723 4645 45211
45151 9986 76048 8075 45211
45152 40629 63017 8550 45211
45147 35936 62075 6962 45211
45150 37192 86578 9270 45211
45147 33365 60405 739 45211
45153 31121 77193 8161 45211
45151 29394 57303 5490 45211
45153 42339 83513 5110 45211
45139 23127 54545 6800 45211
45142 14823 70213 6991 45211
45142 12654 59043 4233 45211
45139 22556 65044 2114 45211
45139 17847 55498 6955 45211
45137 44789 85193 4426 45211
45137 23849 58292 4447 45211
45139 18282 58669 774 45211
45144 44940 85301 6556 45211
45142 15802 55272 306 45211
45146 21278 58029 3272 45211
45144 30249 84806 237 45211
45143 37453 62655 600 45211
45146 16210 58053 2939 45211
45141 23964 58224 9260 45211
45137 11845 64165 339 45211
45140 41752 64365 8245 45211
45142 41964 87745 9187 45211
45144 11156 70715 8250 45211
45143 13957 84388 845 45211
45146 27255 67479 8744 45211
45140 32355 57634 3127 45211
45146 30143 70544 1810 45211
45141 19073 76321 8097 45211
45146 26755 84594 3069 45211
45145 24014 67915 4557 45211
45145 24624 73527 2753 45211
45141 25983 86297 5973 45211
45141 37458 56206 7269 45211
45138 27101 57017 7468 45211
45137 21315 63959 7906 45211
45141 11535 75649 6915 45211
45140 35792 59998 5329 45211
45141 12630 67844 2724 45211
45138 20664 71111 654 45211
45146 18975 62328 534 45211
45142 21064 74377 5753 45211
45142 23625 68073 1285 45211
45146 32517 71833 3182 45211
45139 10900 68039 1059 45211
45139 19782 59635 7514 45211
45201 19245 86029 5090 45211
45202 13942 71409 7749 45211
45206 21884 87091 1294 45211
45199 25276 80428 7009 45211
45207 22757 59698 1907 45211
45203 22989 72247 5046 45211
45200 25098 78601 168 45211
45207 18213 63843 2709 45211
45197 18089 70033 3575 45211
45205 10047 58681 188 45211
45206 25564 76437 8162 45211
45201 25867 85992 1332 45211
45197 41451 84542 3225 45211
45200 16760 66182 6050 45211
45206 37261 57653 6791 45211
45202 31456 55625 5084 45211
45200 27639 66746 1132 45211
45197 26775 60707 2268 45211
45204 35369 60203 28 45211
45207 31516 72302 3494 45211
45202 30273 60432 2476 45211
45192 38145 63977 7931 45211
45191 37563 76180 2133 45211
45188 24720 70376 30 45211
45190 25146 79720 2806 45211
45188 35923 63723 9327 45211
45194 20842 58789 6077 45211
45186 42940 59468 7078 45211
45187 18477 61829 9205 45211
45196 29914 56729 484 45211
45191 21339 62503 4 45211
45195 26643 70657 4793 45211
45189 18095 72564 471 45211
45186 26703 70595 4496 45211
45190 16323 72534 8917 45211
45195 29008 57417 5981 45211
45186 41965 61542 3075 45211
45194 43095 72862 415 45211
45187 41630 82383 7135 45211
45195 36334 77922 236 45211
45183 41432 85647 7893 45211
45182 16585 87658 7624 45211
45176 27530 82017 2983 45211
45177 42291 57861 3286 45211
45176 42926 74753 8506 45211
45179 34094 79705 532 45211
45174 29533 64547 3715 45211
45179 41043 55369 9008 45211
45177 17327 85384 4938 45211
45184 25325 65551 4502 45211
45176 33556 61551 7378 45211
45179 39515 80744 5754 45211
45179 26723 86586 1359 45211
45178 20322 82676 9399 45211
45178 15166 67867 6585 45211
45176 26104 62138 5944 45211
45178 24079 57174 7481 45211
45180 38695 78121 468 45211
45181 22690 63076 3861 45211
45180 42161 66916 4897 45211
45184 14659 71137 7609 45211
45174 13904 62271 6349 45211
45180 26569 74957 1754 45211
45181 39640 63487 4982 45211
45175 33055 70366 165 45211
45176 39010 75032 5671 45211
45174 21864 85615 4452 45211
45165 18733 84940 4990 45211
45165 30404 65704 6083 45211
45171 35831 71595 374 45211
45172 21080 63343 8033 45211
45166 28632 57230 1448 45211
45163 31661 63999 4796 45211
45167 37419 78924 7215 45211
45167 19660 81127 8333 45211
45171 21994 56070 5966 45211
45167 33039 63053 4901 45211
45166 29916 67645 5047 45211
45164 44724 66690 8493 45211
45168 40767 69203 2601 45211
45167 37231 71399 4621 45211
45165 28969 59535 1717 45211
45171 33708 55588 7622 45211
45169 16570 56457 1596 45211
45171 23511 59022 170 45211
45163 26769 56431 4844 45211
45167 39753 87205 3447 45211
45164 13188 87584 692 45211
45164 41386 67089 5101 45211
45173 39116 76314 1537 45211
45163 27726 59273 4193 45211
45158 18100 61753 8004 45211
45162 37789 62309 2664 45211
45157 31005 69301 8280 45211
45161 38486 72246 1061 45211
45162 31911 62457 1302 45211
45161 36786 58449 7406 45211
45155 18022 77042 2726 45211
45156 31201 87601 5327 45211
45160 20968 73547 7484 45211
45157 34647 65040 9121 45211
45158 22369 83016 2256 45211
45160 43668 79753 3694 45211
45155 23725 75141 5186 45211
45156 38084 74176 6345 45211
45155 33895 59905 4036 45211
45156 34104 81696 2639 45211
45155 30551 64745 414 45211
45158 23241 78473 807 45211
45158 25962 80062 4016 45211
45159 15080 71422 5970 45211
45156 41794 64582 8650 45211
45160 28279 67929 4067 45211
45162 32397 57053 9394 45211
45160 42207 83403 464 45211
45161 25731 61412 1393 45211
45158 30929 61428 9270 45211
45156 12473 85601 1688 45211
45161 31518 72974 2257 45211
45160 25017 82989 5730 45211
45159 41339 77823 8140 45211
45160 39918 73616 701 45211
45161 22435 59446 7703 45211
45160 9850 56160 9074 45211
45160 35297 58052 5391 45211
45158 14304 78611 1907 45211
45152 16951 68139 5740 45211
45149 38101 66858 678 45211
45149 26014 57298 1839 45211
45147 37949 70139 4470 45211
45147 39694 70229 3635 45211
45151 10932 75393 310 45211
45147 24658 55335 5093 45211
45151 30483 86541 3173 45211
45151 40281 62038 7143 45211
45149 17234 79022 5617 45211
45149 23908 62616 1764 45211
45149 13523 79996 9543 45211
45147 33410 65009 1069 45211
45154 40258 85560 3703 45211
45154 18988 74863 7155 45211
45147 12155 70087 3794 45211
45151 29049 70794 543 45211
45149 26042 76398 4157 45211
45147 39132 70445 1283 45211
45150 26587 75378 8034 45211
45147 35423 71682 2391 45211
45151 43771 54624 6795 45211
45149 17714 82569 5762 45211
45152 25170 64243 2971 45211
45152 33826 78701 4932 45211
45147 13040 55866 8456 45211
45152 12209 64574 70 45211
45152 24725 75208 9292 45211
45148 19377 66579 3928 45211
45148 42069 75508 6066 45211
45149 33544 84160 4486 45211
45153 37732 62007 8885 45211
45147 39416 61408 7515 45211
45145 14508 58731 3388 45211
45139 22006 62834 393 45211
45145 29696 84393 4477 45211
45145 40374 86967 5487 45211
45145 27616 78616 213 45211
45146 17391 86544 3064 45211
45143 37311 77743 4273 45211
45144 44681 63488 7908 45211
45140 14426 64173 2649 45211
45143 35180 66441 6884 45211
45143 25619 85436 2686 45211
45144 38785 60247 2579 45211
45146 27721 80663 3217 45211
45144 38579 68634 7145 45211
45140 41626 67629 775 45211
45139 41954 82496 9196 45211
45137 37105 72231 2194 45211
45137 33587 56211 7770 45211
45138 33343 58780 5303 45211
45140 12448 64625 1480 45211
45145 12680 76424 7736 45211
45138 17881 81102 8211 45211
45137 11088 74081 8213 45211
45139 37842 64953 2219 45211
45142 35044 68686 1878 45211
45142 44118 86853 2625 45211
45142 16099 79766 4679 45211
45140 36546 57673 1840 45211
45143 25420 56069 8847 45211
45137 18917 55051 3111 45211
45146 12849 77358 6963 45211
45142 25835 72573 3098 45211
45138 18068 86102 9178 45211
45138 40135 75295 5525 45211
45141 37901 79767 8052 45211
45141 36991 68325 7970 45211
45204 19127 83506 2268 45211
45207 44045 74429 4900 45211
45200 17143 62763 8967 45211
45202 24520 64211 3559 45211
45205 20426 82910 1759 45211
45199 29469 77396 6135 45211
45204 36703 55376 1065 45211
45200 43097 60294 7672 45211
45207 35203 82281 719 45211
45204 27279 79652 7968 45211
45202 20249 83423 5921 45211
45205 17023 55175 4192 45211
45198 31402 60594 7899 45211
45200 11790 58111 2248 45211
45198 40260 71339 2778 45211
45192 24194 57934 6540 45211
45186 32373 69516 4507 45211
45188 29006 77098 5313 45211
45196 43392 85641 3730 45211
45193 26454 61708 1303 45211
45189 10949 60153 8265 45211
45192 13993 86850 1776 45211
45193 20993 72302 3748 45211
45191 42265 76028 8575 45211
45186 22916 67233 7356 45211
45189 10923 85245 1191 45211
45189 20912 70860 8779 45211
45193 43347 57457 8495 45211
45191 14897 62527 5427 45211
45194 24570 63032 6901 45211
45192 10001 86639 8229 45211
45188 39311 85622 8145 45211
45194 26267 85486 7615 45211
45190 36695 59402 2456 45211
45186 38376 73349 2803 45211
45188 26248 62077 1988 45211
45187 27088 86455 1031 45211
45177 11536 70600 941 45211
45181 36103 78708 2986 45211
45174 19870 81061 9609 45211
45183 23217 72454 329 45211
45185 16828 82934 8409 45211
45176 14386 85100 2552 45211
45177 10341 64659 8072 45211
45179 21075 66960 417 45211
45174 40822 81383 9353 45211
45176 29856 73687 539 45211
45182 19031 84482 1660 45211
45180 35776 82712 4922 45211
45185 15275 55514 4641 45211
45185 13903 73874 2045 45211
45179 37905 55394 4979 45211
45183 21001 78000 7490 45211
45185 25514 78132 6009 45211
45179 11278 65443 354 45211
45181 43864 68544 739 45211
45177 23026 86077 5202 45211
45182 43159 81240 6438 45211
45179 10451 76195 3516 45211
45164 38210 67311 1057 45211
45171 39521 58913 4610 45211
45173 33009 87140 772 45211
45171 36197 79930 7722 45211
45163 43496 71943 5977 45211
45170 11225 80924 2728 45211
45164 20955 62664 7345 45211
45173 37331 83266 743 45211
45173 15412 67069 7666 45211
45172 37900 63523 5398 45211
45172 19054 57350 6344 45211
45166 38891 70569 8330 45211
45165 25403 74960 3305 45211
45173 35696 62081 3091 45211
45170 28112 64723 6010 45211
45163 23263 55909 1423 45211
45165 40717 73902 3191 45211
45165 34769 65328 4902 45211
45169 11211 84275 2911 45211
45168 44301 77022 7988 45211
45173 35943 83509 1036 45211
45166 32939 81874 7695 45211
45161 37715 69878 6955 45211
45160 21971 57830 6337 45211
45158 15231 68459 3073 45211
45158 44838 61943 2720 45211
45156 20774 70534 2186 45211
45158 25743 76787 4390 45211
45157 24780 66320 7328 45211
45158 25972 62006 1792 45211
45157 21915 60313 4853 45211
45160 30453 87136 4004 45211
45157 40659 84074 357 45211
45157 28159 81757 2025 45211
45161 22945 86259 5197 45211
45157 33918 69242 7466 45211
45156 34779 78309 2786 45211
45159 25637 78301 7156 45211
45155 16494 55363 1066 45211
45162 25118 84602 5565 45211
45155 28134 77448 3645 45211
45156 22572 70082 335 45211
45155 29910 81893 5703 45211
45160 28129 61706 8923 45211
45157 26874 68494 7153 45211
45157 36190 58181 111 45211
45156 35309 74196 5115 45211
45160 28723 84988 277 45211
45158 38925 59967 3953 45211
45160 10017 77459 8518 45211
45158 33660 57212 1499 45211
45147 43065 66335 3862 45211
45154 27216 86281 7261 45211
45151 39693 71910 1146 45211
45148 27175 63075 8618 45211
45151 17197 56903 7718 45211
45147 24023 61779 5377 45211
45148 12438 59785 7064 45211
45153 39618 87736 5368 45211
45150 18019 59992 651 45211
45148 37083 80214 5252 45211
45150 14074 72655 1205 45211
45148 13900 81977 2233 45211
45150 36410 65248 4525 45211
45149 34509 54512 5882 45211
45154 22801 61489 6117 45211
45149 41528 55715 4902 45211
45152 13260 56047 4034 45211
45150 12118 58332 4690 45211
45148 31480 63506 2500 45211
45151 16036 55788 2047 45211
45153 14401 56436 3151 45211
45149 37131 67451 5084 45211
45149 13194 82134 8399 45211
45148 11091 68059 685 45211
45148 40592 64043 1848 45211
45150 33348 84682 82 45211
45150 13090 71575 7349 45211
45153 43984 81664 2779 45211
45148 13292 76556 3423 45211
45153 16084 87214 3111 45211
45146 22044 84574 4000 45211
45145 26374 81237 404 45211
45140 13799 56135 69 45211
45142 14269 57876 390 45211
45142 30651 70659 9267 45211
45138 28013 79995 8127 45211
45137 25850 65145 7606 45211
45141 20620 70400 5129 45211
45138 33899 56299 2698 45211
45143 43259 60629 9303 45211
45139 18344 59844 7403 45211
45139 12571 78260 5556 45211
45137 38744 66417 3628 45211
45145 39103 85361 4296 45211
45142 13973 67073 6339 45211
45137 17804 84607 5465 45211
45137 19609 63954 7812 45211
45146 18758 65369 1860 45211
45141 20938 60990 6252 45211
45140 28673 70517 1189 45211
45141 42510 78109 8808 45211
45145 30820 71275 7632 45211
45140 33955 80623 9116 45211
45145 44914 59574 9271 45211
45144 10587 73066 4048 45211
45142 20141 80999 2883 45211
45146 43471 85732 7894 45211
45144 15271 54520 8528 45211
45139 37548 63930 7895 45211
45143 23586 66187 1610 45211
45139 11979 80707 5532 45211
45145 27748 64943 8813 45211
45140 28880 78488 7201 45211
45138 27134 67365 9485 45211
45142 31919 61435 8527 45211
45143 13509 85046 1285 45211
45145 38299 71629 1084 45211
45137 44886 81035 501 45211
45137 36576 87382 3527 45211
45146 35560 68577 1240 45211
45141 42599 85469 7180 45211
45140 25219 80263 974 45211
45142 22997 60926 5011 45211
45142 41354 75380 4845 45211
45146 23146 87714 3970 45211
45145 44092 87655 8184 45211
45144 32996 83751 7490 45211
45145 10671 87663 6429 45211
45143 32526 67907 3644 45211
45143 16462 78963 6996 45211
45145 42046 66133 9557 45211
45146 13672 58731 135 45211
45139 42110 87725 4639 45211
45146 22911 77254 5148 45211
45146 15991 80311 7669 45211
45200 21886 79102 4764 45211
45203 34635 84435 8248 45211
45198 40057 87690 5295 45211
45205 38652 64254 9522 45211
45206 26865 61752 5974 45211
45203 10463 84757 2269 45211
45199 37478 66092 9589 45211
45201 29385 82147 35 45211
45202 20435 61248 7979 45211
45198 21964 56640 2999 45211
45201 38691 84355 3166 45211
45207 17911 59256 289 45211
45207 43593 81946 5638 45211
45197 43932 60545 874 45211
45205 27991 61498 7410 45211
45206 44342 57116 3940 45211
45206 30335 82784 6042 45211
45201 26778 61322 4553 45211
45198 32857 83593 8308 45211
45199 11353 63000 3545 45211
45190 31248 72391 1275 45211
45193 33751 67180 872 45211
45187 25762 69429 7764 45211
45186 32600 82931 7969 45211
45192 30351 58749 6225 45211
45196 29566 83988 6063 45211
45186 26788 73611 3777 45211
45187 37305 71567 3144 45211
45196 33664 72737 5204 45211
45189 37423 73539 7675 45211
45191 13763 64782 8720 45211
45193 22345 63198 5990 45211
45195 12528 67809 6726 45211
45191 40615 60075 489 45211
45193 10394 56259 699 45211
45195 38555 79237 3201 45211
45190 42012 56382 8867 45211
45194 11887 85923 8717 45211
45193 22371 70601 4694 45211
45192 44164 75083 4648 45211
45190 21345 79995 8327 45211
45194 38153 67020 1773 45211
45179 33719 79469 9469 45211
45182 10455 55511 5662 45211
45174 17786 58035 9263 45211
45179 12549 87233 2779 45211
45180 43556 74232 3218 45211
45178 40585 58836 1494 45211
45185 35821 83985 1411 45211
45184 44737 79342 1381 45211
45180 25191 67907 3137 45211
45183 19313 74533 6304 45211
45177 23748 73012 6887 45211
45179 30279 79128 4704 45211
45180 10983 84199 2321 45211
45174 39490 56750 609 45211
45179 11188 83336 9348 45211
45175 17248 64822 1881 45211
45177 38134 58796 9559 45211
45182 14541 83389 6877 45211
45182 35316 55490 1091 45211
45183 38227 55130 4601 45211
45177 14121 66171 8463 45211
45174 14120 60442 6008 45211
45169 38354 61858 4543 45211
45172 36432 76895 6929 45211
45165 17951 60775 8633 45211
45169 14056 86336 5786 45211
45171 16435 74766 861 45211
45165 20802 70764 1632 45211
45167 22924 58874 355 45211
45163 28417 80434 5046 45211
45167 29845 55159 2029 45211
45164 19221 68340 7797 45211
45170 12638 62058 7911 45211
45171 11791 72741 9297 45211
45171 44472 58289 1354 45211
45166 23678 85445 4458 45211
45173 35835 59607 2012 45211
45165 35586 82682 6117 45211
45163 19900 77224 3069 45211
45168 36819 83688 8568 45211
45167 28499 66032 5302 45211
45165 44251 60053 9102 45211
45163 34225 68390 7997 45211
45168 34336 80185 8273 45211
45162 14771 71432 1478 45211
45160 22832 61833 7299 45211
45162 19195 70380 8902 45211
45158 43849 57731 2608 45211
45159 21152 63042 7789 45211
45161 26312 61504 1142 45211
45156 13582 59436 3837 45211
45156 25991 69808 6441 45211
45158 40640 78697 4137 45211
45160 31594 83535 7813 45211
45162 43056 60363 7563 45211
45162 27113 58833 2713 45211
45161 34987 74458 2020 45211
45162 18804 68401 5595 45211
45157 10343 69810 1141 45211
45158 37033 73896 3437 45211
45162 44703 72428 2408 45211
45161 41622 73737 3048 45211
45157 28242 72615 1096 45211
45158 38444 68462 1080 45211
45159 20752 55023 4140 45211
45160 28154 80368 4154 45211
45161 34057 77937 7180 45211
45160 24225 71203 6187 45211
45162 41467 57004 5048 45211
45161 37657 64799 2710 45211
45159 20763 67353 1341 45211
45161 18532 84923 2813 45211
45156 22680 85470 9238 45211
45162 17165 86213 1553 45211
45156 35422 60797 2990 45211
45160 19121 84990 1671 45211
45155 45016 85779 7383 45211
45162 33982 58375 1513 45211
45155 23329 62901 8439 45211
45160 34416 68266 6517 45211
45159 33420 70037 8501 45211
45159 38381 69890 9453 45211
45157 29221 73134 6307 45211
45154 10871 79139 4380 45211
45149 42855 55608 2121 45211
45151 33219 63160 2590 45211
45149 38966 86508 1878 45211
45152 22985 82707 2756 45211
45149 33226 58508 6959 45211
45152 22882 59961 3035 45211
45152 20562 64728 4979 45211
45153 41460 59712 858 45211
45148 45078 57196 8836 45211
45154 20448 55723 6354 45211
45150 17109 74006 2330 45211
45150 18425 87261 4346 45211
45148 19916 66723 4418 45211
45149 43903 59207 7434 45211
45147 26064 56344 1020 45211
45149 39989 87825 2588 45211
45147 23671 86823 2469 45211
45151 42857 67215 6785 45211
45147 23397 78490 4919 45211
45147 17006 57320 4469 45211
45149 30077 86763 8832 45211
45153 28716 84131 3371 45211
45151 20394 76446 7345 45211
45151 23485 86088 6229 45211
45148 38292 64509 6318 45211
45152 12218 64555 8702 45211
45151 41883 79303 4601 45211
45147 24645 64248 2094 45211
45153 35840 70297 4461 45211
45153 11354 62750 1528 45211
45147 29379 64207 975 45211
45148 38073 86925 329 45211
45144 14144 67704 4153 45211
45140 34325 74688 421 45211
45146 43117 64411 3767 45211
45138 16781 71798 8956 45211
45144 44143 79786 5040 45211
45141 33779 61506 8893 45211
45144 22433 68644 3137 45211
45146 22051 84874 9016 45211
45143 33172 87259 9261 45211
45139 39371 64326 1898 45211
45144 16562 56503 5413 45211
45145 14048 57258 1700 45211
45143 17986 59605 8001 45211
45140 10221 70457 8522 45211
45144 20323 69350 4579 45211
45144 25502 68248 853 45211
45146 22268 57689 1478 45211
45146 14010 77461 1707 45211
45145 38270 62399 2812 45211
45140 40625 66137 7309 45211
45146 37899 85729 3549 45211
45145 34519 55328 5523 45211
45145 36440 85091 4700 45211
45146 37409 66115 919 45211
45142 38782 56433 8888 45211
45142 26273 57973 239 45211
45137 26834 75334 391 45211
45142 41269 87742 8946 45211
45138 42832 58825 1255 45211
45139 13821 61944 9626 45211
45138 41962 73056 6044 45211
45144 14137 58799 7908 45211
45138 35264 61244 1289 45211
45137 33608 66888 7621 45211
45146 12702 62249 8870 45211
45139 45076 55734 2649 45211
45139 16889 59409 5889 45211
45138 36001 86303 2924 45211
45144 38678 59614 3279 45211
45145 21391 55781 2726 45211
45144 15784 65047 1893 45211
45138 40140 61681 4275 45211
45142 12059 64925 5513 45211
45141 14202 83835 2729 45211
45140 21234 74198 3045 45211
45205 26386 55887 898 45211
45197 37559 62382 4906 45211
45198 13463 64247 2799 45211
45205 27078 57678 3662 45211
45204 35919 54593 3670 45211
45203 43946 75568 4840 45211
45199 28278 82217 2591 45211
45203 28333 65552 2557 45211
45199 38760 65923 2166 45211
45200 15462 83518 416 45211
45202 29267 83492 1107 45211
45206 35655 65162 1090 45211
45204 39867 58762 8232 45211
45197 34495 87789 4113 45211
45202 38973 57948 7849 45211
45200 25654 67946 3912 45211
45197 33014 57537 67 45211
45198 39319 86063 6183 45211
45198 40763 71654 5497 45211
45205 14620 76567 6798 45211
45206 28282 78349 7608 45211
45207 36584 64826 9527 45211
45207 12249 80488 5100 45211
45206 30285 57048 5609 45211
45189 16354 87749 5032 45211
45190 11833 87329 2826 45211
45194 28474 78756 8607 45211
45186 16281 59020 6689 45211
45196 19661 64083 3005 45211
45191 37631 70667 8475 45211
45186 34402 70119 3922 45211
45186 25758 82215 637 45211
45188 11193 77614 6203 45211
45189 33405 69589 8150 45211
45191 27161 61596 4016 45211
45196 27732 80381 5950 45211
45194 26622 56601 978 45211
45193 31769 66350 556 45211
45193 32528 84727 5751 45211
45194 23417 74965 8242 45211
45192 12409 85684 9487 45211
45181 41239 75569 7251 45211
45184 12720 66388 4700 45211
45183 28063 67741 5228 45211
45177 28156 75465 7086 45211
45178 42027 55514 8677 45211
45175 17137 81677 6333 45211
45185 27058 57816 5872 45211
45178 38828 56345 4959 45211
45175 13966 62479 9298 45211
45184 44876 80067 3229 45211
45174 18423 74922 43 45211
45179 14449 56076 7167 45211
45174 38898 59095 508 45211
45184 17677 78830 7079 45211
45179 35499 63525 3162 45211
45174 33257 71135 6293 45211
45177 23312 73947 1978 45211
45184 37306 67670 2878 45211
45177 23833 57095 3481 45211
45178 38463 79951 8268 45211
45182 17631 80954 1992 45211
45179 27687 80658 7520 45211
45167 34032 71418 7353 45211
45171 25872 75117 420 45211
45164 11394 57978 6143 45211
45169 39279 57967 6147 45211
45172 14145 71680 8445 45211
45165 13534 57308 6547 45211
45170 44830 57025 4485 45211
45164 11641 84895 2046 45211
45169 26401 69420 1911 45211
45171 18860 57604 3745 45211
45171 37912 63144 6286 45211
45164 20405 61475 3118 45211
45170 33946 83864 1462 45211
45163 13597 86631 3766 45211
45163 21241 68638 3806 45211
45169 18605 58006 1503 45211
45164 29707 56247 3723 45211
45165 19310 70202 2572 45211
45167 30965 78293 8334 45211
45172 17662 76496 2840 45211
45172 36509 56806 2382 45211
45170 24344 64555 3819 45211
45173 18125 58263 9098 45211
45167 12041 85720 3287 45211
45172 32729 74471 687 45211
45159 14950 56292 794 45211
45156 33572 74142 5314 45211
45162 38017 60382 6675 45211
45158 18951 75294 8596 45211
45158 25290 58540 3942 45211
45161 33233 62304 2607 45211
45159 39327 84225 7882 45211
45158 42525 87728 101 45211
45157 40475 73900 5650 45211
45162 37701 62235 7988 45211
45162 13783 83165 1213 45211
45155 24861 87304 8353 45211
45162 10560 76489 6749 45211
45160 33064 67891 5657 45211
45159 27412 75692 3734 45211
45155 25095 71012 4636 45211
45157 31517 85388 8536 45211
45160 23400 74302 3207 45211
45161 13769 62312 6348 45211
45160 41811 87141 9177 45211
45156 14266 76466 5254 45211
45162 23900 84443 5019 45211
45157 22654 65027 6231 45211
45159 36570 67678 9545 45211
45157 28146 68206 7051 45211
45157 14179 64331 8711 45211
45155 19676 79603 7055 45211
45161 31735 55154 298 45211
45158 25772 63798 845 45211
45159 35635 61957 3517 45211
45159 25475 61326 7610 45211
45157 30207 65558 8082 45211
45162 30598 79992 3638 45211
45159 10157 82570 7382 45211
45155 26725 79311 7877 45211
45162 30597 82060 556 45211
45155 38331 76469 4685 45211
45155 32524 85762 893 45211
45158 33137 78326 7857 45211
45158 30322 82361 6358 45211
45160 32334 61702 1945 45211
45151 44451 62991 3640 45211
45154 32306 74559 481 45211
45150 29706 73221 8875 45211
45154 24771 56992 6911 45211
45151 40039 67731 2738 45211
45152 44545 74332 2231 45211
45152 33161 71410 4992 45211
45151 14315 69296 3157 45211
45153 23821 60703 1728 45211
45153 23809 86134 5860 45211
45153 22785 63979 4143 45211
45152 12037 59645 6940 45211
45153 24895 56631 2138 45211
45151 33087 87910 7387 45211
45152 25125 79210 7993 45211
45149 18777 83963 3463 45211
45149 30169 55041 9498 45211
45154 22461 66347 2285 45211
45149 33010 77497 6082 45211
45154 28268 60643 1844 45211
45148 23653 62198 7408 45211
45147 23450 74078 6742 45211
45148 14092 81062 967 45211
45147 44437 72309 7351 45211
45147 44664 68911 6363 45211
45152 22466 69417 6668 45211
45150 35084 56042 6903 45211
45153 44343 59982 4419 45211
45148 44538 62457 72 45211
45149 42403 73403 3835 45211
45148 11902 76597 2833 45211
45149 10207 86575 6591 45211
45144 26296 73542 8736 45211
45146 11891 56038 7517 45211
45146 42734 60069 4151 45211
45144 39944 59824 9557 45211
45145 39781 65684 1019 45211
45145 44929 61854 1152 45211
45142 16290 71394 5789 45211
45138 39626 66747 3374 45211
45140 41540 72899 9595 45211
45143 37615 77050 8036 45211
45140 25723 65062 7950 45211
45143 38409 64339 3942 45211
45145 39787 76271 1694 45211
45142 36137 84465 1636 45211
45143 44402 70891 6537 45211
45141 39657 68811 1824 45211
45137 30104 76638 9102 45211
45138 38622 85189 8914 45211
45144 30295 86888 9352 45211
45146 14982 65702 1211 45211
45138 16741 60378 2625 45211
45137 36984 85096 6968 45211
45145 39342 77671 4713 45211
45144 31583 57809 2073 45211
45137 24375 73495 5924 45211
45142 40773 64825 2780 45211
45139 13403 56733 9317 45211
45145 9803 85046 9602 45211
45143 26824 56358 2986 45211
45143 40500 61267 7974 45211
45140 13820 78928 660 45211
45141 41453 74423 3507 45211
45142 44518 80473 395 45211
45145 43900 67666 7454 45211
45143 19937 78624 5333 45211
45146 12054 64652 6217 45211
45146 14698 86810 4727 45211
45143 32739 86122 8957 45211
45141 17751 59316 6740 45211
45140 11158 85152 3523 45211
45142 15908 58427 8026 45211
45137 32050 83654 5359 45211
45144 23785 61277 4072 45211
45141 35461 57005 1075 45211
45139 33598 84569 608 45211
45204 26119 57044 1590 45211
45198 29373 59371 2759 45211
45199 16751 63097 9685 45211
45202 35313 82098 1319 45211
45197 19453 66301 2429 45211
45207 14640 66730 9594 45211
45204 20971 72553 9312 45211
45204 14545 60285 2456 45211
45207 40553 64851 4419 45211
45201 27515 80021 7436 45211
45206 38714 81336 7619 45211
45204 35585 74529 3806 45211
45206 11905 85595 8136 45211
45201 39335 65373 4150 45211
45205 33476 60360 4563 45211
45205 11779 83938 6852 45211
45197 18149 61356 7734 45211
45202 44169 84191 5926 45211
45203 13568 82560 6463 45211
45207 44586 78532 3318 45211
45200 13830 81634 1442 45211
45205 14462 83401 7660 45211
45199 36758 64248 2505 45211
45197 44291 57353 7109 45211
45198 37463 87540 9261 45211
45202 43688 56895 1072 45211
45197 28947 77956 9142 45211
45206 30462 64242 3630 45211
45195 14587 63754 5286 45211
45190 22573 58286 7826 45211
45191 20259 60806 5512 45211
45187 22885 63279 9338 45211
45189 29929 54938 5626 45211
45187 20642 72696 4470 45211
45195 39271 81732 5306 45211
45196 34646 62486 6145 45211
45189 44352 54931 7980 45211
45188 28365 79157 5493 45211
45190 43019 63051 1330 45211
45187 16067 71080 9161 45211
45189 26055 78325 7873 45211
45186 13873 57666 1103 45211
45195 34805 58628 2874 45211
45191 10725 73792 9252 45211
45190 21216 70422 6970 45211
45191 41535 59970 2510 45211
45190 12109 86391 840 45211
45183 31044 79807 1395 45211
45183 39110 60441 7486 45211
45184 14691 79874 9629 45211
45176 44723 57680 9344 45211
45180 20002 78840 1229 45211
45185 24291 62877 1771 45211
45184 41993 57485 1517 45211
45181 32795 73795 5379 45211
45176 21046 79364 3301 45211
45176 32741 85268 7335 45211
45185 15861 75089 8517 45211
45174 31553 75033 4784 45211
45175 32585 57193 137 45211
45182 25599 72682 2604 45211
45179 27437 75513 953 45211
45176 44848 55128 4701 45211
45181 14646 61457 1246 45211
45174 43247 86015 5793 45211
45182 19600 69520 1490 45211
45182 43244 61515 5062 45211
45171 26604 86599 6736 45211
45168 28827 58772 5808 45211
45164 32704 74557 1569 45211
45168 25128 81217 741 45211
45169 27856 75040 2294 45211
45169 27693 68314 9490 45211
45166 43718 65703 2814 45211
45170 36620 69556 5691 45211
45165 13212 67427 1112 45211
45173 16107 80638 2810 45211
45164 16867 79674 8991 45211
45164 26888 63746 6500 45211
45168 27229 83057 8194 45211
45173 12886 58591 1743 45211
45169 24198 75352 2079 45211
45169 41072 62371 2550 45211
45170 42383 56295 2849 45211
45167 32770 61178 951 45211
45170 26928 71547 6615 45211
45164 11776 84433 558 45211
45162 24807 60494 2692 45211
45157 26795 58017 9075 45211
45162 34865 58602 3406 45211
45159 13219 82874 3651 45211
45158 33289 55413 2247 45211
45156 37207 67864 2133 45211
45162 28182 57849 343 45211
45161 34339 67896 4385 45211
45159 32062 62175 2412 45211
45159 12548 73294 2975 45211
45158 27060 64748 266 45211
45155 41044 76455 1381 45211
45156 23845 58009 1634 45211
45157 37118 61687 837 45211
45162 10861 81009 5098 45211
45161 36225 65043 2614 45211
45162 38207 55938 6021 45211
45162 27542 59092 1727 45211
45159 30549 74980 5045 45211
45162 45029 59883 8356 45211
45158 35320 63862 5223 45211
45156 42300 66636 6618 45211
45156 43983 60974 8253 45211
45161 19768 75067 1037 45211
45161 40989 61134 4796 45211
45157 41701 60460 7994 45211
45155 31496 63230 9432 45211
45156 10031 85048 1175 45211
45162 29160 66296 9142 45211
45160 18810 64381 5354 45211
45159 12624 77980 9178 45211
45159 35124 84730 9268 45211
45155 44216 56715 2341 45211
45155 16206 76211 7461 45211
45161 17317 81361 1960 45211
45156 22144 64406 4973 45211
45161 23367 56198 368 45211
45159 13157 85844 7798 45211
45150 39281 54637 6028 45211
45151 30834 54752 1770 45211
45152 36120 71881 6884 45211
45152 44168 64368 9437 45211
45147 29083 75819 114 45211
45152 22126 72002 226 45211
45154 14928 82277 7563 45211
45148 18498 86735 7327 45211
45150 29820 55172 9314 45211
45148 30698 82942 6572 45211
45151 25935 83752 7004 45211
45148 40017 59401 3982 45211
45147 32763 81822 7166 45211
45153 33139 58608 7509 45211
45148 29767 56491 1100 45211
45149 27121 79415 4363 45211
45151 33181 78502 6370 45211
45150 42022 76118 901 45211
45151 38882 78257 1761 45211
45153 35780 63061 6181 45211
45151 29218 80978 776 45211
45151 44154 59390 4282 45211
45150 40231 55512 2622 45211
45152 26543 64499 4591 45211
45147 10410 63689 3747 45211
45154 35830 85277 8802 45211
45154 13730 87595 2120 45211
45154 22256 56333 7528 45211
45149 33177 85181 7443 45211
45150 29754 76967 1385 45211
45150 23191 72894 3071 45211
45153 30437 66417 3110 45211
45150 42526 65128 1521 45211
45152 17273 61869 7706 45211
45147 12803 57813 4031 45211
45147 38082 64717 69 45211
45149 28098 85409 8953 45211
45153 16398 65435 7688 45211
45147 22387 70205 8626 45211
45144 39154 57077 2530 45211
45142 21398 56105 1559 45211
45140 11258 82344 8216 45211
45138 13602 64546 1077 45211
45141 21427 62898 3470 45211
45146 18284 55015 1228 45211
45138 42945 56191 934 45211
45141 42659 73925 9618 45211
45144 30487 80447 5910 45211
45146 26211 55662 4879 45211
45137 27562 87842 5104 45211
45143 15583 86798 4462 45211
45146 10339 85773 7460 45211
45145 23660 81914 1673 45211
45146 13664 79985 9136 45211
45137 21026 67021 7027 45211
45143 36880 63164 5276 45211
45146 12890 56488 97 45211
45145 30336 73516 5822 45211
45146 36087 55190 4884 45211
45141 38839 65710 7542 45211
45138 36677 86147 6048 45211
45141 25794 84483 4339 45211
45139 35597 60692 7935 45211
45145 22878 54682 4274 45211
45207 17959 63381 4859 45211
45199 36846 68438 1593 45211
45206 19130 63476 4606 45211
45204 26627 76920 166 45211
45200 15817 57802 8123 45211
45206 25543 80869 8364 45211
45200 44147 68481 5341 45211
45199 13116 79940 3068 45211
45202 19346 68098 6989 45211
45205 27199 86835 7953 45211
45198 14466 75818 1018 45211
45206 13462 64662 8136 45211
45203 24050 65356 2703 45211
45201 44836 63900 512 45211
45206 33016 57833 9256 45211
45207 23735 64021 9320 45211
45203 11254 55635 8163 45211
45201 33503 76832 2229 45211
45197 26617 76714 9219 45211
45198 33165 86444 9351 45211
45202 42605 61641 1482 45211
45201 24820 85906 4402 45211
45205 40293 75396 4326 45211
45199 26682 69379 6333 45211
45206 41160 78618 1233 45211
45198 13645 57079 658 45211
45194 41911 60547 581 45211
45190 16421 61443 1672 45211
45194 29709 58504 3800 45211
45196 17907 71683 7068 45211
45187 32636 71542 7216 45211
45187 18621 67636 5638 45211
45187 42476 60259 5318 45211
45187 39584 60226 6092 45211
45193 37721 75600 5237 45211
45192 27184 57445 5147 45211
45189 14945 61247 4359 45211
45192 41254 67455 374 45211
45194 31953 75080 3376 45211
45191 43730 62247 2373 45211
45192 31657 82327 3225 45211
45186 25037 54626 2527 45211
45187 40953 75468 7763 45211
45193 23695 87580 9329 45211
45193 35495 83678 3317 45211
45189 36024 58545 7799 45211
45187 22399 70118 9171 45211
45189 27465 79585 2944 45211
45188 16979 61873 2325 45211
45196 38122 64514 7092 45211
45187 10690 56301 5294 45211
45191 41581 70672 9195 45211
45189 31961 72918 4240 45211
45184 34426 58750 2909 45211
45184 43179 82757 6628 45211
45177 13115 59800 6744 45211
45178 40923 84541 9040 45211
45176 37620 60196 2544 45211
45175 34898 83670 7682 45211
45178 16308 58723 452 45211
45175 24090 56574 1846 45211
45176 16017 64398 3130 45211
45185 30759 57080 3131 45211
45175 35891 82270 1240 45211
45178 19614 77426 8788 45211
45174 38801 82520 8847 45211
45182 31145 85403 4697 45211
45181 30517 74747 8973 45211
45185 41989 63054 5329 45211
45180 31982 59545 2880 45211
45175 36856 62361 5682 45211
45175 20712 57985 5224 45211
45183 18113 59144 834 45211
45182 14758 78135 4735 45211
45184 15424 75343 3027 45211
45177 20743 56444 2648 45211
45181 29103 86409 4496 45211
45181 22151 55288 8211 45211
45181 35212 58387 6249 45211
45171 23631 55675 3964 45211
45170 33310 73574 6267 45211
45167 12678 57918 5850 45211
45173 29091 57340 8129 45211
45173 13113 60794 6523 45211
45167 29476 82663 3207 45211
45165 35924 86825 4134 45211
45168 27105 87858 7353 45211
45168 18482 85254 9506 45211
45163 30263 61336 1341 45211
45171 37275 79524 2801 45211
45169 44085 76538 4953 45211
45170 31795 74586 8446 45211
45173 44975 82124 4542 45211
45173 37754 60980 4910 45211
45164 14478 62625 5121 45211
45169 28107 61699 6163 45211
45173 43104 55789 9446 45211
45165 22539 56546 9099 45211
45170 32568 63364 2292 45211
45166 10151 75362 7024 45211
45170 9825 61976 4927 45211
45166 34753 62118 640 45211
45157 13431 86860 7870 45211
45159 12685 56052 9022 45211
45158 17047 74791 4999 45211
45156 36436 86030 369 45211
45155 40441 61977 1402 45211
45155 44297 67337 5082 45211
45159 40969 80716 2394 45211
45157 9821 57541 7542 45211
45155 33370 68059 8927 45211
45161 30692 86177 4644 45211
45156 21868 86637 6487 45211
45158 32635 65701 4602 45211
45162 22018 81897 8435 45211
45157 36313 84862 5555 45211
45161 11104 59353 6492 45211
45159 42435 61452 6435 45211
45155 26934 85284 1755 45211
45156 18979 75957 9388 45211
45161 28481 62323 5086 45211
45162 13692 76104 2788 45211
45156 21010 68590 4304 45211
45158 19843 87311 2990 45211
45158 20416 71320 2290 45211
45157 13579 72650 352 45211
45159 13550 74300 5431 45211
45162 32063 74499 101 45211
45158 37825 68628 9373 45211
45161 17936 74952 6938 45211
45161 24834 77014 8247 45211
45156 24707 71941 4488 45211
45161 42530 86948 5526 45211
45156 25986 83388 5437 45211
45161 39079 66721 7410 45211
45160 37031 73751 5327 45211
45148 44345 66966 5145 45211
45152 23896 79402 1103 45211
45151 35107 55436 3731 45211
45154 20942 84793 2750 45211
45150 30785 72032 9631 45211
45147 39084 56221 3210 45211
45153 36227 60081 6015 45211
45148 11606 69245 6335 45211
45149 17394 62260 9628 45211
45152 17552 78759 192 45211
45148 20554 81933 546 45211
45150 13654 57355 1580 45211
45149 14949 75839 6196 45211
45154 15529 69143 6279 45211
45153 25384 82838 5039 45211
45148 17684 54747 715 45211
45154 28138 69197 4709 45211
45149 19256 63308 1167 45211
45148 17901 55825 3368 45211
45152 32940 81987 1965 45211
45151 24489 84852 6668 45211
45149 39532 67932 2282 45211
45152 29025 68135 313 45211
45150 22188 56527 9406 45211
45149 36743 56341 6746 45211
45152 28938 62851 4300 45211
45153 35617 72315 8304 45211
45142 15917 77500 6398 45211
45140 35415 69257 4536 45211
45140 34399 85049 3661 45211
45138 29206 59117 6442 45211
45145 25283 56839 6902 45211
45144 34618 63150 3730 45211
45145 30423 84722 9400 45211
45144 29100 74107 6156 45211
45146 11997 67122 2371 45211
45141 19643 62438 1986 45211
45139 40043 79570 8093 45211
45146 36917 60905 7553 45211
45139 44367 84960 5734 45211
45142 37973 86212 4422 45211
45142 43911 59788 2976 45211
45141 38504 68517 3080 45211
45142 41248 78358 3863 45211
45145 27864 74001 522 45211
45139 35256 85559 2616 45211
45146 23862 56796 7362 45211
45139 26779 60377 2251 45211
45139 22790 65076 8179 45211
45140 22534 77663 7465 45211
45141 36418 57033 1786 45211
45137 18235 62727 9590 45211
45141 30789 84885 3156 45211
45141 9864 60371 4630 45211
45143 35812 62208 6465 45211
45139 13849 67006 1698 45211
45143 14916 59699 953 45211
45138 10606 57462 2394 45211
45143 20215 66697 9086 45211
45146 22017 84859 4056 45211
45140 25423 70240 3818 45211
45145 26383 61109 7951 45211
45145 15960 71287 5143 45211
45144 20513 77724 4074 45211
45206 32818 73513 7878 45211
45201 22058 73054 7746 45211
45207 12176 66349 2229 45211
45199 15440 83631 366 45211
45197 24620 66046 549 45211
45206 31807 82802 1817 45211
45197 13874 58857 8928 45211
45205 35402 80635 8001 45211
45204 39676 81058 5692 45211
45198 24626 73503 4164 45211
45207 35893 82926 9473 45211
45204 14152 57633 3717 45211
45202 31986 84281 5211 45211
45206 36056 69488 1629 45211
45198 13161 74253 2329 45211
45205 43328 76948 1377 45211
45200 40116 61370 3540 45211
45200 27491 60839 5745 45211
45205 41624 73576 4648 45211
45202 35063 79365 8908 45211
45188 11724 86225 1431 45211
45188 37700 82825 6810 45211
45195 12019 84220 6778 45211
45192 42109 84601 224 45211
45189 41691 80398 5142 45211
45192 14383 55283 6378 45211
45194 19319 60578 7351 45211
45196 24153 83223 9393 45211
45192 11756 81236 5796 45211
45192 17701 62952 7538 45211
45187 18257 61558 8885 45211
45188 24681 76915 2302 45211
45195 29866 80439 2021 45211
45193 10607 70372 8101 45211
45191 34841 58042 6125 45211
45191 39106 61030 7269 45211
45188 24147 65243 7194 45211
45188 10349 78055 3791 45211
45190 13542 58582 6779 45211
45194 31921 73764 2705 45211
45186 12649 85099 6300 45211
45195 38462 67473 628 45211
45195 20157 63612 7358 45211
45188 12330 70218 2131 45211
45193 28987 73043 4271 45211
45191 31867 61053 7705 45211
45189 11623 66891 168 45211
45192 25137 64375 5999 45211
45190 15087 57477 6982 45211
45192 42579 83358 300 45211
45191 24972 62883 5236 45211
45186 43129 55157 8730 45211
45181 28202 55524 3918 45211
45184 31080 81899 7315 45211
45181 11372 73546 3739 45211
45177 43098 67442 2106 45211
45181 33553 61667 9486 45211
45184 41470 84179 212 45211
45179 31606 74959 3182 45211
45176 17534 79593 3463 45211
45179 38608 75387 9464 45211
45185 39683 69096 8793 45211
45178 31638 75109 8861 45211
45181 29780 69198 9462 45211
45185 35169 64160 1320 45211
45183 16880 66053 6806 45211
45177 19684 67703 4019 45211
45176 30761 83638 1099 45211
45180 29467 66775 8559 45211
45182 13006 76651 5351 45211
45176 37852 65853 5872 45211
45178 19042 61815 6928 45211
45176 42045 55779 4322 45211
45179 41286 62558 5501 45211
45176 30475 62333 5181 45211
45184 18230 70423 2735 45211
45177 19190 73652 3665 45211
45174 16461 67582 8328 45211
45182 10122 85054 7233 45211
45181 38119 56958 7641 45211
45174 40379 67056 3869 45211
45185 44561 77809 4224 45211
45178 40885 55390 2098 45211
45176 32866 55119 9099 45211
45185 37255 68905 6404 45211
45180 38870 54861 6785 45211
45163 32274 63909 8448 45211
45166 39372 57908 2810 45211
45170 32467 86653 2047 45211
45163 13178 71879 554 45211
45166 17515 62114 1893 45211
45163 32726 61254 1937 45211
45164 40999 73766 3835 45211
45170 37241 59474 4742 45211
45167 15652 86704 301 45211
45171 33431 73193 6666 45211
45170 17098 75402 58 45211
45167 30502 81670 7479 45211
45163 17157 65179 7534 45211
45173 19404 55897 8290 45211
45163 24889 87721 1925 45211
45171 36496 70728 9066 45211
45170 29846 78345 14 45211
45163 15344 84818 2869 45211
45167 36711 82991 7887 45211
45173 40047 69234 2582 45211
45161 40029 71997 742 45211
45158 33592 82015 2054 45211
45160 39565 64027 5690 45211
45161 12747 56891 4446 45211
45159 23635 85802 8980 45211
45158 27495 58973 7056 45211
45157 14903 84794 8627 45211
45162 23873 76477 2084 45211
45155 42043 74309 1057 45211
45157 32173 67356 2482 45211
45161 10618 86431 9612 45211
45162 31762 70219 5349 45211
45156 44144 81810 3779 45211
45155 34123 74267 7177 45211
45157 39592 85905 9052 45211
45161 12075 80440 7895 45211
45155 40541 58539 6148 45211
45160 42775 77707 4635 45211
45155 25033 62612 8097 45211
45158 35055 78227 60 45211
45159 19507 56835 574 45211
45161 43358 54689 4726 45211
45161 28751 73206 1995 45211
45161 11082 67200 8826 45211
45156 10143 86548 5845 45211
45157 42338 86817 3328 45211
45157 14218 69845 9036 45211
45161 13054 75037 7162 45211
45161 11066 65541 5578 45211
45158 31141 87440 3513 45211
45157 15177 83129 4411 45211
45162 29079 65250 5255 45211
45159 43486 87905 7914 45211
45162 18585 76969 9111 45211
45157 37755 85547 362 45211
45160 31139 62892 504 45211
45155 11745 86625 1868 45211
45162 34515 61872 4912 45211
45160 36425 72985 4430 45211
45160 39829 80541 3636 45211
45162 30746 77324 5097 45211
45156 38650 67600 622 45211
45160 25211 62813 6544 45211
45162 32961 60274 4161 45211
45162 22791 81789 2246 45211
45155 31329 56084 7349 45211
45147 15981 85912 2210 45211
45150 41332 76161 789 45211
45152 12062 56984 8376 45211
45148 39879 54954 8431 45211
45154 19983 84479 8222 45211
45150 41419 82585 5904 45211
45151 38699 56078 2729 45211
45151 42289 54581 942 45211
45150 44511 82402 9069 45211
45149 41492 77431 1174 45211
45154 15606 60435 994 45211
45147 37835 62677 9579 45211
45148 16649 83028 311 45211
45152 33299 63434 9671 45211
45148 40498 64054 8984 45211
45148 36203 74891 2987 45211
45152 38548 83178 4909 45211
45149 23251 54725 4605 45211
45148 25764 62079 4772 45211
45151 28835 85244 1676 45211
45147 10995 87502 816 45211
45147 37371 56570 7703 45211
45149 21167 73301 4247 45211
45147 12618 64220 5162 45211
45151 23714 74984 2270 45211
45153 40335 62765 2673 45211
45154 12869 62659 4948 45211
45152 16985 76007 163 45211
45153 35441 62055 2178 45211
45148 36514 66643 8269 45211
45150 15219 60210 9145 45211
45152 17944 85255 3715 45211
45151 44478 59814 4247 45211
45153 19493 81978 3483 45211
45147 30900 87852 3895 45211
45151 24313 75215 6668 45211
45148 17813 73024 4532 45211
45148 9805 87101 9581 45211
45149 15497 71436 8867 45211
45150 27018 81888 2415 45211
45141 32382 79008 4080 45211
45140 13869 87708 1973 45211
45140 35493 65726 5455 45211
45144 35682 82887 2941 45211
45137 13884 87375 1491 45211
45146 27119 78324 404 45211
45140 22975 69400 5854 45211
45140 43357 56638 15 45211
45140 33547 79544 9462 45211
45139 35089 56997 6878 45211
45146 34671 65140 8715 45211
45144 23058 55951 2975 45211
45143 36982 54768 7510 45211
45137 40454 57760 8701 45211
45143 44851 60551 3638 45211
45146 40624 81080 1204 45211
45144 41430 87713 1033 45211
45144 11174 60546 1865 45211
45145 36198 63641 92 45211
45142 30095 57313 449 45211
45140 16967 58440 5484 45211
45143 37543 64497 3492 45211
45143 9979 63593 8548 45211
45137 15741 73646 2186 45211
45137 39339 81354 7147 45211
45140 23166 63457 5637 45211
45140 17277 82215 5850 45211
45139 36217 60647 553 45211
45143 42101 85421 7382 45211
45137 26204 66226 3735 45211
45138 11913 79671 1543 45211
45145 41992 56898 7159 45211
45142 18743 58493 5730 45211
45141 28366 77266 6744 45211
45142 32156 65001 5079 45211
45144 19170 58036 61 45211
45205 26264 80185 1272 45211
45205 44969 56057 442 45211
45197 41863 74175 49 45211
45202 42371 60968 8522 45211
45197 40580 72120 6050 45211
45207 22930 83570 355 45211
45205 20016 57960 6352 45211
45199 33095 57908 6856 45211
45204 24341 72383 8707 45211
45197 34958 61384 4428 45211
45201 21356 85101 8899 45211
45205 21085 77052 6897 45211
45200 24833 72629 3538 45211
45197 25134 71855 2536 45211
45205 18689 58108 2605 45211
45202 18802 87560 2996 45211
45205 20036 84196 7076 45211
45201 43239 83207 1346 45211
45202 37427 66701 4105 45211
45200 17563 69809 3545 45211
45197 17931 55050 781 45211
45206 30939 75195 734 45211
45198 33024 62296 7693 45211
45196 30022 60158 2505 45211
45192 16885 56386 3646 45211
45196 18489 70867 4035 45211
45191 40708 79651 4240 45211
45193 27426 67639 3608 45211
45196 40849 74865 2634 45211
45195 34816 69172 5670 45211
45187 15008 59302 258 45211
45187 19383 55090 3860 45211
45189 20807 84083 157 45211
45188 35334 60057 6881 45211
45191 12466 72708 8717 45211
45194 26378 60542 2576 45211
45187 19378 65656 851 45211
45188 17856 69127 2319 45211
45186 30321 57496 8360 45211
45189 17864 77347 2814 45211
45193 37762 56664 1858 45211
45192 33038 59724 5126 45211
45192 13475 68287 7986 45211
45195 23455 61749 8072 45211
45194 31942 55398 3327 45211
45186 23072 71977 1597 45211
45187 26047 64698 4019 45211
45180 43571 66802 2489 45211
45179 22546 85673 5200 45211
45179 44438 64910 5666 45211
45174 31476 56014 3768 45211
45176 13742 74821 5139 45211
45180 19070 56467 6142 45211
45181 17349 59512 2805 45211
45180 19144 77492 183 45211
45176 41556 83845 9343 45211
45175 36246 74519 2969 45211
45174 24884 77896 2667 45211
45179 32468 57931 8745 45211
45177 24692 85842 8273 45211
45183 34000 62561 1509 45211
45181 41181 86727 1911 45211
45177 25161 60488 6399 45211
45185 9914 55744 7045 45211
45182 38474 55850 9631 45211
45181 36523 71127 5596 45211
45180 44606 81640 1080 45211
45183 40341 80843 7494 45211
45174 16800 64229 6032 45211
45182 38339 78076 981 45211
45163 44746 77332 7258 45211
45169 10293 55703 3186 45211
45167 17110 79229 5852 45211
45172 28469 58769 5830 45211
45166 19424 65833 2144 45211
45164 30195 77062 2354 45211
45172 34396 78665 2856 45211
45165 30486 85122 6646 45211
45166 38682 72944 1873 45211
45170 23476 64311 5811 45211
45170 43592 81402 5131 45211
45170 28437 76933 5926 45211
45163 10070 76435 6659 45211
45171 24743 65107 777 45211
45165 23629 59612 2700 45211
45165 26777 70373 6569 45211
45164 10488 64141 395 45211
45167 44315 56153 4456 45211
45168 14387 83451 4803 45211
45173 23492 83112 6868 45211
45166 17985 82385 2216 45211
45170 9900 84038 9303 45211
45170 44285 55095 3230 45211
45173 16344 72138 1812 45211
45169 30004 76901 1489 45211
45168 11199 86842 7988 45211
45163 21982 78400 7115 45211
45167 13275 67107 9516 45211
45164 41304 75942 8834 45211
45171 21849 77783 4185 45211
45164 15711 82209 3635 45211
45169 20818 59825 484 45211
45164 18667 83940 2762 45211
45157 43731 55924 6316 45211
45158 32255 66605 9414 45211
45156 30355 60039 5001 45211
45157 18012 74730 2178 45211
45160 35717 57586 491 45211
45155 37579 59143 4813 45211
45155 37712 81604 5101 45211
45158 23130 70576 9012 45211
45156 12844 84679 7771 45211
45161 33885 65518 3313 45211
45156 28649 54834 3462 45211
45162 10757 76322 3390 45211
45157 35352 61753 9107 45211
45155 15728 81051 8844 45211
45157 42389 70763 2068 45211
45162 32085 72570 2413 45211
45159 18953 69886 9351 45211
45158 12018 76020 6964 45211
45162 27287 66171 2629 45211
45158 38781 84927 4598 45211
45162 33080 76890 3531 45211
45162 23969 67077 1482 45211
45160 41748 85836 3322 45211
45162 15522 70700 4480 45211
45156 11363 79645 1564 45211
45157 13464 86721 5650 45211
45156 37396 87215 8558 45211
45160 29246 56171 1608 45211
45157 10684 72443 755 45211
45155 35014 73706 918 45211
45160 45009 71971 6791 45211
45158 20724 59112 4104 45211
45161 36178 69534 7477 45211
45160 35716 65202 5356 45211
45162 32521 85572 3980 45211
45160 31907 58902 3989 45211
45158 10502 58599 7661 45211
45153 18351 82227 8462 45211
45154 37834 83480 5727 45211
45153 31136 63225 2094 45211
45150 10193 72668 3957 45211
45148 23793 78347 6495 45211
45153 30984 77814 4543 45211
45152 35683 64841 6191 45211
45150 39790 84207 1860 45211
45150 28079 82589 4400 45211
45149 27293 80518 1446 45211
45151 42980 68585 4748 45211
45154 35997 83967 4442 45211
45151 13963 66503 4051 45211
45150 34966 68659 5895 45211
45154 22619 87880 3898 45211
45152 16950 57182 7123 45211
45154 42812 85657 6302 45211
45154 40285 82031 7897 45211
45147 44913 80784 384 45211
45152 25873 78344 2725 45211
45154 33245 57961 3704 45211
45149 15691 64228 2630 45211
45152 26066 65101 3100 45211
45149 12614 86031 2453 45211
45149 17532 59487 1114 45211
45150 22329 59689 6348 45211
45151 34610 75546 3198 45211
45154 24612 67144 1909 45211
45147 28542 65927 2481 45211
45148 33209 75979 8531 45211
45154 44910 66244 7931 45211
45151 16094 62878 1040 45211
45152 16133 72611 4588 45211
45147 29623 67000 6057 45211
45145 26085 72220 8441 45211
45142 15431 57026 1498 45211
45143 17264 81176 9210 45211
45146 19342 76151 393 45211
45142 14274 60225 12 45211
45143 32653 83337 4157 45211
45141 31925 73861 3845 45211
45141 14695 84688 2532 45211
45139 24639 65018 8041 45211
45142 20785 66011 7949 45211
45137 23539 80484 577 45211
45140 36653 67012 6491 45211
45142 28703 68819 4452 45211
45138 15251 82903 4211 45211
45142 40196 56948 9248 45211
45142 15052 57579 6147 45211
45141 11771 74360 8905 45211
45139 29701 68827 7894 45211
45140 39625 62724 8543 45211
45142 41158 64391 5236 45211
45141 34639 58940 1081 45211
45137 36122 56045 9551 45211
45140 40798 87022 8640 45211
45146 14960 83121 5078 45211
45141 38888 64408 1624 45211
45143 11281 54982 4523 45211
45139 28866 77912 4390 45211
45142 41995 65670 547 45211
45138 18846 70586 827 45211
45141 40327 60102 7904 45211
45140 26466 82345 2793 45211
45139 39198 73825 814 45211
45140 23580 85645 4802 45211
45141 42793 61105 2840 45211
45139 12949 85792 6395 45211
45145 39573 70194 1859 45211
45139 19529 85990 4106 45211
45139 22046 85702 4842 45211
45140 42664 70911 6347 45211
45146 33550 64624 6585 45211
45142 33189 63928 6110 45211
45146 27122 60226 2214 45211
45140 31385 56849 8709 45211
45142 19218 71970 8774 45211
45144 29665 66832 3705 45211
45146 38440 81089 697 45211
45145 31862 77328 2884 45211
45141 27869 79653 341 45211
45140 35033 58687 2204 45211
45203 10820 68418 2753 45211
45201 14918 85706 951 45211
45207 23850 76771 9430 45211
45205 30558 81324 8127 45211
45204 20976 71075 3524 45211
45203 24226 75646 7164 45211
45207 40778 57880 9183 45211
45200 10912 76265 812 45211
45197 44050 79452 1813 45211
45202 22121 72278 6824 45211
45200 21226 79165 1 45211
45206 13167 72606 3191 45211
45199 41356 81998 3758 45211
45200 37992 56190 1385 45211
45200 36536 71789 3524 45211
45206 34663 73207 5401 45211
45206 43385 70074 2785 45211
45206 12627 70012 972 45211
45198 28331 81759 2226 45211
45197 37002 80027 9122 45211
45195 20013 76934 5839 45211
45187 42067 82995 7521 45211
45186 30903 71787 4434 45211
45191 19003 78031 7213 45211
45186 25388 84353 2669 45211
45188 34634 61714 379 45211
45190 37684 82772 3937 45211
45190 30823 82921 892 45211
45193 27934 76034 3251 45211
45191 21321 83418 7004 45211
45190 23145 56638 4770 45211
45192 31978 77948 9166 45211
45191 18398 70197 3028 45211
45190 28644 64944 7678 45211
45195 34680 69440 5852 45211
45191 23173 83837 433 45211
45186 16810 75256 5919 45211
45194 35930 86826 9549 45211
45192 33773 58381 8241 45211
45187 29097 57843 6889 45211
45195 35547 57915 6338 45211
45189 22209 59352 36 45211
45194 30000 87045 1446 45211
45196 31191 75529 7090 45211
45188 23866 62185 7054 45211
45188 38059 64672 6486 45211
45185 25012 61982 2139 45211
45178 18294 59866 1754 45211
45182 14650 55226 8706 45211
45184 9918 67574 7146 45211
45180 16876 64898 4843 45211
45179 33408 64384 3918 45211
45176 41251 64946 5177 45211
45178 38799 61531 4279 45211
45176 34149 58670 3777 45211
45177 43064 60585 1037 45211
45176 13704 66515 1569 45211
45175 37593 82508 8290 45211
45176 27853 73092 5549 45211
45179 11262 61447 6219 45211
45179 42079 60300 6199 45211
45178 42426 73171 8748 45211
45180 21188 86270 2708 45211
45175 37938 74493 9378 45211
45185 43765 71881 4353 45211
45180 38860 75536 8157 45211
45180 24586 59663 2298 45211
45185 23093 80264 3631 45211
45182 15483 85530 5196 45211
45179 24208 63174 1465 45211
45177 22954 86515 4872 45211
45178 33673 55321 4228 45211
45177 42255 57435 4468 45211
45184 11828 73188 9101 45211
45175 30064 79356 8704 45211
45177 12800 67839 3089 45211
45183 30017 56237 424 45211
45185 15174 61903 521 45211
45180 19754 73418 8952 45211
45181 13926 62849 29 45211
45179 17104 71130 2206 45211
45181 20287 57486 8056 45211
45167 37667 68388 2886 45211
45163 31258 56978 8263 45211
45166 13474 67669 6675 45211
45170 44409 75337 4528 45211
45163 24486 77984 1694 45211
45167 40364 55930 2442 45211
45169 9940 86428 160 45211
45172 23601 73283 5219 45211
45163 36259 66876 865 45211
45167 20387 62797 2556 45211
45166 28126 79542 3376 45211
45171 29652 71244 4868 45211
45165 28665 71625 7854 45211
45164 25767 75176 3185 45211
45163 14289 78466 6031 45211
45166 35703 54513 9509 45211
45171 30935 77362 7759 45211
45164 35564 68912 3441 45211
45166 26159 85980 1019 45211
45170 13121 75948 3091 45211
45163 32454 56493 8477 45211
45159 19736 74595 1972 45211
45158 17380 86466 5235 45211
45157 35373 69377 1056 45211
45161 44901 85806 167 45211
45159 22611 82656 7218 45211
45160 43309 65041 603 45211
45159 21385 82988 6827 45211
45161 31365 59278 5916 45211
45160 14025 60751 6291 45211
45158 12060 60980 7035 45211
45157 22287 79837 5133 45211
45156 20107 70566 1411 45211
45158 44200 74184 3841 45211
45158 24267 55444 2116 45211
45157 12791 61960 5037 45211
45157 31119 78734 5761 45211
45157 23972 66288 7012 45211
45158 29985 64706 33 45211
45157 40295 78169 5226 45211
45157 29444 80930 1920 45211
45162 34482 56945 101 45211
45155 28813 83877 3515 45211
45158 22104 78180 9044 45211
45159 34825 86338 309 45211
45159 19248 87676 1166 45211
45161 25482 65339 1878 45211
45156 37185 58324 4348 45211
45160 13297 76373 1769 45211
45151 26813 66957 41 45211
45151 32584 58807 346 45211
45147 22706 62268 56 45211
45153 42639 80814 5794 45211
45151 29583 59864 6046 45211
45153 36174 86511 4198 45211
45148 14611 84112 9686 45211
45150 43784 84291 5525 45211
45151 30274 62739 55 45211
45149 30041 55385 3458 45211
45148 35198 60268 2550 45211
45148 16293 66319 4334 45211
45151 17026 78334 4053 45211
45154 22367 58497 2057 45211
45152 17647 71509 5748 45211
45151 13795 65892 4600 45211
45154 13959 79808 2621 45211
45154 37863 85474 1753 45211
45147 39250 58221 5975 45211
45152 21044 71524 2069 45211
45154 43431 55251 3048 45211
45147 24971 71916 4400 45211
45152 34459 61769 2630 45211
45150 15474 77430 6481 45211
45148 34988 60659 402 45211
45145 43796 86494 7610 45211
45146 36215 59240 1229 45211
45144 39609 85241 6071 45211
45139 13411 73033 8705 45211
45137 37176 85145 7213 45211
45146 31890 65660 2179 45211
45140 12759 83074 799 45211
45137 20058 60448 3633 45211
45143 16978 78839 8217 45211
45144 29427 58838 4426 45211
45138 43178 81901 5792 45211
45143 31944 69192 5979 45211
45142 33777 54578 2752 45211
45140 20630 86240 3165 45211
45141 32291 86212 7775 45211
45140 20454 77898 3899 45211
45140 24768 71937 6927 45211
45146 20364 82373 6123 45211
45143 21051 80020 60 45211
45143 20248 69264 1462 45211
45144 13644 80915 2179 45211
45144 37460 74839 3110 45211
45140 30229 68140 8953 45211
45139 27914 86785 6150 45211
45139 36121 58923 7183 45211
45137 31826 56262 4264 45211
45141 36665 71985 5966 45211
45143 15880 63687 6298 45211
45146 23437 78508 1166 45211
45142 11613 67279 8643 45211
45137 11943 74545 4775 45211
45143 22830 68293 3555 45211
45137 13857 60608 9108 45211
45146 27677 55159 3684 45211
45146 33000 65646 8404 45211
45144 17941 54594 585 45211
45145 31463 74212 6890 45211
45142 36354 58652 26 45211
45146 11899 74855 2613 45211
45143 38131 60779 3459 45211
45138 37181 82795 1003 45211
45140 20209 81999 3852 45211
45145 19104 77599 2106 45211
45138 40199 56357 784 45211
45138 39444 73415 2687 45211
45143 16943 84084 2937 45211
45142 40097 60345 7954 45211
45139 31578 64635 3131 45211
45143 25901 64905 8259 45211
45137 40747 85153 1070 45211
45143 37441 85063 900 45211
45142 16815 55208 2337 45211
45143 28228 63165 1759 45211
45141 26724 75458 6830 45211
45141 14467 61403 7630 45211
45198 38008 84129 5931 45211
45201 37412 69320 2468 45211
45200 41816 75678 287 45211
45203 13471 77791 9676 45211
45199 28179 82812 6667 45211
45197 31381 81613 7281 45211
45197 19995 57679 196 45211
45205 22574 64416 5807 45211
45200 42183 62295 8152 45211
45204 38044 87315 7548 45211
45203 16004 84816 4486 45211
45205 11321 79746 2707 45211
45207 37677 84621 4885 45211
45207 44665 74915 9295 45211
45201 42588 70400 6760 45211
45201 33908 57106 5906 45211
45197 23194 79686 4409 45211
45198 24340 74018 7790 45211
45204 35273 67570 1000 45211
45201 26391 72048 5389 45211
45207 41488 67034 8913 45211
45205 33926 60784 1604 45211
45199 32619 63497 7053 45211
45186 29329 54859 144 45211
45188 29105 62462 2601 45211
45189 19634 84649 31 45211
45193 41867 58439 1691 45211
45188 11803 62370 6278 45211
45195 40651 83929 3234 45211
45195 21363 84929 6755 45211
45194 26318 80557 7465 45211
45194 19865 57596 9137 45211
45192 42960 56526 1866 45211
45194 21931 57529 4981 45211
45191 42277 79277 4152 45211
45193 18262 61121 248 45211
45190 15620 76694 3771 45211
45196 22554 60919 1716 45211
45193 13441 72182 6395 45211
45189 11474 61505 1315 45211
45186 24627 60964 1172 45211
45189 34690 87335 3720 45211
45174 11959 80130 4896 45211
45174 38426 79245 6827 45211
45175 20821 61905 853 45211
45185 22540 59517 5607 45211
45176 38252 75632 8630 45211
45181 13723 59182 3756 45211
45179 13551 55997 1845 45211
45177 16428 59086 7007 45211
45183 10536 67590 2948 45211
45178 32814 68879 4199 45211
45183 16422 82729 3929 45211
45174 10065 64775 8587 45211
45185 22549 73956 6825 45211
45175 37717 61052 3842 45211
45183 39520 86171 2471 45211
45181 11782 71838 7947 45211
45185 18417 61682 1335 45211
45179 11179 81869 2936 45211
45176 40700 64650 1604 45211
45168 41648 63490 1614 45211
45168 16763 69521 164 45211
45168 26178 60354 774 45211
45173 12039 80403 5955 45211
45166 28334 77713 8528 45211
45172 20812 66393 3742 45211
45163 33018 57950 4915 45211
45171 18043 58505 2195 45211
45167 36229 73077 2308 45211
45164 14338 62524 1383 45211
45171 29117 55906 7393 45211
45166 41817 63792 4867 45211
45169 33628 61343 460 45211
45167 16607 76782 5493 45211
45170 22417 74779 2075 45211
45171 17218 83997 7293 45211
45166 26731 58875 5056 45211
45169 15720 83768 9062 45211
45169 38281 75006 6006 45211
45165 15298 85138 1661 45211
45166 30580 63940 8667 45211
45163 16830 56239 6294 45211
45166 15838 72293 9075 45211
45170 26143 76746 8969 45211
45173 39872 67430 311 45211
45169 37318 60281 7717 45211
45168 24107 67874 2900 45211
45163 33523 55102 4236 45211
45173 38041 66059 8408 45211
45172 35515 56378 1575 45211
45158 13110 61777 8709 45211
45162 12883 59879 6070 45211
45161 40443 85068 7172 45211
45161 13586 59333 7999 45211
45162 15464 78304 2015 45211
45162 16873 64519 3426 45211
45161 27747 60677 3152 45211
45162 44584 81457 8672 45211
45162 28085 73072 6214 45211
45156 32164 63548 5509 45211
45156 14229 68005 7631 45211
45159 11931 68993 2989 45211
45157 30018 62241 7628 45211
45157 9757 83099 6548 45211
45159 31448 85949 9617 45211
45156 31473 82944 4497 45211
45161 27844 56975 8234 45211
45160 28832 82336 5054 45211
45162 28617 57989 5454 45211
45157 13266 80879 5317 45211
45155 25469 85058 3140 45211
45157 43150 69120 1627 45211
45162 35035 83048 9480 45211
45155 40835 64631 185 45211
45157 40686 59403 1977 45211
45160 25447 61378 2287 45211
45160 13314 64343 8095 45211
45157 16916 65195 3472 45211
45158 29559 80646 3475 45211
45157 24670 57965 8363 45211
45152 16507 75821 6397 45211
45148 10276 79803 6615 45211
45151 36035 70383 8697 45211
45152 43922 83158 4410 45211
45150 36029 87045 9308 45211
45151 42215 66436 6679 45211
45148 40528 58882 4925 45211
45154 10953 86035 7768 45211
45147 27684 87257 8018 45211
45152 35534 56028 7573 45211
45152 26518 58918 2866 45211
45150 42174 57627 756 45211
45153 35580 74469 1076 45211
45150 30784 61066 6667 45211
45152 16968 55093 3071 45211
45151 23769 56053 3984 45211
45152 39796 67082 8946 45211
45154 14851 61264 5190 45211
45154 42808 73558 8297 45211
45150 35510 57323 4860 45211
45147 40484 57070 7192 45211
45152 12982 67390 1545 45211
45149 19593 75823 4004 45211
45153 43254 75774 6128 45211
45150 13028 87801 8085 45211
45153 41267 78276 7255 45211
45149 35211 87731 7795 45211
45149 37144 68518 3969 45211
45151 15641 61059 2816 45211
45149 22881 80254 1565 45211
45153 42368 71584 8001 45211
45149 23308 66109 2424 45211
45138 28883 60070 6098 45211
45144 26957 83236 1852 45211
45142 29674 60448 9132 45211
45145 15986 60528 2811 45211
45138 41017 73938 394 45211
45140 26738 71761 7672 45211
45146 31754 70124 5796 45211
45143 21930 87107 1262 45211
45139 16674 59153 7750 45211
45142 36445 72816 5142 45211
45146 21836 82321 6978 45211
45145 17075 60063 7275 45211
45145 38654 71380 1341 45211
45144 31318 58075 551 45211
45139 14060 78210 4677 45211
45142 34599 86459 3969 45211
45146 16642 79843 378 45211
45137 20475 56936 1040 45211
45145 30918 81617 5883 45211
45146 20649 85612 997 45211
45137 27651 82457 6228 45211
45140 22264 63026 7596 45211
45139 28640 75622 1865 45211
45140 17510 81279 843 45211
45144 12087 85040 8126 45211
45142 35228 79450 713 45211
45146 16521 60498 7455 45211
45140 44945 64695 2465 45211
45143 16602 56273 7806 45211
45143 17890 66389 3732 45211
45144 19207 60676 2426 45211
45144 43637 61576 4931 45211
45143 28589 73082 684 45211
45144 41163 86682 1354 45211
45140 29039 62675 2693 45211
45144 41795 60181 6741 45211
45145 14209 82537 1577 45211
45146 20937 87700 5862 45211
45145 17040 58624 2296 45211
45141 27168 78510 6885 45211
45146 21309 77448 6549 45211
45139 31889 64610 7069 45211
45139 22312 86952 4348 45211
45144 31713 54914 6935 45211
45138 39469 72339 4314 45211
45143 36154 72623 4452 45211
45206 41856 69699 4823 45211
45200 11865 82956 4732 45211
45204 27670 77212 1872 45211
45205 14564 62498 6798 45211
45200 30752 76712 4705 45211
45205 16275 67868 3013 45211
45198 25361 57942 6091 45211
45201 44102 78713 4541 45211
45205 24110 86420 5475 45211
45206 33765 79576 7959 45211
45204 34200 56356 3106 45211
45202 44098 63488 8731 45211
45201 37149 84977 1801 45211
45201 16193 56640 2845 45211
45206 36822 74340 4001 45211
45203 24239 76843 8459 45211
45201 31410 85282 2434 45211
45203 32161 73599 8796 45211
45207 19277 79940 624 45211
45204 16756 56471 9445 45211
45197 27474 80333 9593 45211
45190 30891 66937 7548 45211
45189 35388 77572 1041 45211
45195 39359 72440 9312 45211
45193 36511 76309 9455 45211
45196 44689 58364 6638 45211
45186 42055 60555 974 45211
45192 38810 84656 5880 45211
45192 41415 55677 3808 45211
45187 10930 66976 7841 45211
45190 33792 62407 5402 45211
45196 15918 60458 1990 45211
45190 34596 87102 1391 45211
45191 39644 63541 6512 45211
45188 37816 68156 8112 45211
45193 43646 84378 7991 45211
45188 42179 66414 6784 45211
45187 11620 71651 3784 45211
45187 24029 85886 7016 45211
45174 41700 71695 4721 45211
45176 39749 54754 9618 45211
45177 26481 81259 2526 45211
45183 44056 62959 5450 45211
45179 39117 62219 417 45211
45175 33942 81989 7827 45211
45178 18455 82273 4088 45211
45177 35693 85243 7687 45211
45182 39537 55849 3064 45211
45182 32016 71976 5330 45211
45178 41810 86001 820 45211
45182 28356 56782 7813 45211
45177 22677 58838 1264 45211
45184 17918 82841 6376 45211
45177 24335 85021 1217 45211
45185 24199 57883 2344 45211
45184 25904 63853 8390 45211
45178 14173 85967 2592 45211
45174 18906 63727 4979 45211
45182 15496 55190 4497 45211
45184 27958 82119 7873 45211
45177 40826 74481 2736 45211
45175 13047 78085 4569 45211
45183 16992 64465 1557 45211
45185 15055 57717 4190 45211
45168 37075 73758 9583 45211
45165 32033 84811 2334 45211
45171 26189 54750 9410 45211
45170 28933 55329 7447 45211
45173 14397 80604 298 45211
45164 15521 85171 8065 45211
45168 42143 59343 8594 45211
45172 12269 66923 4019 45211
45165 14437 79281 7187 45211
45172 28970 81405 4006 45211
45168 31696 56231 940 45211
45168 16882 56609 903 45211
45172 15453 58025 2334 45211
45164 22210 55379 6434 45211
45167 42752 78664 5743 45211
45165 9882 66199 5619 45211
45171 25237 60178 898 45211
45170 33923 56843 3628 45211
45168 33206 87702 7186 45211
45173 32688 78322 6388 45211
45167 11518 61522 5442 45211
45164 31958 72129 3781 45211
45168 23471 67200 6654 45211
45170 44074 76775 7068 45211
45161 16546 75069 7328 45211
45159 42293 66139 3688 45211
45160 36920 59299 7412 45211
45159 23806 58853 3081 45211
45162 29636 76803 7774 45211
45160 16227 71895 4766 45211
45161 42556 81854 4639 45211
45158 24376 87741 4861 45211
45159 30543 58629 565 45211
45162 44368 80194 1321 45211
45155 32326 64756 3471 45211
45157 32293 85448 5804 45211
45156 39497 56060 4518 45211
45161 38350 79789 1355 45211
45160 11001 86257 8179 45211
45159 44576 86438 3377 45211
45159 20794 86370 2059 45211
45159 10893 73088 3236 45211
45162 35086 85576 3569 45211
45155 44009 66351 4113 45211
45157 15478 60498 6474 45211
45155 30664 72079 4739 45211
45156 31217 72165 110 45211
45156 36775 57616 7297 45211
45160 29278 56318 2933 45211
45158 18986 56519 1356 45211
45155 15585 87015 7340 45211
45159 15538 84216 6349 45211
45162 12446 84703 6266 45211
45162 22141 65193 6633 45211
45157 25437 63266 7175 45211
45156 33004 65341 8444 45211
45155 21402 84149 7295 45211
45161 16574 74026 2492 45211
45159 35236 73278 9243 45211
45156 36919 86065 7087 45211
45158 36008 65070 4729 45211
45155 35389 75071 8250 45211
45147 17725 84245 5657 45211
45150 27194 86520 7133 45211
45152 38550 85524 5367 45211
45151 30667 55388 2104 45211
45153 23070 64510 7210 45211
45150 14216 85753 2076 45211
45147 35022 81691 1689 45211
45154 38892 81435 5191 45211
45151 23320 75585 5030 45211
45150 21238 85642 1318 45211
45151 31206 81546 6959 45211
45151 43715 82962 7011 45211
45148 20114 56476 7080 45211
45148 41131 85646 7452 45211
45152 35489 80636 4880 45211
45154 14285 63916 7345 45211
45147 30493 62835 7127 45211
45150 11681 55316 9380 45211
45152 38613 74406 9412 45211
45152 25810 85355 8782 45211
45148 34050 65003 4116 45211
45147 20037 54928 9110 45211
45153 40637 83274 9517 45211
45150 10291 81511 6986 45211
45153 22265 58002 9451 45211
45153 13893 54812 4468 45211
45148 24951 80578 6098 45211
45152 27240 60077 5226 45211
45154 34468 68276 3754 45211
45152 29264 83565 1959 45211
45147 25278 67639 9299 45211
45151 29938 55774 5023 45211
45147 17134 87816 7712 45211
45153 23136 82363 3015 45211
45149 30424 77849 8248 45211
45154 27531 71238 3627 45211
45151 23053 64795 3831 45211
45152 26695 77608 6492 45211
45147 38903 71511 4073 45211
45149 23787 77940 6884 45211
45150 15001 87726 4162 45211
45148 38154 59633 8678 45211
45149 17679 86103 1129 45211
45154 32960 84952 7254 45211
45153 25201 56670 8428 45211
45140 44433 73360 1197 45211
45137 14571 64886 5952 45211
45141 36166 71646 4487 45211
45141 20577 66902 9170 45211
45144 22460 82623 3685 45211
45143 16636 83147 5688 45211
45138 38718 77905 224 45211
45141 18926 72142 783 45211
45143 10285 69726 4247 45211
45143 38018 83524 8195 45211
45139 41636 82657 5989 45211
45143 25992 87163 308 45211
45145 14027 64060 678 45211
45145 26196 84037 7187 45211
45144 14637 63276 7013 45211
45141 36886 62259 627 45211
45146 28210 66641 7698 45211
45143 14615 66932 9358 45211
45140 33485 56596 7757 45211
45142 10376 72035 455 45211
45143 27338 61783 6345 45211
45144 19308 64194 1131 45211
45146 28150 78279 8635 45211
45139 23159 84025 3793 45211
45142 28093 85409 6881 45211
45138 41077 65612 1050 45211
45141 37969 59733 4260 45211
45144 10142 54517 8970 45211
45140 27130 79333 1555 45211
45143 12122 84142 4371 45211
45137 31055 58373 870 45211
45140 15140 55161 4221 45211
45137 39288 77856 7624 45211
45138 26132 54723 5068 45211
45143 41086 77626 7633 45211
45140 25963 82973 5886 45211
45138 33768 76841 8716 45211
45143 29496 54846 2350 45211
45197 25462 64818 193 45211
45203 13016 77137 8166 45211
45199 16567 74978 3859 45211
45197 29003 59014 6126 45211
45206 34454 65573 2055 45211
45205 23500 57372 8914 45211
45199 34863 84111 6124 45211
45206 38578 82008 1528 45211
45203 12593 73005 6673 45211
45197 28935 75664 2635 45211
45199 44611 82434 1458 45211
45203 37846 66338 3290 45211
45201 20877 83803 9491 45211
45201 11201 54948 3128 45211
45198 22898 60035 9655 45211
45201 25396 61880 2068 45211
45197 34916 62947 5606 45211
45197 30100 71049 2947 45211
45199 13424 76002 4299 45211
45201 27379 75330 6830 45211
45200 32829 63438 6447 45211
45207 36848 59747 5861 45211
45200 30082 70804 7752 45211
45207 11317 58053 7174 45211
45192 21115 57589 5944 45211
45187 32683 61750 7318 45211
45195 25305 64198 3436 45211
45192 27138 79079 1749 45211
45189 32572 76957 1851 45211
45188 12480 60853 2772 45211
45189 41935 84256 4498 45211
45188 40100 61516 2445 45211
45193 32461 81725 8389 45211
45187 44652 66936 6110 45211
45196 41123 61793 3913 45211
45189 30178 74926 8203 45211
45186 16201 71585 2912 45211
45196 38738 62417 6038 45211
45190 29058 74771 4427 45211
45192 30414 62537 9412 45211
45195 10192 81832 7753 45211
45194 37094 55637 8791 45211
45190 12868 68730 7996 45211
45196 23165 87086 8922 45211
45195 42921 70001 2170 45211
45195 40647 77305 8200 45211
45186 32031 86655 7221 45211
45189 23782 80926 5775 45211
45195 22557 81735 1391 45211
45195 37522 58598 8084 45211
45192 33877 60978 7576 45211
45176 37258 79530 4227 45211
45181 14075 81054 6996 45211
45184 16829 74751 3341 45211
45176 30956 82737 5867 45211
45178 30904 70140 9120 45211
45182 33816 80622 8044 45211
45179 25819 85772 910 45211
45185 35648 85663 1181 45211
45184 43061 77348 7600 45211
45176 24830 79595 7760 45211
45176 20844 55373 3616 45211
45184 38821 82618 4509 45211
45175 32240 65169 1566 45211
45182 30113 87398 9428 45211
45185 18391 78289 6296 45211
45181 43369 86243 8039 45211
45177 13270 60830 600 45211
45183 15743 74418 7264 45211
45185 19427 86446 5710 45211
45181 23602 71146 5866 45211
45184 33351 87297 310 45211
45178 25947 63565 9581 45211
45180 34698 79395 2857 45211
45167 40214 55702 4264 45211
45168 32135 86761 4657 45211
45167 18949 65207 5791 45211
45172 27504 76977 6948 45211
45167 37065 76341 9254 45211
45167 20401 85435 6250 45211
45171 19373 61425 1700 45211
45166 24216 61608 6042 45211
45167 33622 86312 2376 45211
45168 15203 70080 8619 45211
45168 17181 57966 7767 45211
45171 27342 62226 5729 45211
45173 32026 58279 4147 45211
45164 41983 63555 5126 45211
45164 26737 66419 3728 45211
45164 36392 58218 5425 45211
45170 30286 56504 206 45211
45172 21239 84287 6012 45211
45170 40048 62870 7944 45211
45167 22861 79640 1570 45211
45170 44153 64532 4235 45211
45170 14350 68274 4634 45211
45171 13197 84561 2146 45211
45158 42138 82484 1821 45211
45161 43975 83337 8929 45211
45162 41352 59700 1463 45211
45158 44254 64503 8314 45211
45158 25248 59742 9428 45211
45161 15910 60626 9018 45211
45155 10308 64389 2171 45211
45160 18925 63449 3176 45211
45156 35575 76554 4518 45211
45155 33323 56482 9255 45211
45162 15061 79743 1685 45211
45155 22621 68738 1182 45211
45160 27823 75354 3360 45211
45157 27205 84101 8098 45211
45159 38438 71121 2863 45211
45162 19524 64138 1170 45211
45157 44467 83258 4682 45211
45158 13682 76332 5168 45211
45156 28472 78277 9170 45211
45157 16604 85898 7842 45211
45157 27993 74916 9053 45211
45160 33880 74023 4679 45211
45162 38991 60106 3045 45211
45157 18430 56521 1816 45211
45159 44958 59929 609 45211
45161 33678 83868 5555 45211
45161 23292 86126 3296 45211
45161 22156 54798 7696 45211
45161 21894 87682 7555 45211
45159 17988 58027 7451 45211
45155 27986 59070 4237 45211
45156 28094 70522 317 45211
45158 24008 65573 3132 45211
45156 45052 76417 8201 45211
45162 12002 82915 1813 45211
45156 10023 81703 6841 45211
45161 20024 73078 2325 45211
45157 43109 71326 5980 45211
45156 34428 55415 5321 45211
45161 31426 57318 7870 45211
45160 26288 56919 7589 45211
45162 28048 67031 5364 45211
45159 42151 75166 8034 45211
45147 42780 78751 3866 45211
45147 19484 58879 8384 45211
45154 36011 87232 1223 45211
45147 12139 79350 5301 45211
45153 24940 55296 9457 45211
45151 26285 66378 913 45211
45152 29327 81882 7435 45211
45151 25753 71034 296 45211
45147 33798 56395 5333 45211
45150 28344 69939 5678 45211
45153 29529 56125 102 45211
45152 22847 71688 2444 45211
45152 40964 85059 8127 45211
45153 12785 64463 770 45211
45153 42562 82043 1145 45211
45148 16924 86113 4892 45211
45147 22999 59426 8682 45211
45153 35644 74574 6043 45211
45150 32180 76930 3375 45211
45148 40776 87533 6484 45211
45154 39402 78444 9388 45211
45151 19588 68470 4166 45211
45153 19818 83115 8580 45211
45153 30442 55185 4779 45211
45154 21116 67018 8544 45211
45147 18078 60072 7161 45211
45147 35175 73002 7226 45211
45151 24264 68689 3978 45211
45148 26961 86543 3766 45211
45150 30961 86635 7221 45211
45148 34373 62793 8909 45211
45152 26276 82339 1715 45211
45152 24968 55986 1989 45211
45148 30501 74820 9458 45211
45152 10058 76752 3329 45211
45151 39450 61407 8155 45211
45149 25155 76082 7473 45211
45140 16520 69026 1246 45211
45138 20145 82383 381 45211
45144 25760 65527 8875 45211
45141 20298 56863 61 45211
45143 38398 64934 6229 45211
45141 37533 60194 7808 45211
45141 25386 56438 8855 45211
45145 22152 77623 1124 45211
45137 11513 66900 9512 45211
45144 25940 64142 195 45211
45142 31640 54530 5189 45211
45143 37884 85625 1534 45211
45139 43974 61624 7619 45211
45145 41122 83763 71 45211
45140 24128 72184 2399 45211
45140 38619 59501 8293 45211
45142 24945 58512 9537 45211
45137 43273 85306 7910 45211
45141 30771 57361 6445 45211
45140 22511 58455 7208 45211
45143 24671 79427 4201 45211
45137 38216 75201 5739 45211
45146 22238 56793 5412 45211
45140 26545 69716 7740 45211
45146 38388 58251 5850 45211
45144 23592 60509 1442 45211
45145 30114 83233 6695 45211
45141 33471 57268 1605 45211
45138 16065 82141 227 45211
45139 40794 76640 4612 45211
45143 35600 72745 8852 45211
45142 19567 85676 6382 45211
45197 17862 59350 9247 45211
45202 44551 57611 2025 45211
45203 37555 70031 4779 45211
45200 42413 66076 3875 45211
45204 34476 63242 8140 45211
45204 16598 82086 549 45211
45207 17873 56091 5907 45211
45199 26593 67876 3376 45211
45199 11655 73752 7906 45211
45200 11909 84005 2296 45211
45206 24762 68006 2394 45211
45207 18130 59596 264 45211
45207 11137 87720 1125 45211
45201 16130 57451 5208 45211
45197 18316 81411 6910 45211
45201 41758 66695 1250 45211
45206 31091 55348 7324 45211
45204 15403 66222 9423 45211
45205 10110 62057 5750 45211
45199 30582 76668 2583 45211
45204 32084 64211 2298 45211
45206 11777 76313 2370 45211
45199 33461 59552 4257 45211
45202 11093 66678 2403 45211
45198 39213 69817 2091 45211
45190 43440 86573 3446 45211
45187 24703 63671 6682 45211
45188 32659 54889 1684 45211
45193 33762 83547 779 45211
45195 29660 82356 2162 45211
45193 22389 73888 1709 45211
45189 39073 79245 8014 45211
45191 37079 82970 7823 45211
45193 17169 83616 3767 45211
45188 36562 84215 462 45211
45191 19838 84547 7171 45211
45194 37384 85046 4495 45211
45186 38792 60925 7428 45211
45196 31974 85722 9223 45211
45188 26650 74853 9309 45211
45196 43260 85916 8218 45211
45193 32534 58208 6581 45211
45192 31361 69829 6299 45211
45192 26677 79705 8867 45211
45191 42997 66598 2792 45211
45194 42803 66276 2924 45211
45191 35300 79929 2860 45211
45190 21952 85641 4521 45211
45195 27017 65330 8899 45211
45194 23881 62575 4663 45211
45190 41394 85632 4165 45211
45188 31343 86198 2339 45211
45186 24649 79346 831 45211
45187 27076 68776 650 45211
45192 37401 79847 2197 45211
45188 33492 73448 3396 45211
45186 11299 54782 1826 45211
45192 24492 56230 2800 45211
45188 34792 82487 5060 45211
45193 19967 61603 5273 45211
45195 33378 75543 4979 45211
45175 29918 55053 8721 45211
45179 42886 76545 8418 45211
45177 10692 77766 3245 45211
45176 42058 70749 6560 45211
45174 34502 63362 899 45211
45184 25887 83837 2177 45211
45185 41881 68264 9173 45211
45182 29375 63113 9429 45211
45185 28691 64415 7655 45211
45185 30058 87783 1722 45211
45180 43763 58044 172 45211
45178 12208 67091 8154 45211
45181 42801 70526 5215 45211
45177 27452 71369 7559 45211
45183 16088 78203 9217 45211
45174 44728 70230 5960 45211
45180 10445 69351 9254 45211
45179 43180 85471 2579 45211
45175 29629 72202 3777 45211
45179 14986 62932 4103 45211
45174 13979 79982 4139 45211
45181 39072 87231 7081 45211
45178 35340 76720 5741 45211
45184 13964 65225 7800 45211
45171 34594 69830 465 45211
45173 32142 87481 4022 45211
45168 42332 67222 3553 45211
45163 38258 58521 2927 45211
45168 28060 58197 8753 45211
45166 15840 73578 3650 45211
45164 24103 72854 7274 45211
45163 42235 82269 1939 45211
45168 36408 66656 6470 45211
45168 39356 77184 4340 45211
45168 36799 62405 7326 45211
45171 16814 60050 4358 45211
45166 30464 70021 9326 45211
45172 39246 76102 8930 45211
45171 29700 85214 8593 45211
45167 31678 73314 1688 45211
45170 18614 66235 8888 45211
45170 41513 77837 6187 45211
45171 37246 82860 8820 45211
45168 39003 85883 8172 45211
45164 37906 72024 1902 45211
45161 18966 63442 8516 45211
45160 41599 64095 6079 45211
45156 20440 58604 2925 45211
45159 31291 56999 1782 45211
45157 39642 83893 5252 45211
45158 17732 81498 3410 45211
45159 19847 58566 305 45211
45158 18275 63551 4933 45211
45159 35999 85557 9479 45211
45161 23453 54744 3950 45211
45161 28948 74572 9105 45211
45155 23811 66420 2321 45211
45156 36583 70815 8241 45211
45155 11141 84711 5021 45211
45158 10978 66008 6360 45211
45161 30458 69499 9419 45211
45157 26952 84929 7275 45211
45160 30981 58343 5146 45211
45156 24129 55847 7835 45211
45160 26676 57398 83 45211
45160 26732 87860 960 45211
45161 21194 70317 5403 45211
45160 26953 64686 7616 45211
45156 27630 61615 931 45211
45160 31045 82733 5580 45211
45157 44596 79344 8931 45211
45159 13928 79212 8978 45211
45161 35596 86646 6788 45211
45157 37448 85618 6367 45211
45161 24715 66413 2855 45211
45159 43193 78947 369 45211
45156 33722 70706 5242 45211
45157 20848 78192 1583 45211
45155 15887 57595 8651 45211
45159 31758 65030 897 45211
45157 20271 73031 4075 45211
45155 27705 84173 7160 45211
45150 12663 70456 6778 45211
45149 9828 82586 7075 45211
45150 25594 72248 2344 45211
45151 9889 65571 8119 45211
45151 37913 85441 8028 45211
45149 11714 56271 6283 45211
45153 10961 64568 389 45211
45151 44782 62287 2060 45211
45149 21376 83008 3086 45211
45149 32623 74381 7993 45211
45150 20284 64793 7361 45211
45154 26746 85983 4263 45211
45152 37157 80104 5552 45211
45154 19718 66796 236 45211
45150 38387 69805 2085 45211
45153 37232 57247 136 45211
45153 37796 72678 4785 45211
45154 43684 82241 4367 45211
45152 40636 61373 4417 45211
45154 44605 61577 6644 45211
45148 42301 54710 2085 45211
45152 10225 64410 3400 45211
45148 26744 64035 2985 45211
45153 28798 71109 6278 45211
45152 34993 58436 222 45211
45148 20689 64175 5100 45211
45149 26314 73989 1635 45211
45148 16399 67386 5390 45211
45148 34952 70968 4881 45211
45147 28580 70018 9498 45211
45147 25738 69173 807 45211
45154 16530 84481 4187 45211
45150 43639 81325 6350 45211
45153 41766 70199 1789 45211
45149 36516 66021 6041 45211
45152 34203 54755 476 45211
45153 14037 67647 7936 45211
45154 12597 56563 1038 45211
45154 43016 74552 481 45211
45150 19414 64471 6062 45211
45138 34759 77650 6817 45211
45145 40372 77468 1214 45211
45139 22763 63724 1790 45211
45137 32563 86206 3686 45211
45141 23196 68702 2166 45211
45137 23110 77416 3170 45211
45144 36341 67097 9014 45211
45139 37547 67141 2209 45211
45142 9819 59118 9587 45211
45141 39706 61198 3300 45211
45140 32119 79771 3138 45211
45143 11530 65635 6128 45211
45139 14268 72051 8676 45211
45144 43817 78162 1702 45211
45138 30577 69160 4594 45211
45145 19425 66750 1011 45211
45141 34450 58325 7312 45211
45145 16831 80872 2909 45211
45139 30045 58600 8120 45211
45139 12907 65003 7692 45211
45143 15899 55317 9116 45211
45140 21943 78252 7034 45211
45146 28122 55359 5015 45211
45138 40390 73435 719 45211
45145 17151 75453 2118 45211
45207 32495 64110 7477 45211
45197 44173 81417 8953 45211
45198 22471 75401 8636 45211
45199 38669 87418 1603 45211
45197 41333 67839 7720 45211
45206 33733 59415 3513 45211
45198 43545 69261 903 45211
45203 34456 79545 8417 45211
45204 10467 55593 5677 45211
45205 43479 68394 4619 45211
45205 26572 80905 4403 45211
45195 21143 60296 1679 45211
45186 30835 58644 1541 45211
45190 35847 64131 8576 45211
45190 26909 63529 4895 45211
45176 42744 55893 3676 45211
45175 30815 83496 4078 45211
