45152 21821 65793 1298 45210
45141 21508 75802 1298 45210
45166 21693 78889 1298 45211
45141 21550 65915 1298 45210
45156 21646 79496 1298 45210
45207 21607 83661 1298 45210
45188 21619 73777 1298 45210
45153 21479 69941 1298 45210
45186 21703 67768 1298 45210
45190 21703 66778 1298 45210
45188 21593 80212 1298 45210
45192 21503 71652 1298 45210
45152 21827 69850 1298 45210
45163 21821 75219 1298 45210
45187 21703 80343 1298 45210
45176 21635 61250 1298 45211
45186 21827 69400 1298 45210
45157 21503 73445 1298 45210
45162 21823 75778 1298 45210
45181 21661 72832 1298 45210
45200 21770 69113 1298 45210
45197 21449 69248 1298 45210
45138 21767 69418 1298 45210
45186 21594 72655 1298 45211
45138 21752 78414 1298 45210
45187 21707 82936 1298 45210
45181 21607 66518 1298 45210
45200 21619 72481 1298 45210
45152 21583 82999 1298 45210
45152 21593 80007 1298 45210
45181 21825 66032 1298 45210
45175 21479 82616 1298 45210
45165 21479 83030 1298 45210
45156 21703 78948 1298 45210
45172 21752 76310 1298 45210
45157 21503 73497 1298 45210
45178 21827 80760 1298 45210
45207 21682 85514 1298 45211
45192 21507 66302 1298 45210
45186 21508 66751 1298 45210
45162 21823 75494 1298 45210
45200 21715 72838 1298 45210
45166 21593 83466 1298 45210
45156 21482 81042 1298 45211
45175 21469 77070 1298 45211
45199 21549 79334 1298 45210
45162 21646 78223 1298 45210
45152 21827 69898 1298 45210
45171 21709 71421 1298 45210
45194 21549 78739 1298 45210
45188 21703 71772 1298 45210
45199 21736 86407 1298 45211
45200 21478 78441 1298 45210
45153 21767 79168 1298 45210
45151 21607 81519 1298 45210
45141 21503 67420 1298 45210
45151 21661 72636 1298 45210
45152 21661 67236 1298 45210
45166 21754 66988 1298 45211
45178 21823 75677 1298 45210
45206 21492 78998 1298 45210
45137 21550 78191 1298 45210
45138 21619 73231 1298 45210
45152 21709 67113 1298 45210
45178 21478 73173 1298 45210
45146 21661 83721 1298 45210
45157 21765 70790 1298 45211
45177 21661 77451 1298 45210
45198 21508 81631 1298 45210
45141 21821 83377 1298 45210
45146 21508 77867 1298 45210
45178 21588 71181 1298 45210
45206 21492 79292 1298 45210
45176 21478 70705 1298 45210
45171 21550 81848 1298 45210
45141 21661 65955 1298 45210
45146 21821 72770 1298 45210
45138 21607 76882 1298 45210
45175 21517 82747 1298 45211
45174 21449 68860 1298 45210
45199 21703 81650 1298 45210
45153 21583 81313 1298 45210
45137 21823 79516 1298 45210
45157 21661 68500 1298 45210
45137 21508 69180 1298 45210
45178 21650 79739 1298 45210
45197 21770 66535 1298 45210
45152 21827 69624 1298 45210
45153 21787 75373 1298 45211
45198 21549 72752 1298 45210
45171 21508 71099 1298 45210
45171 21744 75592 1298 45211
45187 21827 76328 1298 45210
45181 21441 75638 1298 45211
45194 21478 65516 1298 45210
45207 21709 81902 1298 45210
45178 21599 78599 1298 45211
45141 21448 64794 1298 45211
45194 21715 80522 1298 45210
45194 21619 69956 1298 45210
45186 21503 66508 1298 45210
45163 21829 86402 1298 45211
45153 21449 65863 1298 45210
45192 21821 70261 1298 45210
45186 21478 79471 1298 45210
45137 21707 76372 1298 45210
45156 21725 67877 1298 45210
45194 21461 60499 1298 45211
45141 21724 72926 1298 45211
45165 21449 74770 1298 45210
45178 21607 66377 1298 45210
45175 21792 82286 1298 45211
45165 21823 82867 1298 45210
45186 21619 76331 1298 45210
45175 21593 72453 1298 45210
45181 21725 82288 1298 45210
45194 21549 78368 1298 45210
45153 21715 83693 1298 45210
45181 21550 74387 1298 45210
45156 21752 73541 1298 45210
45190 21619 80832 1298 45210
45137 21607 71108 1298 45210
45181 21825 66125 1298 45210
45190 21825 81487 1298 45210
45152 21446 81757 1298 45210
45153 21479 69563 1298 45210
45163 21478 66339 1298 45210
45190 21619 80834 1298 45210
45176 21825 67076 1298 45210
45192 21650 75481 1298 45210
45192 21593 71313 1298 45210
45146 21823 71586 1298 45210
45192 21825 76350 1298 45210
45162 21752 66007 1298 45210
45156 21607 68261 1298 45210
45190 21827 75529 1298 45210
45177 21492 68509 1298 45210
45152 21827 69314 1298 45210
45163 21725 81965 1298 45210
45151 21478 75329 1298 45210
45141 21821 83101 1298 45210
45194 21821 71506 1298 45210
45177 21479 71193 1298 45210
45137 21694 80710 1298 45211
45152 21713 78079 1298 45210
45176 21619 76465 1298 45210
45146 21752 72306 1298 45210
45186 21707 78666 1298 45210
45146 21661 65501 1298 45210
45187 21508 69380 1298 45210
45181 21446 73370 1298 45210
45157 21784 63707 1298 45211
45187 21707 82318 1298 45210
45157 21683 82145 1298 45211
45178 21503 68918 1298 45210
45190 21503 72674 1298 45210
45176 21600 70346 1298 45211
45194 21449 82212 1298 45210
45178 21725 77002 1298 45210
45174 21825 66900 1298 45210
45188 21550 74346 1298 45210
45207 21607 83512 1298 45210
45162 21752 66142 1298 45210
45157 21479 83344 1298 45210
45187 21503 81610 1298 45210
45162 21715 79530 1298 45210
45151 21824 64643 1298 45211
45165 21725 82073 1298 45210
45207 21715 66943 1298 45210
45156 21479 79276 1298 45210
45190 21825 81158 1298 45210
45166 21507 74947 1298 45210
45188 21821 74677 1298 45210
45141 21503 67473 1298 45210
45152 21593 80163 1298 45210
45152 21709 67311 1298 45210
45151 21550 80698 1298 45210
45197 21593 73554 1298 45210
45171 21621 75071 1298 45211
45198 26148 74342 3846 45210
45181 26148 70842 3846 45210
45165 26148 77591 3846 45210
45166 26148 65673 3846 45210
45172 26148 70083 3846 45210
45207 26148 68890 3846 45210
45207 26148 68890 3846 45210
45166 26148 65673 3846 45210
45207 26148 68890 3846 45210
45166 26148 65673 3846 45210
45156 26148 78426 3846 45210
45207 26148 68890 3846 45210
45188 26148 74096 3846 45210
45166 26148 65673 3846 45210
45156 26148 78426 3846 45210
45146 26148 68529 3846 45210
45207 26148 68890 3846 45210
45188 26148 74096 3846 45210
45166 26148 65673 3846 45210
45156 26148 78426 3846 45210
45141 26148 68395 3846 45210
45171 26148 82445 3846 45210
45163 26148 81567 3846 45210
45188 26148 74096 3846 45210
45166 26148 65673 3846 45210
45183 45136 76000 3698 45209
45169 45136 73574 3698 45209
45143 45136 78143 3698 45209
