45144 25082 71934 1298 45210
45170 25082 77547 1298 45210
45144 25082 71847 1298 45210
45200 25082 58376 1298 45211
45151 25082 74809 1298 45211
45144 25082 57700 1298 45211
45179 25070 67882 1298 45211
45168 25082 58896 1298 45211
45179 25082 58911 1298 45211
45170 25082 55419 1298 45211
45165 25070 57067 1298 45211
45165 25082 86072 1298 45211
45165 25082 86022 1298 45211
45204 21614 62126 1298 45211
45165 25070 69646 1298 45211
45165 25070 69648 1298 45211
45144 25082 71961 1298 45211
45184 25082 67593 1298 45211
45143 25082 81943 1298 45211
45154 37987 81085 4973 45211
45147 38212 84042 7811 45211
45154 24644 74729 3185 45211
45148 40329 84779 6031 45211
45152 19271 60665 7482 45211
45150 35589 82498 2203 45211
45154 41270 82302 1713 45211
45139 31695 62656 903 45211
45140 36023 70341 5034 45211
45146 37403 54809 5497 45211
45137 24364 61719 1807 45211
45140 25611 86642 5586 45211
45137 32719 66512 1917 45211
45139 23582 73745 650 45211
45142 24664 72952 1856 45211
45139 36097 80654 8830 45211
45140 14984 58631 2369 45211
45206 18472 81620 5322 45211
45205 41669 56173 6343 45211
45200 19379 60993 6874 45211
45198 13722 74830 8513 45211
45201 13372 56792 655 45211
45205 33263 54866 4810 45211
45197 40877 55357 7294 45211
45205 45101 57551 7791 45211
45189 28893 70037 1578 45211
45195 26588 72822 4900 45211
45189 39094 65849 1756 45211
45190 23426 71913 2123 45211
45194 35094 65741 8372 45211
45187 16283 83582 458 45211
45195 42923 62754 3882 45211
45191 15401 79777 9212 45211
45193 44864 86752 5416 45211
45195 30674 65962 7062 45211
45193 26367 70558 7035 45211
45186 22332 73673 3995 45211
45192 18633 78154 5993 45211
45191 15292 65411 297 45211
45190 32507 69288 512 45211
45187 31009 55827 8417 45211
45188 44506 76584 6766 45211
45186 15211 74752 7447 45211
45191 16000 59092 4184 45211
45184 40195 62190 6426 45211
45176 13605 86764 1442 45211
45180 40365 58903 9246 45211
45180 22704 70850 4269 45211
45177 44748 64399 3589 45211
45176 20738 76280 361 45211
45178 40442 83769 9209 45211
45183 42902 87784 3234 45211
45182 20924 74077 3913 45211
45176 28257 62585 9070 45211
45174 18540 73615 4006 45211
45182 14747 65551 5644 45211
45179 13566 73207 6730 45211
45177 41843 80003 6583 45211
45178 9999 60911 4294 45211
45176 13498 74145 6902 45211
45183 15104 80628 3221 45211
45180 28803 69879 3678 45211
45184 21323 83070 4765 45211
45178 37451 60121 7043 45211
45177 19509 78317 7955 45211
45181 30605 85148 4726 45211
45164 16582 83172 557 45211
45163 38209 76700 8570 45211
45163 28984 60735 1665 45211
45164 24735 70741 5482 45211
45167 25552 81595 7814 45211
45170 25943 81500 2657 45211
45169 19984 61183 6903 45211
45166 29330 61674 1013 45211
45163 12947 63816 9179 45211
45165 43130 62790 1392 45211
45171 12478 71014 1648 45211
45166 37108 84269 6664 45211
45170 32936 64664 2265 45211
45168 30477 62054 8859 45211
45165 12866 81654 8995 45211
45165 26002 75001 8808 45211
45172 31129 69037 6424 45211
45169 10313 84434 9123 45211
45169 31909 78497 2214 45211
45159 16209 80434 7045 45211
45162 32538 72138 7060 45211
45156 39763 67383 4877 45211
45157 19680 84672 7231 45211
45156 18524 63789 1297 45211
45155 40735 58228 2973 45211
45160 30504 58051 7141 45211
45157 20932 67980 9702 45211
45159 13252 64838 8133 45211
45162 29169 87246 7681 45211
45160 27883 82464 177 45211
45161 24450 82232 622 45211
45161 18969 80313 1801 45211
45157 12693 78027 1555 45211
45158 25181 75525 4982 45211
45157 15285 69423 5124 45211
45155 11672 82242 8049 45211
45160 40300 67425 2755 45211
45159 18612 64575 2864 45211
45155 38410 71308 2860 45211
45162 39368 63516 3241 45211
45161 36028 63857 1212 45211
45159 38988 61564 171 45211
45155 12476 70960 669 45211
45161 15469 68695 5076 45211
45157 20670 69866 6980 45211
45155 32198 73340 1408 45211
45160 43174 68824 4805 45211
45159 42925 76411 7628 45211
45157 13575 74933 3268 45211
45152 18236 59572 9464 45211
45151 30521 57222 1759 45211
45148 37135 74659 9411 45211
45154 12793 65147 9484 45211
45147 29779 58407 3733 45211
45151 39865 57384 8230 45211
45150 9885 56379 7787 45211
45154 25229 56087 2955 45211
45152 15363 76005 3134 45211
45153 19531 55083 1827 45211
45150 10525 75914 9680 45211
45149 44248 65778 6043 45211
45147 32607 80558 9141 45211
45147 12154 87697 1456 45211
45147 25785 76261 1372 45211
45149 34985 71686 8784 45211
45154 12414 54741 8912 45211
45149 39981 69561 3444 45211
45151 25968 68245 4391 45211
45149 19652 58243 4643 45211
45151 21205 74515 2012 45211
45148 30309 58745 6595 45211
45148 10318 75739 7541 45211
45154 28848 85866 7673 45211
45154 31380 60945 8750 45211
45153 10568 84439 9292 45211
45149 13695 61477 8910 45211
45153 17512 60444 9604 45211
45153 31816 66513 5308 45211
45153 31302 72613 1231 45211
45153 25254 86346 7552 45211
45154 36912 68765 6328 45211
45140 14223 87362 1346 45211
45144 13141 72545 8700 45211
45145 19145 80492 880 45211
45144 41934 73863 7511 45211
45141 41125 59740 5852 45211
45145 22744 78026 1662 45211
45145 27455 63013 1403 45211
45143 29462 57969 4096 45211
45138 27929 58037 4250 45211
45137 29297 55315 4659 45211
45138 35384 66330 6227 45211
45140 23321 82660 9171 45211
45145 43487 86525 5287 45211
45142 39795 60045 8325 45211
45141 41927 75410 286 45211
45145 22492 77196 4995 45211
45146 11520 68141 8120 45211
45142 16191 61571 4982 45211
45143 12542 54530 6790 45211
45137 19079 73623 6838 45211
45144 10425 82930 6434 45211
45141 24096 59827 7373 45211
45139 27327 85652 2061 45211
45137 12437 71816 2392 45211
45146 20984 60456 4519 45211
45142 36478 81256 1519 45211
45140 39434 72989 544 45211
45138 14457 82755 3944 45211
45140 36759 65971 6694 45211
45144 28142 78262 9339 45211
45144 35413 66860 4752 45211
45146 23142 62630 1735 45211
45142 35886 69780 4742 45211
45143 25613 75617 205 45211
45145 26354 63855 514 45211
45140 28829 57111 7743 45211
45138 13736 66171 7393 45211
45205 22668 79732 8886 45211
45206 16879 62459 3502 45211
45205 22477 73283 6674 45211
45203 39081 65986 7327 45211
45200 18536 82772 4856 45211
45199 13913 69493 2556 45211
45199 25929 62429 5431 45211
45202 38355 78039 3897 45211
45199 11906 85963 878 45211
45207 37877 85867 1107 45211
45197 39528 69657 1796 45211
45203 25576 83622 7831 45211
45203 10789 58871 3546 45211
45197 35618 58149 7093 45211
45206 38978 85577 7218 45211
45205 45083 62310 217 45211
45202 28972 57829 4908 45211
45199 33929 84195 2605 45211
45192 11420 86820 1122 45211
45189 32034 83482 2049 45211
45188 24937 77911 8808 45211
45189 22375 68105 5956 45211
45191 39200 56951 3067 45211
45192 37347 57638 303 45211
45193 14245 72389 5194 45211
45194 33786 77069 6932 45211
45193 19829 60148 9032 45211
45187 41001 69385 6608 45211
45191 36803 61451 3691 45211
45194 14447 76153 2871 45211
45193 37811 85266 5806 45211
45192 16709 78706 2924 45211
45195 16225 59560 111 45211
45195 26217 80513 6683 45211
45186 43886 77393 8667 45211
45190 22069 85423 835 45211
45195 18361 86040 2336 45211
45194 27583 85790 9647 45211
45188 36363 80519 7796 45211
45192 42229 62981 2764 45211
45193 22123 79697 8217 45211
45181 40906 83504 8554 45211
45181 10766 61306 2226 45211
45176 16712 56009 3278 45211
45182 41858 61390 7867 45211
45179 13335 82546 4955 45211
45184 25913 76074 9340 45211
45174 20960 66283 7082 45211
45181 28046 86702 6893 45211
45181 29492 62511 200 45211
45174 23929 60854 61 45211
45178 32425 76311 7209 45211
45183 18829 81401 5639 45211
45176 38886 64352 1630 45211
45181 15186 68616 622 45211
45182 12291 57075 1208 45211
45181 41090 55705 1065 45211
45185 32900 61228 1550 45211
45165 26301 87324 6170 45211
45170 36009 71118 3121 45211
45165 31344 85494 6104 45211
45171 32051 62117 5321 45211
45164 23467 68901 7832 45211
45167 12525 64155 6505 45211
45163 31158 73486 820 45211
45170 32028 62702 8064 45211
45164 41969 83069 3273 45211
45169 44955 87912 5349 45211
45169 15842 59634 1521 45211
45169 22299 67143 2570 45211
45171 23361 57784 3806 45211
45173 40912 73939 8253 45211
45169 11203 56651 6793 45211
45169 18995 58389 2233 45211
45172 12810 81416 6641 45211
45173 31072 86589 2700 45211
45170 25395 80763 1190 45211
45171 30166 80832 5231 45211
45168 26701 66939 1366 45211
45172 32424 73845 1234 45211
45168 32944 78688 5226 45211
45159 18628 60347 8135 45211
45162 15111 77193 9399 45211
45161 22567 60915 1649 45211
45159 43006 84288 610 45211
45162 40664 55219 7225 45211
45155 12102 65004 4747 45211
45161 16547 70329 5150 45211
45159 16478 65449 7568 45211
45162 42450 57668 8939 45211
45160 38596 54823 4794 45211
45157 42965 77962 5012 45211
45159 14281 68646 8268 45211
45161 18809 64067 5535 45211
45160 40388 83771 3228 45211
45157 34648 74384 181 45211
45158 17555 59074 5756 45211
45161 28198 55690 2823 45211
45156 42776 63580 1298 45211
45159 36448 76398 3679 45211
45158 10697 62800 2012 45211
45162 34249 86535 3092 45211
45162 27297 83606 478 45211
45162 22713 65743 8470 45211
45157 26025 82448 4973 45211
45161 18384 59452 190 45211
45156 30979 62203 3214 45211
45156 16576 79579 9541 45211
45155 26907 62387 5279 45211
45156 40832 67565 594 45211
45156 12794 62782 3121 45211
45155 17168 72501 1278 45211
45159 45113 63372 1246 45211
45159 27259 55762 4181 45211
45159 25154 74277 4980 45211
45155 40249 74550 9629 45211
45160 36865 57887 1072 45211
45159 35039 83652 207 45211
45158 13039 68267 4856 45211
45158 32941 69063 8909 45211
45155 16668 60984 6453 45211
45155 37501 59329 6931 45211
45160 44785 54765 674 45211
45158 27715 56844 8795 45211
45161 31268 68732 1356 45211
45147 17952 60923 40 45211
45154 26963 61675 7925 45211
45147 16727 59790 1271 45211
45148 27908 56019 346 45211
45154 36213 54597 4439 45211
45150 20445 75161 2647 45211
45150 33808 68111 9018 45211
45150 25174 78483 828 45211
45149 33133 76273 7137 45211
45153 18602 57632 7471 45211
45151 20915 82304 108 45211
45154 35458 65678 4238 45211
45152 39183 59146 9146 45211
45153 34912 62412 3788 45211
45151 32116 79192 9380 45211
45152 11618 71025 7273 45211
45153 20156 84167 4728 45211
45152 24751 70828 9164 45211
45152 36996 71158 7409 45211
45148 24151 60431 6000 45211
45151 22443 67418 9015 45211
45154 21287 82079 208 45211
45147 41591 80718 1140 45211
45147 19381 83281 517 45211
45150 27270 85221 3645 45211
45146 36961 69634 6105 45211
45139 35317 64539 8773 45211
45144 13061 69635 7365 45211
45143 10628 59368 4344 45211
45146 37098 63140 6462 45211
45144 40053 62226 1656 45211
45142 39919 85596 9549 45211
45146 31581 74784 14 45211
45143 28113 62267 8076 45211
45141 29957 57841 5006 45211
45140 31395 66445 7230 45211
45144 12723 70027 5097 45211
45145 36370 69066 1470 45211
45145 36921 57968 5423 45211
45142 30180 63884 9474 45211
45137 44289 56870 916 45211
45144 17021 76039 6051 45211
45143 16799 68261 8355 45211
45141 30836 55792 2607 45211
45146 39405 55602 9045 45211
45139 43252 65744 1481 45211
45139 32500 82883 560 45211
45137 28971 83097 1397 45211
45143 19017 82554 1385 45211
45143 11469 87739 7586 45211
45146 41095 68496 1736 45211
45140 18102 75106 1415 45211
45139 25167 63525 4464 45211
45145 12490 87431 3379 45211
45140 25828 68013 8847 45211
45140 13639 61097 7975 45211
45142 12467 87011 6305 45211
45144 28205 81231 4599 45211
45140 19034 55919 5057 45211
45140 25227 86848 8516 45211
45142 34902 82379 8412 45211
45138 26597 75763 3024 45211
45142 14204 84457 8736 45211
45146 26675 56461 6347 45211
45142 28730 62960 3984 45211
45145 19540 78803 201 45211
45145 15948 59753 2430 45211
45138 38940 54684 6775 45211
45143 32654 82839 5735 45211
45145 12284 65886 7191 45211
45204 16644 65602 3491 45211
45202 37597 62989 7443 45211
45201 28975 64118 1660 45211
45202 12008 55434 1988 45211
45198 22853 83200 8332 45211
45198 29213 80956 3801 45211
45200 33093 86830 3395 45211
45206 15957 73209 5202 45211
45206 19196 64882 4421 45211
45203 33456 58208 5833 45211
45200 23876 65807 4457 45211
45205 10753 83346 4628 45211
45200 27997 71471 7699 45211
45200 43424 78781 7695 45211
45202 10547 69270 6181 45211
45207 23557 63530 3650 45211
45198 34436 57533 3592 45211
45205 12283 67317 9129 45211
45206 37844 80685 797 45211
45195 31229 56163 6274 45211
45187 36599 65176 9305 45211
45196 29298 56967 524 45211
45193 11642 77162 7089 45211
45188 36715 68237 340 45211
45189 9815 66865 5655 45211
45194 17106 85325 972 45211
45189 22108 81769 7558 45211
45188 43904 68982 6320 45211
45190 45001 57699 129 45211
45194 30510 60543 524 45211
45188 35233 73747 8087 45211
45196 26149 78211 2938 45211
45189 29688 79385 1673 45211
45190 25628 62084 3099 45211
45186 35882 70047 1814 45211
45186 13558 70525 6184 45211
45192 44833 62680 6010 45211
45190 40166 76815 27 45211
45192 11011 56032 3780 45211
45190 38034 59681 9024 45211
45192 39077 59102 3423 45211
45176 17859 82622 811 45211
45175 36839 66174 8662 45211
45178 19077 62949 1983 45211
45182 40385 87793 2 45211
45180 27132 66918 4970 45211
45182 12930 63890 7585 45211
45176 38194 63589 1771 45211
45181 42002 61693 7870 45211
45184 22057 58656 7902 45211
45177 29157 65879 2851 45211
45185 20083 66241 6125 45211
45179 40421 62082 6607 45211
45175 26945 83744 180 45211
45181 43877 70452 1420 45211
45175 31260 79189 9219 45211
45174 32219 71406 1253 45211
45176 37128 59671 7351 45211
45179 25518 64074 6529 45211
45185 13978 86230 2101 45211
45174 21210 87516 8490 45211
45184 14583 82404 6080 45211
45180 19464 68231 6198 45211
45184 30795 56998 3180 45211
45178 30188 84848 1469 45211
45180 16226 65373 5332 45211
45178 14317 73500 3329 45211
45178 45055 63111 4899 45211
45179 39789 79580 2641 45211
45175 39031 69914 8690 45211
45175 30710 80163 2234 45211
45184 21176 81225 9487 45211
45178 39037 55798 8359 45211
45177 25961 75444 1832 45211
45176 41035 71116 8557 45211
45177 9981 83198 2806 45211
45170 20919 68080 5242 45211
45171 36780 65061 1100 45211
45163 28197 57601 1066 45211
45167 43551 63306 4151 45211
45166 16240 84271 257 45211
45163 24388 56214 6231 45211
45170 27278 56172 9671 45211
45166 15299 62098 6190 45211
45173 29917 72886 3245 45211
45163 37447 81876 8543 45211
45169 24805 61126 8130 45211
45163 30101 70843 5286 45211
45163 27416 70663 6505 45211
45165 32074 59378 1741 45211
45173 44893 58908 9599 45211
45166 31951 56875 3923 45211
45171 16157 59203 970 45211
45163 24667 68954 6995 45211
45165 33067 62121 6016 45211
45171 20461 74533 779 45211
45173 9834 83781 2780 45211
45167 13801 62647 4549 45211
45159 18084 78085 449 45211
45158 10170 72724 1951 45211
45160 14498 56945 7875 45211
45159 12455 72828 4908 45211
45156 42776 63580 1298 45211
45160 40064 81463 2287 45211
45155 16652 75911 8019 45211
45158 25200 74056 2473 45211
45156 30868 84915 5831 45211
45160 43075 75676 6410 45211
45155 33141 66773 5803 45211
45160 18799 61648 7941 45211
45162 27644 57386 8470 45211
45159 34927 56429 8240 45211
45157 19158 82827 2610 45211
45156 30902 56813 747 45211
45161 36564 55813 4596 45211
45161 37248 63067 1289 45211
45161 34439 65468 2184 45211
45160 39548 54574 7595 45211
45157 20464 85832 3689 45211
45155 23083 54577 4657 45211
45155 27550 74825 8873 45211
45161 13378 78311 5778 45211
45155 15397 80749 5955 45211
45156 41133 87402 5634 45211
45155 13633 81911 302 45211
45159 16960 63659 4153 45211
45162 35281 68076 6491 45211
45156 14837 68948 9035 45211
45156 16592 84044 1538 45211
45155 25956 56754 4071 45211
45155 22132 71050 5172 45211
45161 42402 79758 3905 45211
45156 32597 76052 2660 45211
45155 31367 56122 4412 45211
45161 37690 63627 8776 45211
45161 18159 87361 9306 45211
45151 39277 78754 6656 45211
45152 35217 56152 8923 45211
45153 17436 57009 1745 45211
45153 36853 61837 1291 45211
45149 13856 87740 3917 45211
45152 17415 59669 5483 45211
45152 10333 67887 2274 45211
45149 24980 83139 973 45211
45153 44603 73854 3674 45211
45152 39915 85529 2776 45211
45152 28699 66160 2827 45211
45151 37072 65193 6114 45211
45154 10287 67511 3823 45211
45147 38102 73400 2687 45211
45154 22735 59482 3097 45211
45151 16072 57865 6504 45211
45150 30638 71564 828 45211
45150 28985 67343 9423 45211
45149 37681 84018 6728 45211
45154 18414 73353 6262 45211
45148 18914 63395 5896 45211
45153 24714 62592 427 45211
45148 21976 76776 668 45211
45153 28077 77223 9028 45211
45147 29252 77605 8347 45211
45153 36829 65764 5907 45211
45150 14522 71836 574 45211
45152 44680 61281 2859 45211
45148 12662 66828 6334 45211
45148 21113 67074 2362 45211
45150 24754 69995 1959 45211
45148 16870 58105 1403 45211
45147 30853 60863 6203 45211
45150 16096 60677 4996 45211
45153 27602 57758 972 45211
45152 43211 87265 2034 45211
45138 16538 78459 3642 45211
45137 10689 84091 9572 45211
45140 12340 81535 2226 45211
45139 39270 85801 5232 45211
45139 34723 81211 4249 45211
45145 25569 82646 5961 45211
45143 36361 79022 6311 45211
45142 33698 57284 9359 45211
45140 22938 61600 8168 45211
45140 21027 81484 7861 45211
45143 18317 65978 8640 45211
45137 11347 80903 7044 45211
45145 39666 63385 2002 45211
45143 26375 57377 1963 45211
45144 25048 72749 6268 45211
45143 36978 58890 8422 45211
45139 10669 69796 5937 45211
45140 32485 56411 4017 45211
45139 37452 55658 1871 45211
45137 42382 85105 7841 45211
45146 16996 65012 8631 45211
45144 13491 84105 8964 45211
45142 12165 62997 8638 45211
45141 18450 61382 8333 45211
45137 25725 57290 3242 45211
45142 28587 67445 8123 45211
45140 36057 64986 5633 45211
45143 32764 70499 148 45211
45140 32667 64592 1473 45211
45145 13164 58843 9237 45211
45142 12406 61398 3482 45211
45138 36554 57080 3142 45211
45139 27313 60873 7648 45211
45146 44593 59121 753 45211
45138 10714 65690 1758 45211
45137 20260 68080 8767 45211
45137 42617 86126 147 45211
45140 41631 60322 9006 45211
45144 14380 69293 844 45211
45142 39045 84870 4719 45211
45140 35001 82685 4459 45211
45145 25050 59087 3813 45211
45138 33865 59432 9554 45211
45138 31187 56057 581 45211
45145 26929 63288 8817 45211
45137 30007 81579 8732 45211
45138 29367 82875 5560 45211
45143 33027 78277 4548 45211
45146 32330 87531 6653 45211
45139 24553 86360 2950 45211
45198 33283 68151 8769 45211
45207 10321 63013 3745 45211
45198 38540 57104 7445 45211
45202 26199 87275 8074 45211
45207 19555 75826 7000 45211
45203 23098 67474 2037 45211
45207 24325 60666 3486 45211
45202 28276 61358 4287 45211
45200 38513 70266 1897 45211
45201 16629 78630 4602 45211
45204 35215 78784 6668 45211
45200 18565 84897 7968 45211
45204 11290 61293 8680 45211
45202 28091 74430 7825 45211
45200 34760 59080 7733 45211
45206 36093 55488 2590 45211
45202 30259 87849 3325 45211
45202 44918 65321 5507 45211
45207 30846 82631 6339 45211
45207 37937 63929 5072 45211
45206 31213 66550 4281 45211
45206 35058 62452 8327 45211
45193 25910 58378 7056 45211
45186 36112 58195 9690 45211
45195 15928 64961 6584 45211
45191 10348 64845 4903 45211
45193 34538 82932 7282 45211
45196 12987 82735 7915 45211
45192 33040 81307 7427 45211
45193 16997 56952 7667 45211
45190 33796 66165 4867 45211
45190 17668 60918 9542 45211
45196 10579 71503 1725 45211
45193 18748 58393 4065 45211
45190 43284 71486 170 45211
45186 9719 86688 2392 45211
45188 37557 71872 633 45211
45188 31348 75901 1511 45211
45189 37572 80672 5936 45211
45196 44250 84306 7968 45211
45187 14632 66883 2986 45211
45194 10512 86369 2581 45211
45189 44176 71794 99 45211
45181 27095 57056 8171 45211
45178 20358 81682 5033 45211
45177 44269 58704 5210 45211
45177 40893 85619 9357 45211
45174 24070 68519 6390 45211
45180 36588 80942 903 45211
45179 34799 69040 3903 45211
45179 30670 67023 5378 45211
45175 17320 58865 4944 45211
45177 36357 73239 484 45211
45176 9808 81314 5417 45211
45178 29280 66789 2429 45211
45177 14270 86227 1702 45211
45178 22674 64143 9341 45211
45184 26709 78721 8797 45211
45175 16176 84962 389 45211
45178 19868 65646 16 45211
45184 20430 62495 8595 45211
45183 43112 87494 2928 45211
45174 36214 83703 3749 45211
45183 43970 80894 8042 45211
45178 33930 69305 5682 45211
45180 12096 67780 2274 45211
45180 27276 81719 3718 45211
45177 11269 74394 7350 45211
45184 40818 69355 56 45211
45175 19082 62384 8268 45211
45184 19356 82760 6455 45211
45165 27798 64286 2506 45211
45165 17304 76221 4207 45211
45173 21135 64893 5192 45211
45169 24616 57928 7200 45211
45163 29041 63767 9110 45211
45172 27900 76167 6377 45211
45164 40020 79044 3592 45211
45167 38938 79998 2795 45211
45163 20963 65290 845 45211
45166 25424 71117 422 45211
45170 11362 59859 6651 45211
45164 28610 66151 3651 45211
45171 15949 73633 893 45211
45169 13767 75302 9680 45211
45173 32333 87050 1667 45211
45168 33988 61197 6288 45211
45156 42396 66523 4655 45211
45162 20520 56918 5630 45211
45155 19626 58451 3938 45211
45160 34616 69656 4017 45211
45161 35101 56040 3903 45211
45157 28907 62619 7581 45211
45157 19760 87628 3962 45211
45159 38385 80693 1159 45211
45162 22532 86076 9361 45211
45155 30235 57218 5203 45211
45159 40427 76076 2731 45211
45155 40358 65687 7189 45211
45158 26125 84867 1040 45211
45156 16627 55999 8985 45211
45155 31345 87449 2950 45211
45160 19888 63883 1042 45211
45155 43893 62365 28 45211
45155 29604 61466 1632 45211
45159 44378 59226 5248 45211
45159 44392 82582 177 45211
45160 13319 66464 898 45211
45159 9763 70560 4292 45211
45160 28293 66575 248 45211
45160 20238 81001 6628 45211
45161 40846 72071 986 45211
45158 22296 66341 4504 45211
45162 30441 79019 7274 45211
45159 26964 62411 3339 45211
45159 39202 64964 6031 45211
45162 17637 68950 8426 45211
45157 32846 82443 3579 45211
45161 15062 68704 8040 45211
45155 44471 65932 6170 45211
45157 20773 60266 4530 45211
45160 38000 74618 5539 45211
45156 35786 54945 8792 45211
45161 18265 65447 6906 45211
45149 23440 83964 9067 45211
45148 16051 87752 484 45211
45150 44555 86633 1480 45211
45154 11698 72687 3664 45211
45149 34839 62080 8786 45211
45148 20118 55757 9005 45211
45153 20441 82501 6665 45211
45147 42966 56940 6598 45211
45151 34263 60890 2304 45211
45152 18037 55001 6067 45211
45148 13549 69465 3044 45211
45154 27271 75978 8233 45211
45154 11213 73051 3063 45211
45149 37233 71726 7521 45211
45151 17225 69315 8507 45211
45154 32428 80172 8329 45211
45150 17032 85171 9604 45211
45151 30132 68365 1337 45211
45148 36627 56642 4692 45211
45147 43253 73146 3431 45211
45154 11327 78545 1541 45211
45153 40827 70472 5296 45211
45152 37861 86326 4618 45211
45150 41653 55463 6912 45211
45153 18473 82457 5427 45211
45153 10309 68205 579 45211
45147 37073 60267 8170 45211
45152 26172 82152 9330 45211
45148 15779 76797 7133 45211
45152 42736 65345 8671 45211
45149 38144 86523 6746 45211
45152 30225 56852 5923 45211
45147 30617 87567 8206 45211
45138 22685 59914 5588 45211
45142 43196 78198 8597 45211
45142 24354 64976 5320 45211
45139 40482 62540 6896 45211
45142 38729 67776 6684 45211
45138 40730 80188 1048 45211
45143 23778 66895 6571 45211
45139 36878 55438 7292 45211
45138 22912 74333 4549 45211
45140 14107 61633 1550 45211
45141 14702 82727 2177 45211
45139 41977 57665 9613 45211
45138 28058 64430 9579 45211
45140 37461 60928 8203 45211
45138 44700 75407 3672 45211
45140 39347 67920 5307 45211
45141 37109 63591 5577 45211
45144 26477 66591 6334 45211
45141 26058 64619 6253 45211
45142 34545 69004 2210 45211
45141 25789 67566 6969 45211
45137 25401 87051 8778 45211
45141 23311 69715 6732 45211
45141 25740 56054 4414 45211
45142 16114 66062 4336 45211
45142 11111 68131 9693 45211
45140 41383 86873 349 45211
45143 39120 67583 981 45211
45146 33814 78513 5624 45211
45139 16011 85636 243 45211
45143 11596 75900 5379 45211
45140 17018 77567 7563 45211
45142 29854 56177 8799 45211
45140 9972 66041 6670 45211
45145 19788 82021 2510 45211
45140 14894 65268 7308 45211
45141 21025 59113 155 45211
45141 44604 76571 9475 45211
45145 30906 74482 2247 45211
45139 16149 76257 438 45211
45140 30120 77222 2555 45211
45140 32881 85605 493 45211
45144 12751 65201 4430 45211
45201 37394 66684 3489 45211
45204 35782 72385 9641 45211
45207 33496 68962 2862 45211
45206 30989 80689 2670 45211
45197 12769 87310 5305 45211
45206 39571 85217 4374 45211
45198 43028 84724 7637 45211
45202 38325 87461 8215 45211
45202 36985 70765 1856 45211
45198 30060 82128 9203 45211
45201 18389 62542 8493 45211
45202 15486 72537 5814 45211
45201 36143 79059 6766 45211
45198 19138 67889 6001 45211
45203 44314 87525 5068 45211
45199 17616 59701 4544 45211
45206 36594 74214 9236 45211
45205 43659 55176 6063 45211
45198 17081 85491 8573 45211
45206 18584 81187 3916 45211
45197 24157 86355 4161 45211
45198 34481 80323 4340 45211
45191 34049 62370 6143 45211
45186 26432 79521 5255 45211
45193 25635 76737 6852 45211
45190 32078 83462 9383 45211
45196 32029 76844 6016 45211
45191 15675 79763 2503 45211
45187 14050 70944 76 45211
45188 13014 62696 8742 45211
45194 40060 59472 8242 45211
45189 17867 68024 597 45211
45194 31216 57476 8129 45211
45196 15063 58936 8526 45211
45192 36165 67052 6824 45211
45193 41875 61255 5547 45211
45190 26524 81568 192 45211
45196 32802 84781 1691 45211
45174 20384 79923 7134 45211
45184 10976 61785 966 45211
45185 23324 83528 7163 45211
45174 44779 80567 3363 45211
45185 43318 58016 8366 45211
45179 19832 77146 7136 45211
45183 31503 66095 8831 45211
45183 12864 79831 9281 45211
45176 41874 87505 8209 45211
45183 35265 63088 5000 45211
45183 19220 54857 9422 45211
45184 35206 68093 2746 45211
45185 44543 85681 3089 45211
45174 20065 62736 710 45211
45179 20904 58289 5754 45211
45183 32594 84728 6404 45211
45178 44106 58933 1680 45211
45185 30050 84660 9359 45211
45175 19021 84911 3692 45211
45179 32886 78111 6501 45211
45181 43663 64577 5256 45211
45185 15345 77970 5107 45211
45180 14340 58803 5569 45211
45179 27299 81983 3941 45211
45182 32177 67388 8587 45211
45183 41107 59333 3845 45211
45185 19978 83203 2039 45211
45164 11599 57175 6185 45211
45171 39873 67735 7415 45211
45170 29056 66976 2700 45211
45170 16897 62195 2540 45211
45170 43422 72816 7981 45211
45164 30461 64348 6594 45211
45170 40889 85458 465 45211
45169 39122 70410 6681 45211
45166 35092 66649 7890 45211
45167 40041 62251 1434 45211
45168 38553 76991 5505 45211
45166 15328 60674 5745 45211
45164 34166 61424 674 45211
45171 11419 72981 5949 45211
45161 10258 69038 3884 45211
45158 16040 63993 8960 45211
45159 44097 58014 8974 45211
45156 40596 63348 8356 45211
45161 26956 55753 8322 45211
45160 32921 79489 6965 45211
45158 18204 79436 289 45211
45156 39600 78976 5182 45211
45160 42074 55189 1515 45211
45159 18098 72335 4955 45211
45157 22522 80194 3178 45211
45157 12920 60023 4554 45211
45158 32008 60857 9260 45211
45158 21436 86201 636 45211
45161 42568 54548 3155 45211
45157 12299 66401 8039 45211
45159 33194 83152 3886 45211
45157 19479 82820 2478 45211
45160 27403 57881 2997 45211
45156 16389 61996 9289 45211
45159 15096 75547 6195 45211
45160 9968 87326 9162 45211
45160 27722 84932 3865 45211
45158 10986 59675 4661 45211
45161 11062 79744 1283 45211
45153 30562 69309 5664 45211
45154 29322 86837 8888 45211
45152 34385 74661 5240 45211
45149 41345 67653 3132 45211
45154 18562 55156 9459 45211
45148 10839 65768 2814 45211
45148 20023 79527 2165 45211
45154 37339 55129 6985 45211
45153 40838 65694 1164 45211
45147 30926 86867 5915 45211
45154 20048 80696 5850 45211
45150 37685 86772 7627 45211
45154 9851 77801 6752 45211
45149 40429 71621 6382 45211
45152 16035 63728 8245 45211
45152 38420 65046 414 45211
45149 16953 55643 1164 45211
45154 44186 57372 957 45211
45147 14096 86377 4974 45211
45154 43768 78161 8050 45211
45147 9878 56735 5452 45211
45154 25849 62224 7683 45211
45150 29503 83248 2397 45211
45153 20342 84082 1169 45211
45152 18528 76944 1365 45211
45152 19846 86352 6879 45211
45154 27180 84981 7287 45211
45153 40990 68789 5928 45211
45147 21126 59239 9551 45211
45147 27527 74031 4260 45211
45154 22377 79635 3937 45211
45152 32322 55756 5452 45211
45150 28488 56192 232 45211
45154 43963 82986 50 45211
45149 41032 81940 4968 45211
45148 20423 84445 7827 45211
45152 42961 65056 4683 45211
45149 23348 75589 4440 45211
45140 38495 74969 7958 45211
45144 24064 59564 1698 45211
45140 25216 57832 9137 45211
45141 13030 60887 6155 45211
45144 36911 61464 4735 45211
45139 14273 63080 8229 45211
45139 11703 63781 8952 45211
45138 15199 58592 3289 45211
45143 34480 75165 9407 45211
45139 37602 59096 6696 45211
45145 34264 68150 4140 45211
45137 34444 68303 8306 45211
45142 37866 87104 4396 45211
45139 36321 70557 9081 45211
45144 22547 86286 3601 45211
45138 21279 79173 7469 45211
45140 14985 86683 5268 45211
45138 33844 56687 4004 45211
45139 19655 57622 147 45211
45137 27212 74290 8163 45211
45138 16482 74596 9051 45211
45137 35509 63210 7732 45211
45138 33467 72378 8503 45211
45144 18220 61945 9307 45211
45138 21122 84952 6115 45211
45141 28169 60130 5056 45211
45139 33162 85656 8879 45211
45143 35204 68164 1538 45211
45145 11533 55301 1603 45211
45143 40045 83574 9679 45211
45145 27341 82644 4542 45211
45143 12187 59167 8101 45211
45140 18749 56633 8362 45211
45137 36083 78894 535 45211
45143 42292 69753 8131 45211
45139 12760 74815 1021 45211
45146 13508 63392 7274 45211
45139 18452 72929 2 45211
45143 10778 56948 2748 45211
45139 17172 86911 6413 45211
45143 14015 83173 1835 45211
45144 36118 70816 2373 45211
45145 38238 61393 2012 45211
45139 27162 85706 8452 45211
45145 24987 60802 6096 45211
45141 33725 76181 9600 45211
45139 17612 67303 1837 45211
45143 10927 54859 1435 45211
45139 44521 64680 7348 45211
45139 28408 85024 3566 45211
45144 35671 74126 2200 45211
45144 14855 75109 7541 45211
45145 19898 68778 17 45211
45141 16786 65629 2933 45211
45137 16359 66793 5802 45211
45204 36263 69073 8435 45211
45205 19963 59002 3260 45211
45206 42672 71580 7534 45211
45200 41014 65810 5858 45211
45200 10667 64836 5109 45211
45200 14641 78563 381 45211
45198 41188 63774 971 45211
45198 14774 80947 3533 45211
45197 28123 62797 1485 45211
45202 13440 75517 7396 45211
45204 43895 87491 1743 45211
45206 33983 67205 1420 45211
45202 43879 71168 3374 45211
45198 31836 58327 3728 45211
45198 35449 56772 3738 45211
45206 26160 68601 9651 45211
45199 25468 61455 8012 45211
45201 17894 56784 9577 45211
45187 28433 70718 4932 45211
45195 24712 79239 3908 45211
45196 15016 74298 4067 45211
45191 39957 59511 6797 45211
45190 24989 64576 2553 45211
45190 15282 55234 1342 45211
45186 18572 58220 2030 45211
45188 26806 74592 3867 45211
45192 31636 54567 4926 45211
45191 24893 55404 358 45211
45187 38746 57980 8699 45211
45194 44678 64940 9653 45211
45188 36744 63344 3689 45211
45188 44319 65564 7777 45211
45192 13539 59769 3943 45211
45190 11110 83947 7844 45211
45196 10494 84450 2409 45211
45189 34524 86414 473 45211
45195 44491 84114 4547 45211
45194 25430 74580 3808 45211
45186 10817 59478 5016 45211
45194 38767 87152 6243 45211
45192 22379 63201 1360 45211
45188 31595 74080 3805 45211
45193 43419 61043 5979 45211
45196 14904 56872 1992 45211
45193 17280 68912 9036 45211
45180 26924 59318 8509 45211
45185 33483 60860 7250 45211
45185 33893 65208 2628 45211
45185 36777 55537 6767 45211
45181 43288 64200 3152 45211
45183 14746 62881 1137 45211
45176 28718 61787 6610 45211
45176 31555 56673 3035 45211
45184 24606 71440 2979 45211
45177 30509 57495 7406 45211
45180 32228 71891 946 45211
45177 19587 68296 1590 45211
45175 42693 87677 3683 45211
45183 35266 83714 8081 45211
45181 33891 70264 467 45211
45178 39142 68925 8813 45211
45185 27467 61915 3483 45211
45182 42893 84589 3545 45211
45180 40764 73432 4043 45211
45180 37436 79108 5802 45211
45177 41538 56716 7547 45211
45174 11178 71721 3758 45211
45184 42740 59587 7145 45211
45184 39446 81060 426 45211
45165 32020 74595 5172 45211
45164 44675 79361 8326 45211
45170 43777 72257 87 45211
45173 31294 60413 4110 45211
45168 11898 61698 8076 45211
45163 20557 82199 3452 45211
45168 35120 78317 1740 45211
45168 32593 80120 5645 45211
45168 30261 87679 6236 45211
45163 15793 82172 6800 45211
45163 36110 71944 1149 45211
45169 10424 84506 9523 45211
45165 40571 83791 4239 45211
45169 23956 77407 8807 45211
45166 32612 72565 7996 45211
45172 29415 56394 7628 45211
45165 29812 62688 2751 45211
45170 19876 77218 5715 45211
45166 18376 66384 1807 45211
45171 34097 78499 2866 45211
45163 36098 57523 8170 45211
45170 25379 55049 5216 45211
45164 37625 58799 1194 45211
45163 31750 86778 5352 45211
45170 35629 84093 8666 45211
45162 41317 85736 64 45211
45158 21294 68175 7773 45211
45160 35732 77519 7793 45211
45162 25667 64489 7309 45211
45162 31322 60279 4417 45211
45156 40550 65293 1337 45211
45155 12617 60610 2949 45211
45156 31913 84102 2990 45211
45158 14046 64127 6546 45211
45162 36411 71870 245 45211
45160 36770 59707 4312 45211
45162 34683 57954 1530 45211
45161 37870 63682 8899 45211
45161 14000 55756 3959 45211
45155 38323 70024 1138 45211
45161 32843 81138 3318 45211
45156 36005 74426 2937 45211
45158 11427 77194 4249 45211
45155 21244 80272 9112 45211
45156 28352 84420 724 45211
45161 16018 59549 1218 45211
45159 12174 65239 289 45211
45162 36483 83329 2895 45211
45156 34662 72189 3538 45211
45156 20711 54642 5385 45211
45158 19068 77601 8348 45211
45158 25620 74042 4836 45211
45158 40301 72085 4389 45211
45148 16121 74175 3903 45211
45153 20553 59031 4786 45211
45148 42533 60935 5257 45211
45148 22420 59766 1358 45211
45149 33771 57368 4847 45211
45154 15482 56450 8709 45211
45154 30971 59357 577 45211
45151 41403 70796 6949 45211
45147 31748 75732 5786 45211
45150 12520 78319 628 45211
45152 29495 82508 7444 45211
45150 10186 60588 6971 45211
45151 11461 85404 7344 45211
45150 38310 67017 2514 45211
45150 38184 60743 167 45211
45153 43563 77071 2601 45211
45152 24549 70279 5728 45211
45148 39738 79527 8911 45211
45154 22075 60348 6574 45211
45149 19623 63175 541 45211
45151 22579 73568 4758 45211
45153 32117 81005 1159 45211
45152 34926 83735 4683 45211
45154 36115 74320 9096 45211
45150 11453 57366 3673 45211
45151 27694 64172 8315 45211
45153 37386 58391 4856 45211
45148 28606 69666 7470 45211
45148 24527 85299 758 45211
45146 15070 83609 8516 45211
45143 21416 65668 3509 45211
45139 25119 74553 770 45211
45141 13363 84786 2552 45211
45145 45034 63693 5567 45211
45141 17258 65609 6907 45211
45140 34570 58784 8302 45211
45143 28887 87553 6805 45211
45143 40087 61696 8919 45211
45142 24028 66189 7213 45211
45143 18999 71692 4511 45211
45141 36369 55243 3619 45211
45143 34535 70236 6877 45211
45145 40098 58332 867 45211
45140 38737 79460 7118 45211
45138 37369 76823 4505 45211
45139 34672 76728 2616 45211
45145 29731 58528 2523 45211
45146 10493 57477 22 45211
45141 11332 67284 6134 45211
45139 27787 86086 6071 45211
45141 14253 71409 3547 45211
45138 44032 83440 5175 45211
45143 43320 57073 723 45211
45140 44384 87287 1848 45211
45145 25350 85331 8874 45211
45141 45089 63695 8104 45211
45141 20923 78661 3522 45211
45143 38701 74764 9692 45211
45142 22827 75301 9584 45211
45143 11023 64577 6951 45211
45146 12411 62669 6373 45211
45143 12642 68736 668 45211
45202 28056 78229 7449 45211
45202 44669 86499 2580 45211
45206 30276 56003 286 45211
45204 17249 55252 641 45211
45201 37333 73820 431 45211
45198 10998 83041 676 45211
45197 41655 76382 1542 45211
45203 17179 62351 3210 45211
45205 20615 77545 5543 45211
45205 29148 82521 4399 45211
45203 15761 65947 4959 45211
45205 28100 61508 6347 45211
45197 41252 75457 5940 45211
45202 45025 57084 8348 45211
45200 15241 81024 7043 45211
45205 29676 71860 7323 45211
45199 38624 77708 2020 45211
45204 43818 59846 7837 45211
45205 37138 85131 6409 45211
45203 14430 73029 7667 45211
45198 43979 76409 4878 45211
45198 11352 84880 1663 45211
45202 34301 70989 4044 45211
45201 44357 61176 8876 45211
45199 22730 63190 6808 45211
45203 22815 64858 6347 45211
45194 42152 63262 6769 45211
45188 30142 86117 12 45211
45194 42695 73502 1699 45211
45186 10418 77944 342 45211
45187 29401 64496 455 45211
45187 21860 85365 5253 45211
45196 17063 62859 6335 45211
45186 39221 82797 2745 45211
45187 13427 86692 4330 45211
45193 35834 61081 1122 45211
45192 22973 79685 8854 45211
45195 15304 73803 4466 45211
45186 17618 74991 2064 45211
45195 31827 71106 2644 45211
45185 32862 59469 1921 45211
45177 41108 57059 6471 45211
45181 10056 63834 4987 45211
45185 42633 56314 5786 45211
45179 29884 79859 4008 45211
45176 17569 57249 1906 45211
45175 32030 64869 1954 45211
45184 26213 55651 3370 45211
45180 25022 55069 614 45211
45175 27463 63424 3142 45211
45182 14178 58697 3001 45211
45174 28104 59246 5900 45211
45174 27519 83094 2210 45211
45180 31019 85247 1442 45211
45178 22015 60903 2586 45211
45174 41918 87127 3747 45211
45177 21934 80591 9533 45211
45176 26721 80525 2899 45211
45184 13255 65462 8483 45211
45184 32985 59263 2058 45211
45183 42462 61626 7719 45211
45174 13407 85025 3457 45211
45185 36076 63448 4135 45211
45181 10138 58029 2040 45211
45174 17692 83501 6568 45211
45180 17385 76050 2855 45211
45170 20409 86339 8917 45211
45173 28277 75983 9393 45211
45172 41750 84847 3780 45211
45166 31047 64753 2564 45211
45164 32223 85732 7940 45211
45164 17337 55342 716 45211
45165 19355 79077 3044 45211
45172 44705 61834 499 45211
45164 33780 83204 6782 45211
45172 21209 66400 5479 45211
45165 25997 57705 98 45211
45163 14211 83508 4692 45211
45169 37082 65337 7401 45211
45167 14527 64865 8068 45211
45171 13777 76839 9018 45211
45164 38542 66900 776 45211
45164 26032 77581 467 45211
45173 31132 77568 5454 45211
45166 42253 86315 6043 45211
45165 17244 78964 8201 45211
45172 19370 60021 8527 45211
45166 35095 61252 4373 45211
45171 36574 86251 4918 45211
45160 15245 60332 5097 45211
45158 14845 79529 7704 45211
45155 39026 62005 5474 45211
45157 33975 56606 3440 45211
45160 12044 63879 3196 45211
45156 29635 66547 7495 45211
45157 33619 71030 8956 45211
45155 17298 57670 5815 45211
45161 28964 55818 336 45211
45157 43924 71780 2771 45211
45157 29935 71339 2075 45211
45155 24537 79389 6021 45211
45157 39946 63386 9174 45211
45157 29144 69111 3603 45211
45159 18706 85422 9225 45211
45156 39761 84938 9250 45211
45160 40579 59119 3176 45211
45158 29886 54956 8547 45211
45161 16701 69733 6915 45211
45155 20891 81759 2949 45211
45156 18686 76432 4602 45211
45155 23402 55224 3167 45211
45159 16632 80918 2314 45211
45159 20026 63323 4905 45211
45162 24957 73773 193 45211
45162 38808 60297 5104 45211
45159 12709 81939 5389 45211
45155 24761 81481 5053 45211
45156 24521 64935 7992 45211
45159 27479 74894 5983 45211
45157 26536 64544 5885 45211
45148 15833 59798 7282 45211
45153 17141 56454 6878 45211
45152 11837 82748 505 45211
45153 16605 79793 3321 45211
45150 42131 73991 6632 45211
45152 16046 60568 2852 45211
45153 24358 72388 6424 45211
45154 21355 77428 6345 45211
45148 24916 57495 960 45211
45150 18547 73387 2669 45211
45148 9750 54821 4485 45211
45151 23960 85342 571 45211
45149 11256 56568 5583 45211
45150 11054 63148 8776 45211
45147 43158 84831 7471 45211
45149 14002 78068 6767 45211
45149 18850 55192 8500 45211
45154 43390 56014 8947 45211
45154 27825 84180 8536 45211
45152 13383 57147 5402 45211
45147 41664 58172 3969 45211
45152 12933 85533 5856 45211
45150 22607 83431 8922 45211
45152 43346 65359 2326 45211
45154 18684 65641 8207 45211
45151 18026 72987 3987 45211
45149 42380 84080 5474 45211
45151 25139 82178 1193 45211
45152 39140 84706 8822 45211
45147 43669 87300 6168 45211
45148 44742 71814 3641 45211
45149 35622 73001 2622 45211
45153 14410 59120 4289 45211
45147 19242 77214 6562 45211
45154 20684 60263 6658 45211
45151 42135 78401 5681 45211
45144 16012 67358 6254 45211
45140 29388 77087 1411 45211
45143 18150 64176 7349 45211
45139 41019 74193 6445 45211
45137 10972 69572 1057 45211
45144 43278 85468 753 45211
45143 24625 68444 7715 45211
45142 31250 61862 6984 45211
45137 13207 59912 5590 45211
45141 23667 59410 6172 45211
45141 36809 59011 3951 45211
45144 37262 80693 2470 45211
45142 23169 58707 6189 45211
45146 26263 55717 4899 45211
45141 15181 78678 3339 45211
45146 30034 85467 8514 45211
45143 24775 74697 8234 45211
45144 16231 77486 4239 45211
45137 33184 65499 2352 45211
45143 17753 74122 6386 45211
45140 20860 61428 1497 45211
45142 40123 75403 3255 45211
45146 20232 75851 7987 45211
45142 11587 75988 7197 45211
45145 25829 67416 8190 45211
45139 13329 66263 6377 45211
45139 24457 62160 6076 45211
45143 11177 57185 9632 45211
45137 19744 72654 2198 45211
45139 26236 62624 7970 45211
45137 14939 84258 4973 45211
45140 23885 59463 6051 45211
45138 14889 60621 6504 45211
45201 12420 84535 2250 45211
45203 42199 84814 572 45211
45200 9847 63673 2880 45211
45207 22410 82364 1493 45211
45199 20940 57000 1966 45211
45200 30538 79105 1171 45211
45200 25878 87872 9501 45211
45199 14371 78361 8969 45211
45206 32469 80826 7490 45211
45200 19511 69047 1891 45211
45201 11838 61761 7830 45211
45199 11541 65828 8525 45211
45198 45079 86814 6953 45211
45203 20751 84606 1444 45211
45205 34795 78411 4755 45211
45207 29876 73374 5682 45211
45197 26191 58371 8596 45211
45198 19811 85064 9368 45211
45199 44274 57926 9598 45211
45205 18350 60564 3882 45211
45201 34065 82630 5011 45211
45204 37335 85855 7190 45211
45205 31782 73828 7310 45211
45207 24891 62274 1080 45211
45199 16749 71060 7272 45211
45207 27566 67940 2520 45211
45194 33661 78674 3427 45211
45188 14319 65265 9246 45211
45190 20312 83499 2505 45211
45193 32202 60948 4841 45211
45193 29711 64784 2022 45211
45195 18627 75672 8120 45211
45187 15036 65013 489 45211
45191 25563 76202 2070 45211
45192 10072 79493 4531 45211
45192 44365 74920 8281 45211
45196 34882 87170 7280 45211
45186 24629 57043 6425 45211
45194 44175 85138 460 45211
45186 16126 56682 7916 45211
45188 17560 80199 7735 45211
45194 11861 55028 198 45211
45187 24843 77279 8694 45211
45196 23307 54845 4607 45211
45186 35670 63671 8504 45211
45194 40255 63419 6382 45211
45193 38214 86892 9614 45211
45191 24193 63101 4253 45211
45187 36970 60654 2366 45211
45190 27821 82335 7948 45211
45191 29640 87549 3883 45211
45185 19496 58154 1699 45211
45184 15742 82490 8050 45211
45178 23856 67375 7525 45211
45176 22908 58575 7264 45211
45177 31992 59791 3472 45211
45174 30381 80946 8218 45211
45176 35940 54742 5927 45211
45176 14220 63957 5667 45211
45174 40292 63279 1875 45211
45184 32259 56544 3541 45211
45185 28604 55605 6516 45211
45185 26465 66745 3016 45211
45176 33515 70559 7485 45211
45182 19298 61649 5569 45211
45177 25703 79307 3890 45211
45175 23729 72052 434 45211
45175 24422 61811 5033 45211
45178 13380 61623 6852 45211
45169 24597 55030 1383 45211
45164 11249 82316 762 45211
45173 36148 69023 3406 45211
45169 16352 83875 2439 45211
45166 32361 63595 8554 45211
45163 13439 67840 4596 45211
45170 35142 74647 3333 45211
45171 10828 82492 2277 45211
45165 43807 56229 6290 45211
45169 41509 84742 2829 45211
45164 39649 76191 2760 45211
45170 36422 84911 6859 45211
45164 15519 62088 1118 45211
45164 13095 77051 1876 45211
45166 22718 66279 6678 45211
45173 13082 54727 2467 45211
45165 11598 64166 8722 45211
45161 14816 60137 5051 45211
45157 38953 54965 2958 45211
45156 30734 87845 3217 45211
45159 32977 66952 8239 45211
45158 36534 60183 6909 45211
45158 44103 69643 5575 45211
45162 30790 87020 2491 45211
45161 30977 70301 8564 45211
45157 37021 56469 5428 45211
45155 16086 87660 9065 45211
45159 28757 87017 4490 45211
45160 18114 69191 338 45211
45155 41290 58459 4688 45211
45162 23997 59408 793 45211
45156 44922 63467 4319 45211
45158 25499 57179 7786 45211
45160 32406 67143 6903 45211
45156 22279 73208 3415 45211
45158 19713 85016 1244 45211
45160 22926 59513 9458 45211
45157 34431 57509 3632 45211
45155 11464 72717 9570 45211
45158 40934 55230 7579 45211
45157 40141 60117 6573 45211
45159 19227 77133 6992 45211
45160 22702 80075 8614 45211
45157 12179 64615 2132 45211
45157 39996 55425 3020 45211
45162 42203 81110 9587 45211
45158 23805 71031 8925 45211
45159 30721 61334 3292 45211
45158 35659 55169 7766 45211
45160 15803 87222 8146 45211
45147 16378 73377 6466 45211
45147 34643 82804 5601 45211
45147 33819 58122 1064 45211
45154 38313 77219 8146 45211
45147 16131 78136 4998 45211
45149 20375 65907 6180 45211
45151 35335 77505 2022 45211
45149 40369 56192 3406 45211
45154 27535 64133 1143 45211
45154 21114 78375 6990 45211
45151 28925 85095 2922 45211
45154 23549 75950 2060 45211
45147 42972 76870 4573 45211
45149 43915 58918 4251 45211
45152 9995 86872 2985 45211
45149 32225 57610 7248 45211
45147 26668 62147 4190 45211
45153 28839 61692 5990 45211
45147 17486 75224 421 45211
45147 38914 72055 870 45211
45147 38918 55815 9515 45211
45154 40012 61763 4019 45211
45148 36924 58100 2436 45211
45154 35969 76118 2065 45211
45154 41489 72499 3575 45211
45149 15291 65087 2323 45211
45149 38196 63819 6158 45211
45148 13446 82413 2568 45211
45151 14062 70326 7261 45211
45154 20576 85929 9678 45211
45142 13273 80348 5873 45211
45145 42615 73410 9207 45211
45142 33879 68515 944 45211
45141 28789 65532 5588 45211
45138 14657 55493 9428 45211
45138 36303 78287 2123 45211
45145 10897 69795 5105 45211
45143 15205 63664 4711 45211
45140 34352 59128 6330 45211
45140 14766 57012 3656 45211
45137 11143 83322 2611 45211
45142 34156 70016 2489 45211
45144 35072 60892 9575 45211
45143 24211 59331 2604 45211
45140 18033 64764 7125 45211
45138 39029 66357 3825 45211
45139 40589 56811 3089 45211
45144 11403 83588 6807 45211
45140 36218 66226 2904 45211
45144 32775 71854 6376 45211
45145 31780 59063 6773 45211
45144 16682 63526 3634 45211
45145 41272 81320 1509 45211
45139 33454 68941 8362 45211
45143 31016 83882 7433 45211
45144 43100 65911 7474 45211
45144 17791 56862 4735 45211
45138 26789 87362 732 45211
45137 44581 59580 5863 45211
45142 17895 70458 7935 45211
45144 9957 83268 3863 45211
45144 43047 63498 2783 45211
45145 15796 84354 1397 45211
45146 34486 86156 1581 45211
45138 30456 86283 8337 45211
45141 23047 85730 4914 45211
45140 26311 58477 4158 45211
45142 16302 65622 9268 45211
45140 26419 56668 4998 45211
45140 26347 87324 7796 45211
45206 16218 87190 7962 45211
45199 34164 54694 4171 45211
45205 23703 84383 5520 45211
45204 42658 63795 3706 45211
45201 23926 87841 7399 45211
45207 28041 72890 6620 45211
45198 30368 59287 9350 45211
45207 13325 75448 8758 45211
45200 39123 78282 1089 45211
45199 34739 84592 7094 45211
45199 16857 73995 5258 45211
45198 29135 74076 502 45211
45200 22942 56691 7526 45211
45202 43604 56728 4673 45211
45206 39218 85172 2259 45211
45199 25178 60409 8643 45211
45199 27536 87624 8901 45211
45203 21137 70657 717 45211
45204 33606 63520 6988 45211
45198 38328 81512 3685 45211
45202 19475 56915 8167 45211
45206 43785 76792 203 45211
45203 12779 65353 96 45211
45203 27567 86018 6049 45211
45197 16460 69900 1035 45211
45200 32160 59047 9056 45211
45206 40927 84813 7034 45211
45205 40176 56208 9278 45211
45199 24718 64813 311 45211
45200 44031 59854 4873 45211
45191 31157 73716 1372 45211
45189 34700 84976 2678 45211
45190 15814 58559 8139 45211
45193 37988 75759 1718 45211
45190 14076 54782 5370 45211
45195 11247 59081 8430 45211
45186 33212 78443 7628 45211
45190 17420 65531 2024 45211
45194 29771 73301 7074 45211
45196 34060 83864 7145 45211
45187 39933 63119 1840 45211
45190 18476 65985 166 45211
45191 37599 71450 9694 45211
45188 28579 59105 1758 45211
45189 31238 85891 1159 45211
45186 41796 81554 161 45211
45191 16600 66252 1711 45211
45186 40032 86933 4462 45211
45190 42820 68551 8425 45211
45189 10298 66690 7294 45211
45190 11192 58939 2247 45211
45193 13457 58222 8684 45211
45186 44649 86540 8711 45211
45191 30620 61042 3992 45211
45192 42258 69641 5504 45211
45186 14293 65312 8681 45211
45177 38429 75742 595 45211
45183 23112 70584 2824 45211
45181 43717 71738 1552 45211
45178 28190 87878 8344 45211
45185 21866 56776 3485 45211
45180 19844 71981 5857 45211
45177 11086 76362 6510 45211
45184 26847 58022 8827 45211
45177 16952 56499 5861 45211
45177 34717 56989 4798 45211
45176 18973 57482 4834 45211
45178 24277 60607 8125 45211
45181 20676 87673 577 45211
45182 24984 77911 2776 45211
45174 17048 84805 4953 45211
45180 43084 63070 7236 45211
45178 36772 87313 266 45211
45184 37516 59871 7939 45211
45180 20691 70551 2382 45211
45185 19095 62670 3303 45211
45184 34789 63976 9599 45211
45175 38217 58890 3467 45211
45184 21182 84698 949 45211
45178 42078 68104 475 45211
45174 34100 81088 347 45211
45175 21295 66959 4537 45211
45180 29581 84116 9169 45211
45181 24126 63452 3350 45211
45182 40904 64104 6675 45211
45175 10569 85100 7478 45211
45172 41062 61638 5332 45211
45164 26994 83106 5255 45211
45169 19947 57152 4608 45211
45164 13264 86395 3352 45211
45172 33839 79601 2426 45211
45168 12142 62917 5562 45211
45169 44519 59756 7318 45211
45167 26935 62365 2517 45211
45173 20337 75729 7658 45211
45164 39388 60576 4074 45211
45170 19739 80165 2935 45211
45173 31972 80325 4069 45211
45166 10179 66676 929 45211
45163 41733 71575 6292 45211
45169 14917 66512 9592 45211
45171 33589 63322 9163 45211
45163 28919 81689 7424 45211
45166 41093 55005 8892 45211
45159 15526 70208 9695 45211
45159 43468 57496 7120 45211
45155 35804 62671 8355 45211
45155 16700 80517 8215 45211
45162 44001 83624 7305 45211
45161 34933 78847 6885 45211
45162 23302 72416 6702 45211
45156 13512 63676 3895 45211
45156 19594 82971 2951 45211
45162 23444 73561 3526 45211
45156 16261 70181 715 45211
45162 19441 68135 7183 45211
45161 10111 81915 9233 45211
45162 19850 69584 6315 45211
45161 25332 57302 7551 45211
45157 43927 62430 3104 45211
45160 16573 54884 4608 45211
45159 30069 55728 7158 45211
45160 19904 56841 2804 45211
45161 38015 84425 6387 45211
45156 33444 65667 5941 45211
45158 29449 73821 9264 45211
45161 31221 60274 7280 45211
45160 29187 84317 2134 45211
45156 24503 64786 1538 45211
45161 32082 58058 1523 45211
45155 33830 55227 6669 45211
45159 41360 70857 3450 45211
45157 44959 85607 6694 45211
45155 21282 56860 3217 45211
45159 18355 86756 2568 45211
45161 33268 72832 8199 45211
45151 13489 82598 2380 45211
45153 12937 65934 2485 45211
45147 26509 84839 1247 45211
45151 40450 59002 6634 45211
45152 38768 77144 2387 45211
45154 11379 66130 7601 45211
45152 25615 75376 5704 45211
45152 39461 67130 7112 45211
45152 12045 69285 5087 45211
45149 20124 63779 8355 45211
45147 43172 81760 4073 45211
45151 31747 86039 689 45211
45154 43989 79924 7506 45211
45152 20840 72302 2569 45211
45152 33835 81016 3653 45211
45153 31357 68876 6529 45211
45151 44195 87784 2985 45211
45150 29748 77297 8420 45211
45147 31770 71302 7940 45211
45151 24218 86934 9296 45211
45150 25090 62345 2534 45211
45153 23306 60368 4416 45211
45151 42673 80780 8649 45211
45153 29546 66423 7892 45211
45149 9823 59508 5428 45211
45148 36883 62848 4361 45211
45154 44256 62580 8446 45211
45149 31692 83293 1410 45211
45154 31354 57076 8471 45211
45150 41814 83275 2776 45211
45150 26985 63811 2231 45211
45154 22857 74217 9218 45211
45151 42041 72212 1898 45211
45154 31275 67512 6751 45211
45141 35339 56840 857 45211
45139 13182 79259 4540 45211
45140 15983 85141 1315 45211
45143 18109 74864 7077 45211
45142 15473 58468 4011 45211
45142 29171 68557 9189 45211
45140 13939 62778 4651 45211
45139 25109 62978 3082 45211
45146 32482 73018 4321 45211
45142 42642 65614 7735 45211
45144 28953 83595 996 45211
45137 27915 66040 3574 45211
45141 42032 60224 6037 45211
45144 25314 64743 4532 45211
45137 20952 56726 5513 45211
45145 20185 82259 3168 45211
45137 41527 82469 6528 45211
45139 18072 83467 8929 45211
45143 12672 84551 6686 45211
45142 15699 66185 1035 45211
45139 14803 59582 2493 45211
45142 10035 83020 5088 45211
45140 11114 55968 6435 45211
45139 19417 61040 9488 45211
45144 30928 59819 5229 45211
45141 11355 55904 1815 45211
45140 43938 65783 4243 45211
45141 21254 69091 6789 45211
45141 25392 64949 9145 45211
45145 26072 55654 2641 45211
45145 44119 62496 3306 45211
45145 40529 69669 1953 45211
45144 11962 69119 2506 45211
45138 41284 63636 7793 45211
45143 26671 58648 3807 45211
45140 35365 84202 6700 45211
45142 22976 60485 4868 45211
45143 34323 65813 7058 45211
45203 13721 62352 889 45211
45206 15369 57649 3835 45211
45199 9969 77516 2436 45211
45201 23037 72864 5514 45211
45207 18244 72204 4501 45211
45207 35364 82067 7973 45211
45206 34483 83483 8815 45211
45204 22099 67700 1526 45211
45200 27799 66212 8558 45211
45205 11840 82842 9401 45211
45205 42221 64971 9148 45211
45206 35619 81996 419 45211
45205 19864 60370 1773 45211
45202 10338 55086 8711 45211
45202 30832 55141 4685 45211
45200 24796 55465 4352 45211
45201 16150 75184 3634 45211
45201 16043 61998 3753 45211
45203 42350 85381 7744 45211
45199 13933 71671 5757 45211
45205 12020 84887 7197 45211
45206 17209 63226 3344 45211
45199 39991 78514 1460 45211
45202 22580 61159 8133 45211
45203 34282 58552 7636 45211
45190 42467 58377 5391 45211
45186 23874 57527 3910 45211
45190 12903 69939 6655 45211
45192 44300 59004 3440 45211
45194 11889 84392 9531 45211
45195 31433 56630 6631 45211
45193 35093 79618 5320 45211
45186 27650 64058 5024 45211
45191 31531 83352 1867 45211
45190 32926 75426 4717 45211
45196 38522 82909 9107 45211
45193 26849 58089 7165 45211
45190 28733 82863 6248 45211
45194 29005 58321 1786 45211
45189 40023 60088 7071 45211
45195 40536 64838 8222 45211
45186 42363 64445 4429 45211
45195 32199 78111 2506 45211
45189 11259 78135 7377 45211
45196 38390 60700 9669 45211
45179 18385 81919 4458 45211
45175 43778 68937 2895 45211
45184 24598 83473 8226 45211
45178 43758 69328 8325 45211
45179 32780 68003 6346 45211
45181 20641 86455 6792 45211
45174 22766 77267 6248 45211
45181 12516 71979 8696 45211
45178 13638 78486 1758 45211
45179 29637 75354 7859 45211
45184 25495 81320 4021 45211
45178 28954 61870 9155 45211
45177 30574 66295 4767 45211
45176 17288 86597 5433 45211
45175 39545 76115 3270 45211
45176 17469 74742 6186 45211
45177 23298 70713 9185 45211
45179 13972 58788 9428 45211
45179 26634 63820 5266 45211
45179 23372 56849 7643 45211
45174 27580 57398 7831 45211
45179 44735 75003 7109 45211
45178 29534 61344 8550 45211
45178 40319 67253 366 45211
45182 16918 75150 5638 45211
45175 27005 73533 7949 45211
45174 21848 61528 8765 45211
45163 11500 57458 21 45211
45171 14815 72839 591 45211
45171 13419 67950 77 45211
45172 39822 71755 3804 45211
45165 12052 83143 5974 45211
45169 37662 70644 3479 45211
45167 22543 60446 4404 45211
45166 25307 64351 6415 45211
45166 32587 77529 7957 45211
45172 32983 71786 9689 45211
45173 39605 63639 633 45211
45166 40449 63542 1357 45211
45164 32560 74311 4498 45211
45167 24851 70441 9575 45211
45166 10289 63969 496 45211
45173 16269 63142 9070 45211
45168 45068 86106 9012 45211
45165 29067 64718 2845 45211
45170 16539 76003 8219 45211
45172 16430 61797 6259 45211
45168 28072 76903 8546 45211
45173 39252 69128 7484 45211
45165 41787 84848 337 45211
45163 33074 55567 413 45211
45164 24456 56769 3930 45211
45163 23718 82911 4764 45211
45169 38633 58880 3176 45211
45169 42397 86208 7575 45211
45170 31162 62900 1214 45211
45164 35192 55081 948 45211
45169 39018 61054 9606 45211
45165 29323 78766 1757 45211
45173 21053 70352 3694 45211
45155 13984 73573 5291 45211
45161 17948 63532 1638 45211
45157 17537 58083 6982 45211
45158 20367 83466 5198 45211
45155 24663 60640 8313 45211
45162 43648 78456 5659 45211
45159 42971 68420 4422 45211
45157 10296 77010 8233 45211
45158 35833 61710 1909 45211
45158 25041 74958 2597 45211
45158 22694 87469 784 45211
45162 25013 87383 1120 45211
45158 34250 61716 883 45211
45157 21378 78185 7686 45211
45155 41745 75367 3967 45211
45160 23737 80890 7438 45211
45156 17339 64260 6187 45211
45159 38268 57364 6428 45211
45157 17996 86524 7215 45211
45159 12464 65773 4264 45211
45156 38793 61775 2670 45211
45155 30141 58066 9580 45211
45155 23460 86211 1961 45211
45162 19825 77280 9077 45211
45161 28802 54602 2108 45211
45161 31164 55584 4437 45211
45155 35412 59034 5250 45211
45155 13209 58166 3786 45211
45157 19568 61215 3924 45211
45158 41619 66300 271 45211
45161 39784 64245 4149 45211
45151 43246 64689 1817 45211
45152 26007 57995 360 45211
45149 22056 57961 2645 45211
45147 37823 60752 3577 45211
45152 20786 82886 460 45211
45153 21131 62275 1050 45211
45150 23386 78159 9034 45211
45147 16080 63749 8937 45211
45150 26194 65723 8007 45211
45153 43707 78643 3454 45211
45150 31438 60042 7487 45211
45150 27629 78480 220 45211
45154 42281 60193 4444 45211
45153 43176 75018 1877 45211
45152 34705 61398 2918 45211
45148 14119 68424 3228 45211
45147 41877 85920 9096 45211
45151 13580 75262 6173 45211
45147 13629 56266 8036 45211
45148 28166 64079 4748 45211
45151 40270 63729 6905 45211
45154 11925 71415 3002 45211
45149 20314 56163 7378 45211
45153 12958 66020 1824 45211
45154 26726 79043 651 45211
45153 37091 61113 8159 45211
45150 41483 64587 3657 45211
45146 36830 81979 9513 45211
45145 20953 57148 3298 45211
45142 25932 78779 2778 45211
45139 14788 77647 7177 45211
45140 15383 69990 5705 45211
45142 42504 64184 2667 45211
45141 9820 54518 2863 45211
45139 32124 55613 5339 45211
45146 38684 82456 5994 45211
45142 17257 60271 7885 45211
45140 10139 61542 8680 45211
45141 27955 57243 1889 45211
45144 30269 55917 7369 45211
45143 32661 68976 1758 45211
45138 33450 66885 1348 45211
45139 32966 76574 2773 45211
45144 10427 61012 2214 45211
45138 24381 57926 830 45211
45143 13262 55292 3469 45211
45141 37751 62206 721 45211
45145 10034 67105 6608 45211
45146 38371 67945 7346 45211
45140 24263 61029 2277 45211
45142 34781 74404 6609 45211
45143 24897 54673 5672 45211
45145 11207 82700 578 45211
45145 22682 55228 2030 45211
45140 41606 58848 36 45211
45144 31347 70972 3533 45211
45141 21876 83211 7307 45211
45140 36314 83993 889 45211
45138 32791 74851 5555 45211
45139 42582 65158 5339 45211
45145 14898 58170 2676 45211
45142 21258 83047 5222 45211
45146 29151 79209 6489 45211
45140 34408 55963 412 45211
45207 16439 87460 6041 45211
45205 32759 60589 3589 45211
45205 42764 55306 8051 45211
45201 18827 61840 8250 45211
45199 15714 66193 6695 45211
45204 26310 55502 8846 45211
45200 41542 77461 9614 45211
45200 37967 74334 9028 45211
45204 10901 69869 3026 45211
45202 19539 63679 9068 45211
45198 19437 74166 1463 45211
45204 10611 55510 8211 45211
45198 10564 68809 6380 45211
45200 11560 84463 526 45211
45197 27738 68631 4144 45211
45197 15873 55303 9457 45211
45205 23393 85435 6199 45211
45198 29949 82361 4706 45211
45203 34872 62191 878 45211
45201 30300 72400 6025 45211
45186 16981 63764 889 45211
45190 38867 84162 3826 45211
45194 42761 86347 1232 45211
45193 27632 68366 2197 45211
45186 39443 61803 9408 45211
45195 28896 82223 669 45211
45192 14987 71866 2891 45211
45190 30671 71230 5092 45211
45194 23266 74387 1184 45211
45196 29572 66564 8912 45211
45191 36894 68352 5719 45211
45190 18255 67017 3679 45211
45191 18873 63920 7734 45211
45194 11897 66433 2935 45211
45190 43149 74201 6194 45211
45196 39272 70135 3674 45211
45190 35425 79144 6639 45211
45185 31564 69661 8597 45211
45184 12472 56210 4402 45211
45175 18421 56201 8404 45211
45181 21439 60016 2231 45211
45182 41100 85263 7432 45211
45180 41773 54629 5468 45211
45185 36454 67075 628 45211
45182 36082 83756 9300 45211
45177 18431 74901 2084 45211
45185 19434 86108 8314 45211
45179 20648 67793 6354 45211
45180 14868 68735 5264 45211
45179 36031 59741 1086 45211
45183 37134 81260 862 45211
45185 25157 58741 6418 45211
45183 17541 55008 9495 45211
45177 13080 58868 5950 45211
45171 22797 73045 5708 45211
45168 26926 59900 480 45211
45171 11277 75944 513 45211
45164 13058 83519 9453 45211
45165 37124 82643 8901 45211
45168 31755 64641 507 45211
45171 34527 84953 153 45211
45168 24461 73987 6417 45211
45172 34434 55665 9695 45211
45166 34207 65395 5466 45211
45166 32788 54717 2577 45211
45166 38003 74909 3175 45211
45166 15611 83843 5862 45211
45163 10307 70323 5356 45211
45167 30156 61279 6485 45211
45165 29657 82411 3298 45211
45164 40149 76785 2478 45211
45170 21346 56690 3822 45211
45158 18789 56988 1486 45211
45160 36879 87534 5402 45211
45156 30937 78867 8422 45211
45155 13663 83754 3032 45211
45161 27746 58673 9094 45211
45162 26899 60612 3307 45211
45155 25459 58231 2989 45211
45155 36850 85312 7279 45211
45160 23965 69363 5829 45211
45156 10837 63933 3602 45211
45162 34888 61725 7817 45211
45161 13696 84398 5845 45211
45158 13004 62677 6200 45211
45162 12857 65223 1650 45211
45155 32673 79362 1334 45211
45157 16310 55152 3118 45211
45160 39557 79292 2745 45211
45156 38995 61798 6762 45211
45158 32139 81018 8536 45211
45159 11612 58038 5912 45211
45159 36760 56163 3414 45211
45162 42306 66016 5443 45211
45161 44033 87439 726 45211
45162 30951 84994 8093 45211
45162 19167 85147 6123 45211
45160 38343 72910 200 45211
45157 20425 59073 9436 45211
45162 22239 80357 3924 45211
45160 12436 86861 7724 45211
45156 28533 67050 3804 45211
45157 40234 62808 5166 45211
45159 38981 74855 3682 45211
45157 31924 80628 9053 45211
45156 19750 77590 549 45211
45159 30413 75057 4048 45211
45161 28259 74271 7984 45211
45155 39160 61049 4500 45211
45156 39812 71003 5305 45211
45155 20467 83862 8651 45211
45157 12798 70602 3263 45211
45157 36789 61412 415 45211
45154 44658 59929 8375 45211
45152 20155 71993 6749 45211
45151 13443 68802 1629 45211
45154 19930 84203 517 45211
45150 41482 68805 6800 45211
45154 42357 54968 2733 45211
45151 26915 79987 7691 45211
45148 38492 71468 7661 45211
45150 28667 62534 7639 45211
45148 31160 86896 1040 45211
45152 19884 72933 9222 45211
45153 33627 64816 6409 45211
45148 28979 86694 5783 45211
45147 16202 80946 5678 45211
45148 25438 56679 4903 45211
45147 15130 82095 7980 45211
45147 25669 62749 4733 45211
45152 30443 72219 5165 45211
45150 44847 57365 5185 45211
45152 9994 64336 6245 45211
45150 42432 80779 4401 45211
45150 17056 56864 167 45211
45147 34645 84194 5260 45211
45150 37773 84212 2452 45211
45150 10982 55402 8004 45211
45148 15909 66166 4695 45211
45149 23096 55133 8277 45211
45150 27924 74680 1941 45211
45152 32290 87323 2448 45211
45152 28026 85294 9428 45211
45150 39627 74611 890 45211
45152 32953 58057 9574 45211
45151 35190 56801 6059 45211
45148 16285 68120 7265 45211
45147 31929 56721 3615 45211
45152 18335 77001 1676 45211
45152 15084 85609 169 45211
45147 39820 78837 326 45211
45150 17344 68691 2768 45211
45153 16485 59593 8418 45211
45153 15780 75700 2145 45211
45153 31335 65171 5528 45211
45149 10053 78311 7446 45211
45153 29296 70742 1443 45211
45148 39334 87614 89 45211
45153 41463 67510 5684 45211
45151 15896 76267 3991 45211
45142 20068 74919 6792 45211
45140 27949 70553 4100 45211
45146 25868 77631 4074 45211
45139 26067 66333 9047 45211
45141 12923 68513 6128 45211
45143 29874 57415 2796 45211
45140 39013 77231 2037 45211
45138 19259 61172 6389 45211
45144 25489 57582 168 45211
45143 23645 70882 8316 45211
45145 20049 79969 854 45211
45146 17812 81637 265 45211
45146 44821 65816 8730 45211
45137 14363 78593 50 45211
45139 24652 85778 9093 45211
45142 22565 76690 224 45211
45142 10712 56288 8923 45211
45140 14028 64325 8073 45211
45141 26759 56244 4643 45211
45142 17381 67050 4924 45211
45142 14206 57996 4205 45211
45137 35432 86802 1743 45211
45142 43624 83464 3172 45211
45139 30033 57319 1757 45211
45139 30079 77888 3860 45211
45141 40584 76675 5890 45211
45138 43962 79368 5612 45211
45140 20328 83787 4169 45211
45143 34435 65692 8239 45211
45139 42900 85223 7304 45211
45138 22340 86510 5683 45211
45142 13478 74078 5769 45211
45145 31181 75313 5780 45211
45141 14453 58027 6568 45211
45204 42722 71484 9338 45211
45197 22140 72788 8803 45211
45205 21956 85849 4416 45211
45198 23424 58667 827 45211
45203 40562 63872 3997 45211
45205 15247 54515 5586 45211
45198 38415 63028 1821 45211
45201 24356 79818 250 45211
45207 24013 61433 4789 45211
45201 16511 64465 5529 45211
45205 13883 77393 8056 45211
45203 21022 66468 5481 45211
45205 31802 66533 5135 45211
45198 43809 80668 7022 45211
45199 25124 83295 2609 45211
45200 26980 61270 2773 45211
45186 35098 80069 4324 45211
45190 42957 82704 3463 45211
45187 36525 55603 5369 45211
45186 22612 83586 4181 45211
45187 13996 81935 5842 45211
45187 24323 57479 2370 45211
45187 15977 64617 5120 45211
45194 30450 59780 613 45211
45196 36680 74069 7247 45211
45193 38032 63905 9483 45211
45188 11581 68303 7274 45211
45193 26491 55954 137 45211
45186 12011 69863 4862 45211
45190 14217 73779 9367 45211
45195 19203 84068 1968 45211
45194 17778 55847 2749 45211
45195 21336 81270 7719 45211
45189 31194 86732 7626 45211
45195 10390 80184 2525 45211
45192 43060 60750 7369 45211
45186 31926 59194 6680 45211
45188 24346 70743 2677 45211
45188 29429 87518 2803 45211
45195 42360 63075 3606 45211
45184 10782 68240 5731 45211
45176 19799 86239 1962 45211
45178 42107 85064 1927 45211
45180 18444 56978 6635 45211
45177 39952 69118 5040 45211
45178 10737 85248 3501 45211
45181 18374 62057 626 45211
45180 19936 78783 9622 45211
45181 39751 64849 9206 45211
45181 16901 57812 4719 45211
45185 35595 85640 132 45211
45185 23869 75695 4348 45211
45179 42204 86743 1530 45211
45182 25212 58719 3562 45211
45180 12826 86622 6845 45211
45185 11653 59268 8864 45211
45180 39128 54660 9616 45211
45176 42561 72417 8410 45211
45174 26799 85328 7058 45211
45180 40273 86522 3995 45211
45183 39696 70391 382 45211
45179 19761 76866 2668 45211
45174 14203 55939 8052 45211
45185 38675 70170 9129 45211
45176 28482 56428 3351 45211
45173 41275 59494 5634 45211
45169 22775 87308 3034 45211
45167 38264 65985 564 45211
45170 33342 69290 7548 45211
45171 37379 85667 6489 45211
45169 18278 86439 1493 45211
45172 14547 84592 3590 45211
45170 42328 80201 4699 45211
45168 14477 55344 1460 45211
45172 19027 63841 7484 45211
45171 41417 64060 4524 45211
45165 17430 63958 3305 45211
45164 22338 81153 3873 45211
45166 35788 61298 7821 45211
45166 28295 55113 5464 45211
45164 18202 61458 4990 45211
45170 30469 83870 2827 45211
45167 42193 82907 8861 45211
45166 10040 54698 7476 45211
45173 33149 61655 2789 45211
45167 9824 78537 5373 45211
45155 40815 56558 1270 45211
45162 44769 65181 2373 45211
45160 27283 62820 7703 45211
45162 33399 70822 3222 45211
45159 17358 86936 685 45211
45156 35314 57879 4490 45211
45162 25556 78214 4506 45211
45161 35041 71183 8117 45211
45157 37521 64584 1697 45211
45162 28342 82281 1132 45211
45162 34738 58452 2677 45211
45157 18529 62418 5488 45211
45161 31619 68947 9702 45211
45155 27826 64494 4521 45211
45161 24411 65935 6619 45211
45162 16129 68416 8160 45211
45157 21910 62536 9029 45211
45160 16930 54952 7863 45211
45161 31439 81004 1139 45211
45160 28431 65504 2560 45211
45155 37916 70520 387 45211
45158 13590 63162 8406 45211
45160 26201 61236 6198 45211
45156 10790 73136 841 45211
45158 37355 58372 6074 45211
45156 32742 83498 5127 45211
45161 26008 86090 6861 45211
45154 16995 83933 7516 45211
45152 10706 64340 3555 45211
45149 26688 58973 6390 45211
45152 16320 82070 673 45211
45154 40582 56919 4389 45211
45150 42860 62936 7008 45211
45153 26462 65115 642 45211
45154 11025 58875 240 45211
45147 11031 81044 7219 45211
45152 44637 84421 6712 45211
45150 16560 72912 1185 45211
45149 41836 64062 8093 45211
45154 43934 75628 5420 45211
45153 14908 81576 3380 45211
45149 27241 75422 1165 45211
45150 25585 61927 3534 45211
45152 18303 64672 9300 45211
45149 20758 56611 2111 45211
45154 14926 58838 3929 45211
45154 41428 69440 4212 45211
45151 33229 71240 2860 45211
45148 25066 79306 5001 45211
45152 42849 82698 1930 45211
45153 26534 55817 3948 45211
45150 24777 83312 1573 45211
45152 13810 61347 4216 45211
45153 41871 61959 4540 45211
45149 13827 84688 7602 45211
45150 18998 77561 3994 45211
45152 23542 63989 4463 45211
45153 24468 65400 1079 45211
45150 10089 72253 5283 45211
45148 12412 59508 908 45211
45148 11412 74507 2338 45211
45142 32381 84944 1666 45211
45139 33340 84726 8165 45211
45145 41324 80010 848 45211
45142 24697 58137 5084 45211
45143 34625 54839 5063 45211
45142 44053 67591 4475 45211
45137 31742 63859 9703 45211
45141 29907 71568 3942 45211
45138 20080 57425 6138 45211
45137 35308 63765 526 45211
45140 24800 71912 8087 45211
45138 16524 54802 7110 45211
45146 30943 84452 4769 45211
45144 32434 71135 3366 45211
45141 11313 71930 3616 45211
45137 12840 65985 3440 45211
45146 33652 54559 1753 45211
45142 43417 78837 7207 45211
45144 16053 60601 1255 45211
45144 33032 57381 9542 45211
45145 19354 83626 1420 45211
45137 25252 63380 9683 45211
45141 37328 86550 6621 45211
45143 39632 62342 9477 45211
45141 41462 84642 2207 45211
45141 37855 57344 7910 45211
45145 15278 80599 7855 45211
45142 41850 65220 5670 45211
45145 32465 71442 7013 45211
45142 32555 64478 9560 45211
45144 44241 85693 5845 45211
45141 41600 62353 2945 45211
45142 20043 58275 1321 45211
45140 15429 59579 7014 45211
45142 33848 75772 7780 45211
45144 37915 66312 4630 45211
45138 22033 79640 8782 45211
45143 36353 80049 2990 45211
45139 28653 58091 3252 45211
45139 30755 81272 37 45211
45138 20742 68779 8993 45211
45137 34931 82426 5694 45211
45199 12454 72071 5854 45211
45197 17114 73298 3525 45211
45199 23776 56227 331 45211
45206 11489 64645 9118 45211
45204 32376 59715 8435 45211
45207 25143 60957 5376 45211
45204 11505 57082 1117 45211
45206 28421 62855 8930 45211
45205 42546 76636 734 45211
45201 18712 85639 903 45211
45203 37880 67723 3841 45211
45201 28141 81038 6731 45211
45205 22206 86293 409 45211
45191 40363 59796 6710 45211
45189 15389 63845 2400 45211
45193 10404 84804 3801 45211
45191 18894 85871 1608 45211
45190 23788 85776 6899 45211
45195 37151 75644 1039 45211
45193 12865 62945 1626 45211
45188 34800 86747 3705 45211
45188 18719 87703 7352 45211
45186 23117 59387 7105 45211
45186 39775 68125 4470 45211
45194 33266 76548 266 45211
45194 20465 62076 424 45211
45187 35045 62565 6434 45211
45193 29098 85550 8947 45211
45188 43319 76730 3878 45211
45186 12509 74540 7991 45211
45190 42557 81050 6057 45211
45186 42850 65334 2861 45211
45186 43994 80247 4665 45211
45187 12641 62297 3963 45211
45175 10987 82646 6598 45211
45176 43862 63772 4976 45211
45178 20635 66054 6580 45211
45183 29755 86972 8564 45211
45185 44791 61094 6238 45211
45184 18117 87569 7047 45211
45175 26783 56513 563 45211
45174 28897 58674 2424 45211
45185 29630 56086 5713 45211
45183 26003 61602 6493 45211
45180 28219 80961 8731 45211
45178 19483 79854 539 45211
45182 26526 55486 4500 45211
45182 18079 58076 6484 45211
45176 45042 62961 3832 45211
45185 36773 61483 537 45211
45183 44145 70507 6834 45211
45184 9939 85498 5695 45211
45174 35132 61746 8152 45211
45176 27301 82152 7052 45211
45182 42871 81398 7958 45211
45179 34689 67409 1249 45211
45177 27815 75316 8377 45211
45181 22610 84644 6319 45211
45182 15346 58555 6415 45211
45174 39731 86392 8939 45211
45185 42904 57827 2322 45211
45182 19522 64552 9138 45211
45164 43188 65541 6761 45211
45173 26716 74575 8289 45211
45165 15576 56130 1407 45211
45164 37928 81294 6397 45211
45171 13708 59496 4206 45211
45169 14603 75634 8094 45211
45172 14071 75730 3423 45211
45173 35383 58818 3712 45211
45166 16071 78559 8288 45211
45171 22888 63919 1064 45211
45170 35255 70013 7908 45211
45172 14271 84532 6206 45211
45170 18832 70874 4095 45211
45173 31558 82512 9257 45211
45173 43313 58293 6491 45211
45164 12190 55410 5441 45211
45171 33325 79181 8657 45211
45157 15071 73913 7528 45211
45155 34856 76479 847 45211
45160 41601 58752 1668 45211
45157 33185 61508 3063 45211
45162 44281 83334 1823 45211
45158 38999 77047 5152 45211
45159 10004 58254 6374 45211
45157 21098 86455 6422 45211
45162 37253 77240 6799 45211
45157 11727 61952 3426 45211
45160 26359 57358 4089 45211
45155 35756 59503 1066 45211
45156 25547 67140 8727 45211
45157 34469 68873 7040 45211
45162 12057 58090 3289 45211
45160 40874 66211 975 45211
45160 21257 85285 3211 45211
45161 29215 71954 5004 45211
45157 40762 62822 3143 45211
45161 26038 62976 1998 45211
45162 38830 70296 764 45211
45155 13373 58992 8159 45211
45157 15666 68901 6321 45211
45158 12270 61243 4630 45211
45161 15160 67558 6791 45211
45155 44834 78290 5004 45211
45158 23771 87337 1711 45211
45159 17902 75497 5161 45211
45157 36287 64068 2085 45211
45159 32347 78628 5629 45211
45160 31815 67258 4103 45211
45160 23448 61124 8478 45211
45162 31037 73061 4869 45211
45161 42358 59937 5772 45211
45159 20830 68525 6689 45211
45156 30917 63829 175 45211
45156 34451 78433 2944 45211
45156 41271 55672 4353 45211
45160 24677 79273 6120 45211
45158 27913 85273 6055 45211
45147 38115 87834 2341 45211
45147 32514 65351 1068 45211
45149 20020 60473 1707 45211
45150 17699 54545 4454 45211
45148 39659 82960 5626 45211
45148 35571 57863 5868 45211
45152 18216 72444 4970 45211
45147 42341 79613 2243 45211
45154 26727 70627 3442 45211
45147 14500 78615 9544 45211
45147 22370 68225 1927 45211
45153 23688 85834 6897 45211
45154 10985 87607 3720 45211
45150 37919 75534 212 45211
45152 22320 70950 4795 45211
45154 20305 84780 4443 45211
45149 31850 68464 214 45211
45152 29593 63677 2377 45211
45153 25771 59848 1815 45211
45148 12247 78028 3500 45211
45152 27187 84733 5829 45211
45152 17799 85930 6713 45211
45149 28638 75806 2950 45211
45148 31529 57796 8586 45211
45148 11934 77974 1831 45211
45151 21120 71470 5935 45211
45147 13712 75581 5883 45211
45149 40642 78731 6393 45211
45147 34415 60649 1457 45211
45151 19492 84250 5991 45211
45152 19188 77684 526 45211
45154 35076 86463 1190 45211
45147 23814 78844 7803 45211
45151 28955 67925 3510 45211
45153 27102 64098 8171 45211
45154 31050 59747 5900 45211
45149 32068 87598 6166 45211
45154 33806 59183 7696 45211
45146 32276 79797 1178 45211
45145 18218 68229 2691 45211
45143 30760 57016 5928 45211
45144 35292 59566 9692 45211
45139 25493 82789 1328 45211
45139 34970 64257 2473 45211
45140 9899 66197 6779 45211
45142 28531 86284 1829 45211
45143 28662 55737 5903 45211
45141 42933 68260 3196 45211
45140 41234 85454 4014 45211
45138 38818 61735 8688 45211
45140 27716 87751 274 45211
45139 10216 66551 2570 45211
45144 22016 79454 7430 45211
45145 24326 62460 922 45211
45139 39815 70897 4983 45211
45138 43529 86300 7838 45211
45137 40972 72520 2082 45211
45145 24992 78973 4046 45211
45137 19619 65238 7092 45211
45141 26566 61502 9465 45211
45144 41348 84286 8426 45211
45142 14723 54697 7933 45211
45140 14757 64235 6834 45211
45143 29022 77806 7783 45211
45139 26734 81693 2469 45211
45144 20665 65006 7815 45211
45146 17706 84524 4620 45211
45138 31732 55421 2825 45211
45144 9754 71373 8129 45211
45138 35728 58785 5123 45211
45144 41050 72203 51 45211
45145 14009 62513 5291 45211
45145 15223 66894 294 45211
45139 44308 67526 3880 45211
45138 34585 58348 8784 45211
45143 27855 64146 289 45211
45144 25945 65186 7533 45211
45143 41531 78482 6383 45211
45139 20417 65735 1536 45211
45143 21159 54497 2146 45211
45139 16556 64972 1085 45211
45142 32679 81638 9625 45211
45138 24603 81761 3026 45211
45145 17606 62246 6375 45211
45145 13422 63726 7695 45211
45146 42251 59049 844 45211
45203 20115 54553 3052 45211
45197 16441 61281 7025 45211
45202 44299 73139 884 45211
45206 43218 77599 1990 45211
45203 31359 79375 9502 45211
45205 17480 66886 7230 45211
45203 23482 59704 3702 45211
45202 35156 87366 1762 45211
45199 30600 55522 693 45211
45198 29536 54916 5696 45211
45202 20702 66382 1724 45211
45201 13588 82581 4518 45211
45207 20713 82030 335 45211
45203 25565 77528 2086 45211
45204 11965 76914 8248 45211
45203 30968 64342 6588 45211
45201 39785 67847 4590 45211
45197 19950 58108 3895 45211
45198 35442 74719 7345 45211
45199 24938 81646 497 45211
45207 41634 62333 3170 45211
45205 19117 68279 8848 45211
45197 18903 59719 2509 45211
45205 23201 63222 448 45211
45197 27126 62885 8600 45211
45207 26766 72367 3391 45211
45202 18525 68067 4760 45211
45192 19252 55002 8853 45211
45190 43195 58239 3250 45211
45193 33216 65028 5304 45211
45195 14684 80668 4835 45211
45188 19685 61123 380 45211
45192 17723 73980 4602 45211
45195 30212 73518 9037 45211
45192 35420 79207 938 45211
45189 17153 62623 7405 45211
45195 32472 71340 9544 45211
45192 39205 69337 3426 45211
45193 42750 58618 6998 45211
45195 23921 76257 8394 45211
45191 29504 55375 4226 45211
45187 14201 80153 6497 45211
45193 29122 84749 8718 45211
45195 12138 55150 394 45211
45177 14548 82643 3993 45211
45185 24721 80922 303 45211
45184 25953 57812 118 45211
45177 33091 72718 3592 45211
45185 42778 68127 2581 45211
45177 19920 77480 6463 45211
45177 23102 75017 9386 45211
45185 24497 59959 223 45211
45185 18223 69001 1584 45211
45182 30732 56906 5624 45211
45179 11212 54822 4656 45211
45179 32153 80865 8887 45211
45181 28642 84292 6679 45211
45181 19318 58174 271 45211
45177 37613 87272 149 45211
45178 42583 56344 7402 45211
45181 39157 73315 6237 45211
45184 22782 84233 2288 45211
45177 28462 65693 4073 45211
45175 15709 86661 7849 45211
45175 22647 74112 6708 45211
45181 40114 61460 1520 45211
45185 14666 73663 2148 45211
45170 11003 56294 8441 45211
45165 10808 85954 6308 45211
45170 25112 69683 7355 45211
45163 11868 80777 7382 45211
45170 34607 65323 2264 45211
45170 43456 64644 6382 45211
45171 24350 75189 6697 45211
45165 16332 79843 1147 45211
45170 31467 59514 2672 45211
45165 16104 73479 2012 45211
45163 40218 85491 804 45211
45169 28836 56884 4141 45211
45173 27326 66585 7178 45211
45166 21028 75011 2260 45211
45166 32419 64085 2005 45211
45163 12784 70511 8387 45211
45164 43625 85387 4212 45211
45164 18126 69867 4698 45211
45164 37722 58008 3726 45211
45166 16411 66425 9146 45211
45168 18607 83863 7340 45211
45166 10196 65583 6568 45211
45165 16015 56971 8645 45211
45167 44819 83573 8910 45211
45166 36926 55531 5151 45211
45170 23447 57452 2052 45211
45173 30814 78204 4111 45211
45171 29521 67902 3174 45211
45165 34540 78776 4135 45211
45167 44553 61537 3598 45211
45156 25393 54923 6153 45211
45155 25259 59654 9208 45211
45160 15891 84545 5674 45211
45162 39332 82392 1922 45211
45160 18879 84209 537 45211
45161 17642 58671 5981 45211
45161 20849 58060 2432 45211
45162 29044 68328 6627 45211
45162 34030 87174 7607 45211
45156 29447 77868 6465 45211
45156 19461 73792 7528 45211
45162 19447 62724 6424 45211
45159 16988 77330 6218 45211
45160 31264 84221 8964 45211
45161 27256 80161 7951 45211
45159 37034 56847 1664 45211
45155 25498 59196 2737 45211
45159 23740 66914 9421 45211
45160 41805 87748 8084 45211
45160 23012 86264 9041 45211
45156 21100 68478 234 45211
45155 36235 60201 5245 45211
45156 38065 62611 6174 45211
45161 19709 85989 5712 45211
45161 32761 77769 927 45211
45156 14147 74589 4071 45211
45159 17490 82693 1394 45211
45157 29589 81605 8585 45211
45161 14506 63759 1871 45211
45155 36735 77622 9381 45211
45161 11807 59126 9214 45211
45157 22408 70483 9528 45211
45161 24540 80244 8830 45211
45153 20502 63252 1563 45211
45148 40371 80737 7394 45211
45150 10248 63665 7902 45211
45151 37234 68252 2210 45211
45149 26018 54507 7854 45211
45148 16500 80289 6745 45211
45153 42186 69000 6515 45211
45151 25805 69944 7562 45211
45154 32099 78914 175 45211
45148 45074 55582 1635 45211
45152 12684 81558 7715 45211
45149 11151 74769 8467 45211
45150 43295 61453 9061 45211
45151 17800 87362 6567 45211
45153 12106 84004 1493 45211
45150 30680 65393 6217 45211
45153 17622 74334 7879 45211
45147 25149 71667 1366 45211
45149 22585 63121 5892 45211
45154 16151 85579 945 45211
45153 34181 68637 693 45211
45149 37280 73804 1973 45211
45147 27376 63443 8319 45211
45153 34446 62944 8764 45211
45151 43964 61362 2218 45211
45153 10399 83462 4384 45211
45151 23408 65560 4255 45211
45149 41627 80546 6345 45211
45149 10244 70231 5990 45211
45152 27322 87227 7683 45211
45150 13670 84298 1480 45211
45152 23126 83490 4159 45211
45148 34943 65174 8591 45211
45148 33395 56347 5220 45211
45138 13507 78818 8751 45211
45143 16596 57603 1569 45211
45146 39956 65976 6523 45211
45146 43779 75590 2356 45211
45143 12047 56831 313 45211
45140 17384 59622 5987 45211
45138 13788 56868 6451 45211
45143 15212 67923 4663 45211
45137 38911 70179 9564 45211
45144 18767 57286 4913 45211
45139 29057 56415 4534 45211
45141 33827 66459 2754 45211
45145 19459 64377 2453 45211
45139 13087 74927 1662 45211
45146 42791 58704 8571 45211
45146 34848 78348 9445 45211
45144 21069 84712 6708 45211
45142 13172 77327 3636 45211
45145 39494 64785 4119 45211
45137 26938 70510 8172 45211
45140 40567 80469 519 45211
45146 20399 83844 864 45211
45138 18401 78332 7289 45211
45138 11409 64762 141 45211
45137 17621 55668 1325 45211
45137 36183 71599 2954 45211
45145 27643 80790 8631 45211
45144 28934 80171 5025 45211
45137 26871 84343 7571 45211
45138 12494 76960 9395 45211
45142 25715 66321 3582 45211
45146 22441 69674 3009 45211
45144 25842 57022 3832 45211
45138 18688 70426 7212 45211
45137 15163 67695 5891 45211
45146 17619 72319 842 45211
45142 12281 58795 2369 45211
45146 13130 60638 5723 45211
45146 35938 87419 4267 45211
45146 21235 63681 7560 45211
45145 44719 68550 2188 45211
45142 23925 84846 7551 45211
45137 35234 70494 8126 45211
45141 41991 79150 8586 45211
45200 11578 79838 7772 45211
45201 28241 74679 6663 45211
45205 23031 69152 3824 45211
45205 42219 74905 1272 45211
45203 10705 70206 2037 45211
45203 18116 60819 1706 45211
45198 27381 87776 8668 45211
45197 25031 85748 7932 45211
45198 15592 59703 3775 45211
45207 39608 60617 5936 45211
45203 37330 62799 5740 45211
45207 29646 63840 8891 45211
45198 33602 62105 5089 45211
45207 19592 84840 6539 45211
45207 19814 56222 6311 45211
45207 24104 66625 2871 45211
45207 28614 58846 6912 45211
45205 20762 84119 4592 45211
45207 40561 87248 6175 45211
45203 35414 82314 7182 45211
45205 15433 85664 9216 45211
45200 34852 86203 833 45211
45197 38814 79459 9362 45211
45197 18370 57785 5220 45211
45198 23108 68247 9370 45211
45186 21382 80097 3428 45211
45189 11417 57120 2491 45211
45188 31065 80704 3138 45211
45196 42162 80447 2353 45211
45187 31633 67664 9314 45211
45188 30438 64637 6146 45211
45187 15253 64556 5886 45211
45190 32064 80248 3404 45211
45194 16299 77225 2550 45211
45192 31660 85735 7890 45211
45196 34491 59933 8024 45211
45187 18251 64018 5494 45211
45195 24276 69011 3476 45211
45195 17703 81503 6510 45211
45190 23720 82730 4216 45211
45187 10888 66892 1209 45211
45186 35481 71904 3418 45211
45194 14801 85373 791 45211
45191 42386 75231 667 45211
45176 18426 56090 7054 45211
45177 11511 60036 2709 45211
45177 25741 78120 4137 45211
45176 25376 63606 8778 45211
45180 29807 66368 966 45211
45184 43733 78803 1629 45211
45175 15644 73796 3881 45211
45184 19651 78770 8882 45211
45184 33864 67431 7077 45211
45182 36340 85946 7838 45211
45177 35711 72993 7566 45211
45183 26609 71607 429 45211
45175 22212 56015 2784 45211
45182 31631 82091 3078 45211
45178 10802 61947 911 45211
45184 15787 81971 3620 45211
45174 20944 56445 72 45211
45176 10374 64359 5386 45211
45184 41668 73570 625 45211
45181 44257 62089 256 45211
45180 41551 84991 459 45211
45181 19611 87448 1830 45211
45179 25267 73493 4282 45211
45174 31709 69385 9106 45211
45175 35447 64313 4974 45211
45177 19803 77154 5923 45211
45185 28852 85343 3753 45211
45174 11426 84099 8866 45211
45177 34182 78597 6288 45211
45172 21311 62796 8611 45211
45171 38883 85975 6562 45211
45170 25879 84768 3332 45211
45167 22462 85726 1405 45211
45166 22510 74890 8011 45211
45167 31728 74663 8377 45211
45163 18616 56593 3986 45211
45165 41092 56602 6417 45211
45173 41097 65495 7298 45211
45166 42847 63728 4025 45211
45166 18989 59313 346 45211
45167 40198 77639 5201 45211
45169 29795 61782 1216 45211
45168 25985 86851 4366 45211
45165 29804 62066 8679 45211
45171 34920 62936 2819 45211
45162 15736 54922 8076 45211
45162 22243 59576 6910 45211
45161 25122 70568 1998 45211
45159 10775 82967 6768 45211
45159 32497 75855 6073 45211
45158 12227 56863 9301 45211
45160 41404 70007 5485 45211
45158 15662 83365 4812 45211
45156 27410 64538 6211 45211
45157 33079 56506 1080 45211
45157 23301 57255 6840 45211
45155 34964 81025 7869 45211
45160 38502 57729 444 45211
45160 27397 58160 4171 45211
45158 43764 82802 8691 45211
45160 38045 68405 2146 45211
45155 25806 85744 7477 45211
45157 22394 74892 4454 45211
45157 24990 84420 2906 45211
45161 11967 79061 336 45211
45160 43578 57724 5957 45211
45159 36247 81066 5464 45211
45162 11032 75232 4774 45211
45156 30343 86111 3912 45211
45158 43594 56951 769 45211
45162 39182 54566 4603 45211
45159 33615 69189 648 45211
45162 41529 59320 5345 45211
45155 41481 61589 417 45211
45159 35963 61919 15 45211
45162 11783 63415 8260 45211
45160 19545 66763 7529 45211
45162 16921 59129 1365 45211
45155 42745 70503 7485 45211
45154 26808 62211 1756 45211
45153 28340 78048 7262 45211
45151 18427 84592 4431 45211
45149 16715 54941 1 45211
45154 31032 74413 9242 45211
45147 33524 74608 2973 45211
45154 41235 71523 2211 45211
45148 31425 74273 3902 45211
45152 12287 72965 2502 45211
45153 12086 68149 2775 45211
45149 20567 64661 4302 45211
45153 34894 77091 1586 45211
45147 44933 80954 7082 45211
45148 34808 81567 4751 45211
45147 34051 62128 7749 45211
45151 12382 78103 7239 45211
45153 22594 81093 9501 45211
45152 25225 75736 1120 45211
45147 39351 60693 962 45211
45154 23085 59030 2813 45211
45153 23211 63523 2203 45211
45152 32365 59588 4657 45211
45153 20148 81787 1146 45211
45153 43153 54901 5712 45211
45151 32541 62720 2918 45211
45147 38019 55917 3031 45211
45149 30689 84514 9463 45211
45144 21180 80576 270 45211
45144 16917 84949 2185 45211
45141 33210 84626 4986 45211
45138 42497 82817 7674 45211
45143 34794 65457 8548 45211
45138 25656 76276 3337 45211
45140 17546 60227 5163 45211
45142 11734 57874 5361 45211
45142 33959 85535 8482 45211
45144 9746 86982 5276 45211
45145 19839 55153 9044 45211
45140 40412 54826 7571 45211
45144 31662 57480 6773 45211
45145 30306 65065 8961 45211
45139 43492 67981 4731 45211
45137 11248 85551 1366 45211
45146 19255 86845 1181 45211
45141 15588 59335 96 45211
45137 18763 63897 6743 45211
45141 10050 58316 9131 45211
45143 44509 60262 1473 45211
45145 11424 80780 5780 45211
45140 18101 86483 4213 45211
45143 13100 58721 1409 45211
45145 19608 85269 7608 45211
45138 17461 87747 9395 45211
45145 15105 58538 2160 45211
45139 16402 57132 3527 45211
45144 15054 67168 141 45211
45143 15855 82425 887 45211
45143 43137 71563 9629 45211
45139 11005 70674 7644 45211
45137 32227 59884 438 45211
45142 13159 62239 7272 45211
45207 27937 57448 4691 45211
45201 34592 56067 9098 45211
45198 29490 69841 2825 45211
45207 16123 85012 281 45211
45205 11129 85692 4488 45211
45202 28511 68177 872 45211
45198 34088 64363 3199 45211
45205 23750 77220 4194 45211
45207 13912 55595 4257 45211
45202 16631 69896 4379 45211
45199 35961 59210 9488 45211
45193 25860 85044 3808 45211
45188 29717 79542 7877 45211
45189 34884 81365 4222 45211
45186 44829 71165 3657 45211
45190 39563 81178 4873 45211
45195 21903 75031 3362 45211
45192 43124 87244 5767 45211
45196 41692 79875 7059 45211
45192 17764 65247 7798 45211
45185 28057 86975 238 45211
45182 29304 62935 953 45211
45180 45030 77942 2328 45211
45181 27907 67296 1075 45211
