45148 21551 73803 1298 45210
45154 21727 72890 1298 45210
45167 21443 72913 1298 45210
45170 21676 79887 1298 45210
45184 21773 68600 1298 45210
45182 21782 73794 1298 45210
45169 21551 79308 1298 45210
45148 21443 82971 1298 45210
45189 21494 82203 1298 45210
45154 25082 69989 1298 45210
45185 21596 79222 1298 45210
45204 21666 66458 1298 45210
45189 21551 67595 1298 45210
45164 21670 74696 1298 45210
45189 21543 74780 1298 45210
45205 21670 80010 1298 45210
45203 21615 76626 1298 45210
45189 21551 67498 1298 45210
45143 25070 66478 1298 45210
45149 21551 65651 1298 45210
45147 21778 79675 1298 45210
45202 21536 70195 1298 45210
45173 21536 72950 1298 45210
45140 21614 74951 1298 45210
45149 21451 76143 1298 45210
45167 21756 70213 1298 45210
45189 21828 71652 1298 45210
45145 21656 74899 1298 45210
45182 21554 79466 1298 45210
45139 21672 71211 1298 45210
45182 25082 69219 1298 45210
45204 21602 66367 1298 45210
45185 21782 77654 1298 45210
45143 21614 82193 1298 45210
45143 21749 68498 1298 45210
45155 21720 74257 1298 45210
45145 21720 78281 1298 45210
45189 21784 70217 1298 45210
45155 21602 75074 1298 45210
45185 21828 70612 1298 45210
45184 21614 74199 1298 45210
45184 21551 68196 1298 45210
45154 21551 76660 1298 45210
45161 21547 67726 1298 45210
45155 21656 82053 1298 45210
45154 21554 68689 1298 45210
45147 21443 65550 1298 45210
45148 21675 79903 1298 45210
45193 21596 66511 1298 45210
45159 21666 70674 1298 45210
45139 25070 70400 1298 45210
45182 21440 76609 1298 45210
45139 21672 71058 1298 45210
45195 21666 82666 1298 45210
45193 21443 78667 1298 45210
45182 21784 80077 1298 45210
45149 21778 81041 1298 45210
45161 21672 69446 1298 45210
45144 25070 65559 1298 45210
45148 21443 83072 1298 45210
45143 21720 75049 1298 45210
45185 21782 77509 1298 45210
45159 21494 83720 1298 45210
45154 21675 73887 1298 45210
45161 21749 70554 1298 45210
45169 21536 80414 1298 45210
45161 21676 82278 1298 45210
45203 21656 74995 1298 45210
45139 21828 71172 1298 45210
45149 21551 83945 1298 45210
45173 21756 80480 1298 45210
45183 21596 71346 1298 45210
45182 21717 82470 1298 45210
45160 21717 80997 1298 45210
45149 21656 71416 1298 45210
45149 21706 73041 1298 45210
45205 21494 74095 1298 45210
45148 21749 66140 1298 45210
45139 21727 81986 1298 45210
45140 21602 83751 1298 45210
45160 21440 71348 1298 45210
45167 21494 69128 1298 45210
45155 21451 65699 1298 45210
45195 21778 70759 1298 45210
45182 21717 82786 1298 45210
45203 21440 79826 1298 45210
45148 21443 83269 1298 45210
45139 25082 77203 1298 45210
45205 21716 68702 1298 45210
45167 21536 79031 1298 45210
45154 21551 76534 1298 45210
45164 21778 82952 1298 45210
45196 21784 69113 1298 45210
45167 21536 78814 1298 45210
45195 21706 66214 1298 45210
45205 21656 81370 1298 45210
45173 21675 77373 1298 45210
45195 21543 65725 1298 45210
45149 21615 77317 1298 45210
45139 21672 70658 1298 45210
45173 21543 66973 1298 45210
45144 21670 81895 1298 45210
45159 21656 72621 1298 45210
45159 21543 83449 1298 45210
45140 21666 68599 1298 45210
45169 21596 77858 1298 45210
45205 21494 73934 1298 45210
45193 21602 65606 1298 45210
45167 21828 68795 1298 45210
45202 21666 79670 1298 45210
45173 21727 72761 1298 45210
45140 21717 78361 1298 45210
45193 21670 83479 1298 45210
45189 21828 72227 1298 45210
45185 21778 76290 1298 45210
45149 21706 72479 1298 45210
45140 21716 72423 1298 45210
45155 21656 82292 1298 45210
45154 21676 68202 1298 45210
45159 25082 78872 1298 45210
45154 21551 76357 1298 45210
45154 21675 74435 1298 45210
45148 21656 79929 1298 45210
45155 21716 82198 1298 45210
45193 21656 65659 1298 45210
45189 21660 76010 1298 45210
45184 25082 81369 1298 45210
45155 21656 81849 1298 45210
45183 21543 66885 1298 45210
45143 21656 70300 1298 45210
45147 21615 74265 1298 45210
45204 21596 78376 1298 45210
45140 21720 75062 1298 45210
45183 21440 76596 1298 45210
45170 21443 79224 1298 45210
45145 21784 66938 1298 45210
45189 21834 68583 1298 45210
45159 21716 77669 1298 45210
45203 21615 77175 1298 45210
45196 21443 68099 1298 45210
45139 21543 82193 1298 45210
45147 21615 74042 1298 45210
45170 21784 69663 1298 45210
45147 21717 81329 1298 45210
45147 21717 82087 1298 45210
45161 21602 75895 1298 45210
45185 21596 79883 1298 45210
45144 21834 80544 1298 45210
45160 21716 66607 1298 45210
45161 21717 75056 1298 45210
45161 21782 77042 1298 45210
45167 21720 74069 1298 45210
45203 21596 75723 1298 45210
45203 21706 67182 1298 45210
45183 21828 81560 1298 45210
45205 21670 80411 1298 45210
45189 21494 82045 1298 45210
45205 21727 75615 1298 45210
45193 21443 78487 1298 45210
45204 21727 81005 1298 45210
45169 21666 69968 1298 45210
45147 21554 73498 1298 45210
45147 21554 73203 1298 45210
45193 21670 83133 1298 45210
45161 21547 68317 1298 45210
45205 21727 75851 1298 45210
45143 21602 66050 1298 45210
45161 21756 67325 1298 45210
45143 21749 68082 1298 45210
45189 21834 68366 1298 45210
45183 21828 81603 1298 45210
45140 21773 69075 1298 45210
45145 21782 75097 1298 45210
45184 21451 76094 1298 45210
45173 21784 76570 1298 45210
45202 21656 74942 1298 45210
45164 21773 69844 1298 45210
45139 21675 66824 1298 45210
45139 21670 75945 1298 45210
45183 21756 69729 1298 45210
45161 21773 73654 1298 45210
45164 21440 70726 1298 45210
45180 21615 71361 1298 45210
45182 21749 79912 1298 45210
45155 21676 81989 1298 45210
45180 21536 73332 1298 45210
45180 21749 76015 1298 45210
45140 21828 66045 1298 45210
45169 21720 76528 1298 45210
45173 21494 83888 1298 45210
45154 21706 66601 1298 45210
45148 21782 80140 1298 45210
45147 21716 66606 1298 45210
45148 21551 74026 1298 45210
45202 21614 83216 1298 45210
45164 25070 72812 1298 45210
45149 21596 75963 1298 45210
45189 25082 69580 1298 45210
45143 21749 68081 1298 45210
45147 21494 77722 1298 45210
45170 25070 74826 1298 45210
45154 21551 76401 1298 45210
45149 21834 73664 1298 45210
45164 21784 69386 1298 45210
45203 21536 80606 1298 45210
45160 21666 82561 1298 45210
45139 21717 79526 1298 45210
45140 21716 71934 1298 45210
45147 21596 78241 1298 45210
45202 21602 74930 1298 45210
45164 21443 76591 1298 45210
45154 21727 72665 1298 45210
45139 21675 66698 1298 45210
45193 25082 67266 1298 45210
45185 21543 83690 1298 45210
45170 21717 81420 1298 45210
45203 21547 76401 1298 45210
45161 21706 81092 1298 45210
45205 21614 69250 1298 45210
45185 25070 78003 1298 45210
45189 21536 68344 1298 45210
45140 21727 76637 1298 45210
45173 25070 82992 1298 45210
45167 21778 66846 1298 45210
45159 21773 74927 1298 45210
45203 21716 75914 1298 45210
45160 21666 82741 1298 45210
45164 21666 68141 1298 45210
45145 21749 73495 1298 45210
45147 21727 72764 1298 45210
45180 21551 79418 1298 45210
45170 21670 81905 1298 45210
45143 21602 66369 1298 45210
45182 21784 80028 1298 45210
45141 21782 85233 1298 45211
45187 21782 74406 1298 45211
45174 21828 65048 1298 45211
45170 21494 66270 1298 45210
45163 21773 77816 1298 45211
45172 21536 54623 1298 45211
45168 21749 62181 1298 45211
45155 21675 77679 1298 45210
45153 21596 65029 1298 45211
45143 21547 68548 1298 45210
45139 21675 82184 1298 45211
45203 21716 75347 1298 45210
45203 21602 73721 1298 45210
45203 21716 75345 1298 45211
45203 21749 87262 1298 45211
45196 21554 67078 1298 45210
45189 21554 82735 1298 45210
45192 21443 81438 1298 45211
45189 21602 84834 1298 45211
45175 21720 56049 1298 45211
45179 21720 74602 1298 45211
45173 21784 75778 1298 45210
45173 21784 75779 1298 45210
45164 21828 80455 1298 45210
45167 21536 63622 1298 45211
45168 21727 60535 1298 45211
45168 21756 61647 1298 45211
45161 21706 80992 1298 45210
45161 21706 80991 1298 45210
45160 21440 79135 1298 45211
45157 21494 68938 1298 45211
45148 21675 79956 1298 45210
45154 25070 66546 1298 45211
45148 21716 54514 1298 45211
45203 25082 78163 1298 45210
45207 21717 68734 1298 45211
45207 25070 59949 1298 45211
45202 21720 56067 1298 45211
45204 21656 57036 1298 45211
45189 21614 82011 1298 45210
45193 21602 65718 1298 45211
45189 21614 82012 1298 45210
45192 21782 74413 1298 45211
45195 25082 70492 1298 45211
45189 21615 80583 1298 45211
45182 21773 69339 1298 45210
45184 21773 68600 1298 45210
45182 21773 69340 1298 45210
45183 21778 81808 1298 45211
45178 21828 56624 1298 45211
45179 25082 60490 1298 45211
45170 21749 74938 1298 45210
45170 21596 63938 1298 45211
45161 21720 79548 1298 45210
45161 21720 79546 1298 45210
45160 21717 81103 1298 45210
45160 21717 81101 1298 45210
45159 21717 75859 1298 45210
45159 21717 75857 1298 45210
45161 21756 68240 1298 45211
45148 25082 77867 1298 45210
45151 21834 74738 1298 45211
45151 21451 80158 1298 45211
45140 21716 71605 1298 45210
45138 21602 85758 1298 45211
45141 21672 75054 1298 45211
45139 21717 84792 1298 45211
45203 21494 71749 1298 45210
45205 21494 73878 1298 45210
45205 21656 83717 1298 45211
45201 21666 55639 1298 45211
45196 25082 83307 1298 45210
45189 21834 68300 1298 45210
45189 21834 63040 1298 45211
45191 21547 83208 1298 45211
45182 21494 70518 1298 45211
45170 21676 79270 1298 45210
45167 21756 67252 1298 45211
45164 21596 77940 1298 45211
45168 21672 86893 1298 45211
45170 25070 85073 1298 45211
45169 21828 70820 1298 45210
45160 21656 81219 1298 45211
45155 21656 81848 1298 45210
45160 21656 81218 1298 45211
45155 21675 62903 1298 45211
45151 21440 64397 1298 45211
45143 21614 81803 1298 45210
45140 21614 74522 1298 45210
45139 21660 79926 1298 45210
45144 21675 70945 1298 45210
45140 21614 74520 1298 45210
45143 21614 81804 1298 45210
45139 21660 79927 1298 45210
45139 21675 66697 1298 45210
45144 21675 70944 1298 45210
45144 21828 74823 1298 45210
45146 25082 62992 1298 45211
45140 21756 61883 1298 45211
45143 21670 81778 1298 45211
45139 25082 76768 1298 45210
45205 21717 76223 1298 45210
45199 21536 57101 1298 45211
45196 21666 74454 1298 45211
45192 21676 78150 1298 45211
45185 21596 79166 1298 45210
45185 21596 79165 1298 45210
45175 25070 66694 1298 45211
45175 21756 74159 1298 45211
45169 21536 80670 1298 45210
45165 21440 81127 1298 45211
45165 21676 85190 1298 45211
45155 21676 73648 1298 45211
45154 21551 76658 1298 45210
45154 21440 77627 1298 45210
45154 21778 72817 1298 45210
45149 21720 76838 1298 45210
45154 21440 77628 1298 45210
45144 21670 82196 1298 45210
45143 25082 79712 1298 45210
45143 25082 79710 1298 45210
45144 21670 82195 1298 45211
45143 21672 62078 1298 45211
45140 21602 66677 1298 45211
45203 25070 83254 1298 45210
45204 25070 67011 1298 45211
45204 21717 68551 1298 45211
45187 25070 55842 1298 45211
45196 21784 83311 1298 45211
45183 21554 73548 1298 45210
45182 21782 73494 1298 45210
45183 21554 73549 1298 45210
45182 21782 73495 1298 45210
45185 25082 66067 1298 45211
45184 21782 63609 1298 45211
45167 21494 68865 1298 45210
45163 21536 81367 1298 45211
45172 21675 67571 1298 45211
45156 21773 75968 1298 45211
45155 21676 57457 1298 45211
45149 21656 71039 1298 45210
45149 21656 71037 1298 45210
45143 21596 71944 1298 45211
45141 21834 64478 1298 45211
45199 21596 85348 1298 45211
45203 21443 75322 1298 45211
45196 21784 68759 1298 45210
45196 21784 68758 1298 45210
45189 21784 70123 1298 45210
45191 21596 73452 1298 45211
45195 21614 80299 1298 45211
45193 21602 78412 1298 45211
45180 21749 76447 1298 45210
45180 21749 76449 1298 45210
45182 25082 69756 1298 45210
45174 21615 59661 1298 45211
45176 21716 65975 1298 45211
45177 21749 85123 1298 45211
45177 21784 76621 1298 45211
45181 21451 65127 1298 45211
45182 21727 80769 1298 45211
45166 21675 75688 1298 45211
45150 21672 55976 1298 45211
45143 21834 81851 1298 45210
45143 21834 81853 1298 45210
45138 21596 84370 1298 45211
45205 21676 80759 1298 45210
45206 21656 60600 1298 45211
45190 21778 73931 1298 45211
45178 21834 60869 1298 45211
45182 21614 62598 1298 45211
45178 21834 63778 1298 45211
45180 21716 63932 1298 45211
45179 21536 59139 1298 45211
45167 21596 67601 1298 45210
45171 21778 60251 1298 45211
45150 21451 70332 1298 45211
45143 25070 66787 1298 45210
45143 25070 66788 1298 45210
45141 21706 75732 1298 45211
45200 21554 63707 1298 45211
45200 21554 70818 1298 45211
45197 21670 87183 1298 45211
45196 21676 70873 1298 45210
45187 21778 61927 1298 45211
45196 25082 81212 1298 45211
45195 21440 79610 1298 45211
45191 25070 73268 1298 45211
45185 21717 68480 1298 45210
45176 21660 58086 1298 45211
45175 25070 73996 1298 45211
45183 25070 76183 1298 45211
45169 21716 81483 1298 45210
45169 21716 81484 1298 45210
45165 21773 56837 1298 45211
45173 21547 54500 1298 45211
45169 21443 84425 1298 45211
45165 21778 57824 1298 45211
45163 21749 70778 1298 45211
45170 21749 75439 1298 45211
45161 21782 77041 1298 45210
45158 25070 60577 1298 45211
45159 21676 61521 1298 45211
45155 21716 87235 1298 45211
45148 21720 82573 1298 45211
45140 21660 68120 1298 45211
45137 21596 73922 1298 45211
45196 21451 71072 1298 45210
45193 21554 77196 1298 45211
45193 21676 73954 1298 45211
45183 21440 77455 1298 45210
45183 21440 77453 1298 45210
45180 21656 76499 1298 45210
45180 21834 74421 1298 45210
45182 25070 57433 1298 45211
45179 21615 78226 1298 45211
45164 21672 78597 1298 45211
45163 21554 84982 1298 45211
45148 21443 83445 1298 45210
45148 21443 83446 1298 45210
45149 21443 65639 1298 45210
45149 21443 65638 1298 45210
45148 21443 83520 1298 45211
45203 21596 75889 1298 45210
45202 21596 69924 1298 45210
45204 21596 79057 1298 45210
45205 21727 76154 1298 45210
45204 21717 62109 1298 45211
45203 21716 80342 1298 45211
45202 21443 62453 1298 45211
45198 21676 84531 1298 45211
45202 21543 66276 1298 45210
45204 21727 81826 1298 45210
45196 21602 60061 1298 45211
45191 21670 69503 1298 45211
45190 21554 79561 1298 45211
45193 21596 66594 1298 45211
45182 21756 78054 1298 45210
45182 21756 78052 1298 45210
45176 21547 84102 1298 45211
45181 25082 83649 1298 45211
45155 23373 64652 1448 45211
45155 13375 75350 62 45211
45158 29655 56275 4072 45211
45160 44391 66330 8511 45211
45154 39673 75635 9573 45211
45152 21854 75084 3846 45210
45153 21854 65804 3846 45210
45151 30491 64563 9099 45211
45137 20927 55713 7614 45211
45142 29262 57151 2702 45211
45146 40650 57580 341 45211
45142 10898 87665 3344 45211
45141 21854 68395 3846 45210
45145 14265 75000 2817 45211
45143 33571 77312 7878 45211
45137 11482 66979 3396 45211
45142 31340 54624 9388 45211
45137 37475 58098 9024 45211
45197 18358 66261 3752 45211
45207 41603 78094 7368 45211
45199 11860 74352 1854 45211
45198 31823 61010 5319 45211
45204 22465 75970 6270 45211
45206 22887 87204 6485 45211
45199 21854 66149 3846 45210
45206 21854 66429 3846 45210
45200 41331 61260 3257 45211
45203 38246 57754 7552 45211
45206 12229 61286 1996 45211
45207 21854 68890 3846 45210
45186 32577 56213 361 45211
45193 19388 73162 687 45211
45191 24443 57530 7022 45211
45187 28504 67727 7746 45211
45190 32509 72406 39 45211
45190 17447 60856 8169 45211
45196 11904 56926 1483 45211
45190 21854 69784 3846 45210
45195 31877 76826 1763 45211
45192 44879 71171 3869 45211
45186 36276 55043 1665 45211
45190 23794 72352 5088 45211
45186 21854 81291 3846 45210
45186 26349 81034 4946 45211
45194 32689 66111 7832 45211
45188 21854 74096 3846 45210
45194 21854 81732 3846 45210
45190 40825 85165 4677 45211
45177 21854 65444 3846 45210
45180 38433 75599 3415 45211
45175 26861 66398 5695 45211
45182 13676 84685 1037 45211
45180 43475 78147 4405 45211
45185 21358 76453 470 45211
45180 27232 74121 1266 45211
45183 15336 55060 5109 45211
45179 24541 66566 1479 45211
45175 41708 72835 2889 45211
45184 43570 66069 7358 45211
45182 36794 82625 5057 45211
45180 11395 54854 3567 45211
45178 33957 86794 7582 45211
45180 12254 61657 2585 45211
45179 33537 74452 9316 45211
45174 19891 85472 472 45211
45167 21887 69979 801 45211
45169 27586 82308 7847 45211
45171 38864 60747 5253 45211
45171 30749 60466 9038 45211
45172 13520 57993 2762 45211
45171 21854 82445 3846 45210
45169 16797 55801 7366 45211
45165 39511 65628 2299 45211
45171 28195 85811 8985 45211
45165 20482 61905 2201 45211
45172 40782 58614 9477 45211
45169 26916 71431 5858 45211
45163 28238 75984 1107 45211
45170 21215 66825 8399 45211
45168 42590 59931 8499 45211
45172 15567 78589 7845 45211
45167 23327 59499 4772 45211
45163 21854 81567 3846 45210
45172 9959 57271 6551 45211
45170 41800 76972 812 45211
45173 34418 84439 8368 45211
45170 24250 73653 6952 45211
45156 21854 78426 3846 45210
45158 42876 71447 2299 45211
45161 28323 60989 9483 45211
45158 39231 64897 6063 45211
45161 18870 58320 2660 45211
45157 21854 74755 3846 45210
45162 15161 82113 6672 45211
45160 43089 74852 3060 45211
45156 21326 85937 8175 45211
45160 37673 62110 7220 45211
45162 21854 66017 3846 45210
45157 18407 55372 8279 45211
45158 17769 56444 3699 45211
45155 43233 74033 4061 45211
45156 24095 71450 5672 45211
45155 41720 86178 654 45211
45159 42302 68516 7255 45211
45155 41644 60834 3741 45211
45158 23610 70565 8427 45211
45161 35760 66865 2465 45211
45156 28952 79641 7277 45211
45159 44413 60251 9537 45211
45161 33807 77028 3807 45211
45161 13286 75223 131 45211
45159 15240 67090 5367 45211
45162 35519 84087 7440 45211
45156 37569 72157 8298 45211
45161 19194 80944 5414 45211
45160 44207 67158 166 45211
45161 12727 86159 138 45211
45156 36860 73215 5826 45211
45158 42017 62279 7728 45211
45158 23934 72410 7696 45211
45162 28020 61355 1299 45211
45158 23144 77021 6211 45211
45158 41519 86937 3048 45211
45161 32771 74029 1817 45211
45157 27996 63789 8708 45211
45158 18180 55477 7095 45211
45162 23851 78328 3469 45211
45158 11746 59804 2838 45211
45157 44026 84297 4746 45211
45153 21052 78899 8412 45211
45152 38749 65707 1645 45211
45149 37016 73526 2398 45211
45154 18997 86091 670 45211
45150 18776 64653 5881 45211
45150 25102 86889 4368 45211
45151 35429 85705 6437 45211
45151 26139 62133 2496 45211
45151 22931 59264 8670 45211
45151 21854 66210 3846 45210
45154 30271 77337 4924 45211
45152 20972 61730 7328 45211
45150 34790 78816 1574 45211
45153 38104 59902 9644 45211
45154 13324 71714 317 45211
45153 20897 71822 8370 45211
45148 42571 84309 8102 45211
45154 34185 79313 2444 45211
45152 15647 75969 1689 45211
45149 23932 67123 1332 45211
45149 44756 76975 1411 45211
45152 21106 69307 1624 45211
45152 35781 87376 7473 45211
45148 31309 79724 1306 45211
45154 40824 80504 1487 45211
45148 32065 86371 2408 45211
45147 14973 59243 2017 45211
45151 11985 83994 4536 45211
45153 16284 75312 777 45211
45148 28540 77048 2420 45211
45151 13595 71976 3578 45211
45152 21172 73429 6804 45211
45152 36274 84615 2154 45211
45149 21396 82617 4031 45211
45152 25317 75777 2871 45211
45152 21854 75084 3846 45210
45147 37893 60758 5455 45211
45154 21029 66119 8754 45211
45153 21854 65804 3846 45210
45147 29115 57436 9049 45211
45137 12156 72399 8568 45211
45146 33144 64024 726 45211
45138 14822 84773 8788 45211
45137 21854 78903 3846 45210
45145 30632 72127 9635 45211
45141 41722 61465 7152 45211
45145 33873 85992 2114 45211
45140 15139 85910 1519 45211
45140 16670 64540 3503 45211
45143 22937 71095 8961 45211
45139 11050 71733 8082 45211
45146 42653 79911 373 45211
45140 11908 59343 3625 45211
45146 23817 77374 2563 45211
45142 21082 56365 5633 45211
45142 44564 76845 5837 45211
45142 34814 83961 7795 45211
45144 42226 61593 6046 45211
45140 13686 83895 4036 45211
45137 44662 61272 92 45211
45139 35019 66226 1692 45211
45138 17651 70710 7086 45211
45143 30560 71219 1808 45211
45145 42361 72768 6559 45211
45140 33507 85090 5632 45211
45137 42377 73172 9566 45211
45143 42438 55278 7065 45211
45146 21854 68529 3846 45210
45142 28780 78887 2527 45211
45139 44364 65700 3700 45211
45140 12771 66569 4884 45211
45137 15765 67738 5540 45211
45138 32251 56898 1227 45211
45139 19905 84323 7055 45211
45142 26869 61853 7403 45211
45141 42333 77247 3380 45211
45138 21854 72450 3846 45210
45146 38573 83415 5972 45211
45137 29579 62446 9505 45211
45141 40325 72942 8938 45211
45137 11142 72692 838 45211
45141 21854 68395 3846 45210
45145 11244 80153 6562 45211
45137 33179 57525 3742 45211
45141 25646 58297 2002 45211
45205 30252 74948 4645 45211
45199 27916 80438 4224 45211
45201 27128 61567 3183 45211
45200 21854 71349 3846 45210
45199 12735 83953 1075 45211
45201 42520 70833 3010 45211
45202 31941 80644 9691 45211
45197 21854 83090 3846 45210
45203 30615 75698 5899 45211
45200 16647 75465 5878 45211
45197 28288 81289 3179 45211
45203 28988 59155 9043 45211
45203 20411 71915 4058 45211
45205 16200 68796 3581 45211
45202 24399 83896 304 45211
45202 38315 68113 103 45211
45207 17198 55931 7423 45211
45199 21854 66149 3846 45210
45206 21854 66429 3846 45210
45197 22150 62485 1586 45211
45197 39897 55443 1785 45211
45203 23409 77831 996 45211
45199 11063 56742 3167 45211
45198 40619 58355 550 45211
45204 25042 63710 5321 45211
45205 22835 63379 9369 45211
45205 36980 64209 1528 45211
45198 21854 74342 3846 45210
45202 25337 57938 5075 45211
45199 10006 57242 2298 45211
45191 30457 83628 6748 45211
45192 21854 74500 3846 45210
45187 21854 65558 3846 45210
45193 11436 86050 5345 45211
45196 35359 60810 5702 45211
45189 44446 70640 2401 45211
45189 37212 72530 532 45211
45186 27349 81809 7627 45211
45188 15558 73550 6540 45211
45196 10083 74923 9156 45211
45187 44209 87428 3949 45211
45191 24970 75480 4659 45211
45190 21854 69784 3846 45210
45191 10604 57697 1371 45211
45190 27344 59736 4930 45211
45188 44208 69999 9662 45211
45186 21854 81291 3846 45210
45192 43821 83410 6229 45211
45193 10519 57690 6782 45211
45191 42039 56306 6786 45211
45195 28264 62907 7436 45211
45189 18792 76106 9550 45211
45187 16037 56050 1351 45211
45188 21854 74096 3846 45210
45194 21854 81732 3846 45210
45188 25832 63534 8190 45211
45176 21854 82958 3846 45210
45178 21854 69466 3846 45210
45175 21854 77645 3846 45210
45174 21854 67341 3846 45210
45177 21854 65444 3846 45210
45177 31116 80635 3616 45211
45179 23563 82766 7278 45211
45183 39687 62194 2735 45211
45174 21314 55941 4962 45211
45177 25083 73744 3936 45211
45175 38319 55244 3219 45211
45183 26860 57823 4074 45211
45183 24121 72777 4397 45211
45184 23697 84665 8596 45211
45178 18086 75434 8916 45211
45178 10042 57523 2390 45211
45178 20428 85152 4638 45211
45180 13805 61611 1487 45211
45177 38445 85655 6007 45211
45176 42126 56806 1033 45211
45184 23045 67811 9214 45211
45181 44973 73168 5666 45211
45183 37053 59798 3006 45211
45181 13991 86386 2062 45211
45181 21854 70842 3846 45210
45164 27893 59749 9354 45211
45168 43229 58993 1380 45211
45167 17735 86692 7173 45211
45165 38477 61341 1401 45211
45165 21854 77591 3846 45210
45171 21854 82445 3846 45210
45171 39467 85212 7916 45211
45167 18397 63977 1436 45211
45167 35637 87065 4329 45211
45167 41241 54888 1772 45211
45171 38146 81286 8888 45211
45165 35679 54831 4138 45211
45163 18720 59719 3801 45211
45169 9809 83419 7136 45211
45171 20887 79100 2253 45211
45173 43944 85189 2856 45211
45172 38109 55937 9369 45211
45170 30811 72945 4560 45211
45172 27079 83650 9128 45211
45173 23446 57055 2918 45211
45166 21854 65673 3846 45210
45173 31733 69406 6069 45211
45171 38567 87182 9149 45211
45168 27066 78852 2949 45211
45163 21854 81567 3846 45210
45164 43816 83093 3604 45211
45173 22142 86249 2259 45211
45172 21854 70083 3846 45210
45156 21854 78426 3846 45210
45158 22689 66595 7527 45211
45156 21134 81303 9218 45211
45162 37703 87705 1117 45211
45157 21854 74755 3846 45210
45161 25780 58377 2082 45211
45155 43712 86650 7686 45211
45162 21854 66017 3846 45210
45159 27114 79482 4848 45211
45159 35791 76600 5376 45211
45160 17404 72166 6459 45211
45156 22349 85458 6368 45211
45158 33416 63776 9149 45211
45157 29830 85610 3359 45211
45156 19981 82409 270 45211
45155 43852 69888 6837 45211
45158 39325 58119 4943 45211
45162 32503 81780 1909 45211
45161 36160 81879 915 45211
45157 20176 68326 9249 45211
45157 32243 71765 7502 45211
45162 19208 58659 2086 45211
45157 11149 87779 8333 45211
45159 33846 58094 5385 45211
45156 26902 60199 3179 45211
45158 15565 77201 7303 45211
45157 44679 63914 1010 45211
45162 25226 65397 4856 45211
45161 23962 62601 205 45211
45159 44194 62123 6390 45211
45157 36768 68955 3331 45211
45161 18660 77595 4245 45211
45161 31940 57290 794 45211
45161 23887 61328 7671 45211
45157 22448 60003 8365 45211
45156 27660 83479 2212 45211
45158 15612 75075 8763 45211
45155 42640 57133 5171 45211
45161 32344 85580 5989 45211
45152 31228 56427 5510 45211
45147 41838 66127 5900 45211
45154 34102 55767 3899 45211
45150 32262 68107 2194 45211
45150 35065 55726 7628 45211
45153 25043 55812 6772 45211
45154 24312 68243 1620 45211
45150 25729 68114 4739 45211
45147 44372 83546 8467 45211
45151 35303 78483 1019 45211
45151 21854 66210 3846 45210
45151 21181 54786 3508 45211
45149 18736 64457 994 45211
45147 38276 72144 6119 45211
45147 23861 81234 503 45211
45153 12345 61096 4818 45211
45154 22449 56755 7820 45211
45149 21365 54975 1467 45211
45153 18890 84619 5051 45211
45151 18642 58989 8983 45211
45150 19236 56149 3578 45211
45151 31914 67787 7276 45211
45151 16909 75065 366 45211
45149 25686 59668 3822 45211
45151 42738 59834 3645 45211
45147 14539 80753 1592 45211
45148 21245 85584 1557 45211
45154 13132 66792 860 45211
45149 20526 78692 4293 45211
45151 44400 81542 580 45211
45154 22286 81974 6450 45211
45150 24430 87426 6637 45211
45152 38441 65601 925 45211
45148 27676 62746 4147 45211
45152 21854 75084 3846 45210
45147 31616 78669 911 45211
45150 35746 71451 6135 45211
45147 14016 86567 2637 45211
45153 21854 65804 3846 45210
45150 17474 68854 9322 45211
45138 18783 80916 6601 45211
45138 40418 63758 3925 45211
45137 21854 78903 3846 45210
45145 44793 77460 5620 45211
45144 38816 78440 1707 45211
45140 31196 87450 1111 45211
45137 13949 71967 372 45211
45139 33805 59493 656 45211
45145 34944 85779 2929 45211
45140 33248 73012 9132 45211
45141 44310 69953 9525 45211
45138 19380 83435 7455 45211
45139 28266 54877 2705 45211
45140 44246 83257 4488 45211
45138 17402 58138 3225 45211
45141 11311 59113 777 45211
45142 16577 80446 8997 45211
45144 18392 86600 4822 45211
45141 22849 87203 2809 45211
45146 21854 68529 3846 45210
45144 36296 56705 5818 45211
45137 14971 68260 6959 45211
45144 38307 64761 5342 45211
45137 23317 71451 4179 45211
45145 43760 82973 6104 45211
45142 17763 73949 6885 45211
45141 29383 70947 1611 45211
45143 34441 67085 5456 45211
45142 29984 63081 8676 45211
45139 28373 63507 8699 45211
45139 39932 68715 3778 45211
45138 21854 72450 3846 45210
45146 15884 75038 1610 45211
45144 37649 61519 7471 45211
45140 31894 74990 3939 45211
45138 43755 86521 7980 45211
45142 20300 73000 8142 45211
45141 21854 68395 3846 45210
45144 19172 83613 9309 45211
45143 43999 87843 6125 45211
45143 43450 59568 9564 45211
45140 42991 75294 5545 45211
45143 31209 82798 8012 45211
45142 29273 63206 6585 45211
45140 26756 74261 9492 45211
45200 21854 71349 3846 45210
45199 43829 63157 8456 45211
45201 24967 84360 8324 45211
45200 44747 64524 385 45211
45203 14534 60877 6662 45211
45197 21854 83090 3846 45210
45206 12443 70712 4522 45211
45197 24885 55554 4184 45211
45199 25483 69695 6570 45211
45202 14390 64676 9628 45211
45202 31280 71613 2879 45211
45199 21854 66149 3846 45210
45206 21854 66429 3846 45210
45204 29691 79730 5370 45211
45200 20982 81485 2222 45211
45207 17322 75505 354 45211
45202 35468 66212 4751 45211
45199 35921 60697 9054 45211
45198 41996 87879 1160 45211
45198 21854 74342 3846 45210
45197 41227 61679 841 45211
45186 9709 65599 8720 45211
45192 21854 74500 3846 45210
45187 21854 65558 3846 45210
45186 21108 86750 3147 45211
45192 24315 86118 178 45211
45186 35015 65214 1468 45211
45195 11267 74382 6719 45211
45187 40892 69339 8324 45211
45190 32182 60527 5630 45211
45194 13677 80269 7173 45211
45193 40307 61524 7512 45211
45194 41643 80181 7253 45211
45193 22560 66869 4378 45211
45187 40598 83753 891 45211
45189 33962 66528 1267 45211
45189 15466 61704 556 45211
45190 21854 69784 3846 45210
45186 16514 78664 3186 45211
45186 22325 57355 9315 45211
45186 21854 81291 3846 45210
45190 26856 76906 6447 45211
45188 39862 83841 8399 45211
45189 19504 57605 2731 45211
45193 40042 74991 2518 45211
45195 21957 66161 6343 45211
45188 21854 74096 3846 45210
45189 28909 71963 478 45211
45194 21854 81732 3846 45210
45190 43909 70044 2772 45211
45192 27226 82934 9116 45211
45195 42100 68444 8328 45211
45192 43027 75780 4478 45211
45190 44577 55256 2604 45211
45194 24230 66000 9702 45211
45186 36867 73552 8598 45211
45176 21854 82958 3846 45210
45178 21854 69466 3846 45210
45182 29857 55087 7918 45211
45180 15997 64779 254 45211
45175 21854 77645 3846 45210
45174 21854 67341 3846 45210
45177 21854 65444 3846 45210
45181 33361 70399 6263 45211
45183 30112 63275 4020 45211
45183 26289 77866 7813 45211
45177 21424 73260 2622 45211
45180 41084 59328 5467 45211
45174 14205 76995 4753 45211
45180 14308 86451 198 45211
45174 24148 78941 7939 45211
45179 42164 63402 2552 45211
45183 21904 76325 4356 45211
45184 29966 54977 8649 45211
45178 14922 60280 6980 45211
45174 43074 65691 8049 45211
45185 44302 85675 384 45211
45174 35438 87096 7713 45211
45176 35103 86003 5325 45211
45174 10643 66765 4969 45211
45185 10904 56354 8309 45211
45184 12902 81382 8730 45211
45185 28710 81268 4209 45211
45181 43182 86060 8141 45211
45181 19730 70920 295 45211
45177 33243 56637 3481 45211
45184 32575 68966 6280 45211
45180 16127 64460 3340 45211
45177 15134 63718 6569 45211
45177 21892 72453 4278 45211
45181 21854 70842 3846 45210
45182 37692 86854 6838 45211
45168 41003 79378 4486 45211
45164 13152 84256 3718 45211
45167 25428 85393 8045 45211
45168 30325 86265 5872 45211
45172 10397 56740 7697 45211
45165 21854 77591 3846 45210
45173 45059 65900 161 45211
45169 10085 63906 6369 45211
45171 21854 82445 3846 45210
45168 36942 63151 3382 45211
45172 42217 69009 440 45211
45173 37293 57018 6734 45211
45167 15547 58207 5231 45211
45165 15989 61018 2854 45211
45170 17643 56802 5059 45211
45172 10426 56165 7329 45211
45163 35492 76341 4390 45211
45166 23807 57924 874 45211
45163 21854 81567 3846 45210
45163 43921 67162 4107 45211
45169 37798 78901 1941 45211
45169 11122 70999 9071 45211
45173 38344 66697 934 45211
45165 41739 79922 9232 45211
45163 34191 63377 3415 45211
45172 21854 70083 3846 45210
45156 21854 78426 3846 45210
45161 19399 68198 7930 45211
45156 28309 70974 8342 45211
45155 31681 63215 4022 45211
45156 19063 81177 2881 45211
45161 32118 66398 1348 45211
45157 21854 74755 3846 45210
45155 14284 64046 1620 45211
45159 16168 84761 3572 45211
45162 21854 66017 3846 45210
45156 30791 57862 4400 45211
45161 39001 66561 7384 45211
45159 33506 70294 649 45211
45160 41674 65921 8075 45211
45162 40409 78415 781 45211
45162 27604 66791 2595 45211
45155 11780 55345 4802 45211
45160 40289 86813 9314 45211
45156 13750 67065 2370 45211
45161 38222 82319 8412 45211
45161 24797 63273 7976 45211
45160 24554 59023 7892 45211
45156 22490 78934 6529 45211
45156 40046 64866 3689 45211
45155 35304 59638 1938 45211
45157 21377 85300 158 45211
45155 43410 84028 25 45211
45157 44091 86863 3096 45211
45160 31540 72132 4008 45211
45160 11117 70337 8873 45211
45155 41152 80506 2965 45211
45159 10481 58465 9569 45211
45161 16214 86864 9142 45211
45159 22396 74932 7616 45211
45156 21039 87052 4265 45211
45160 30049 65249 2674 45211
45149 36791 67970 5178 45211
45150 10708 71085 7732 45211
45152 10125 71905 4764 45211
45148 20344 77932 8039 45211
45151 30915 79543 3786 45211
45147 15956 84428 7264 45211
45150 42742 55802 7904 45211
45151 43167 60814 9661 45211
45149 42594 72722 9145 45211
45149 38823 72336 4735 45211
45153 23369 84809 9491 45211
45154 10646 59980 2127 45211
45154 11786 66883 3537 45211
45151 21854 66210 3846 45210
45152 38052 65098 5231 45211
45151 26105 63195 2620 45211
45150 42502 86442 4894 45211
45153 30468 66253 2695 45211
45150 28986 72141 5176 45211
45153 22291 66309 773 45211
45151 20515 58944 3767 45211
45148 17889 63761 164 45211
45147 25822 64983 3785 45211
45148 26228 60211 1128 45211
45148 13251 85192 9324 45211
45153 20433 74668 2865 45211
45151 11081 74812 4917 45211
45152 42494 78240 3597 45211
45148 28214 76319 1476 45211
45154 41592 80569 3725 45211
45149 25643 59694 8370 45211
45147 16583 72637 50 45211
45154 30851 84196 5486 45211
45150 20253 54976 7040 45211
45148 41832 66681 4195 45211
45150 40618 72806 6376 45211
45152 21854 75084 3846 45210
45148 26522 58447 3292 45211
45151 34281 72031 2796 45211
45153 21854 65804 3846 45210
45147 33907 75269 5652 45211
45138 16678 64390 3876 45211
45141 14686 72351 6224 45211
45141 35238 60895 3589 45211
45142 30938 65332 2715 45211
45137 21854 78903 3846 45210
45137 32416 55974 585 45211
45139 16452 72873 5456 45211
45142 22655 78787 9658 45211
45144 40393 84495 5767 45211
45142 20858 73546 9450 45211
45140 36647 86988 4896 45211
45142 43272 58937 8780 45211
45141 29441 61155 6301 45211
45139 37814 75907 9194 45211
45138 32701 77476 262 45211
45142 36275 59687 383 45211
45140 40014 59848 8820 45211
45144 21414 70632 8455 45211
45145 29721 77837 7964 45211
45143 42266 87263 868 45211
45138 12152 70371 530 45211
45146 21854 68529 3846 45210
45141 23819 83131 484 45211
45140 41760 83810 2850 45211
45142 30009 86512 6046 45211
45138 10097 69397 701 45211
45146 38803 57385 5744 45211
45142 26187 55318 1199 45211
45144 24835 63296 1513 45211
45143 43187 72632 9676 45211
45145 30531 64963 9684 45211
45138 21854 72450 3846 45210
45144 18404 78861 1144 45211
45138 32329 62725 7936 45211
45138 10063 66965 9494 45211
45141 34516 81032 9321 45211
45144 19948 79817 8608 45211
45142 38711 72715 6639 45211
45141 21854 68395 3846 45210
45140 44373 55615 4432 45211
45144 26840 59252 658 45211
45143 42061 85346 7413 45211
45144 18918 82799 4022 45211
45146 26180 84505 1824 45211
45138 41174 81474 2128 45211
45139 42252 65739 2262 45211
45139 44993 85850 407 45211
45200 21854 71349 3846 45210
45202 26516 55094 4910 45211
45200 22575 85851 4580 45211
45197 21854 83090 3846 45210
45207 16273 60037 8995 45211
45205 35645 60627 4589 45211
45201 17452 81376 8058 45211
45205 38887 63601 7639 45211
45199 21854 66149 3846 45210
45206 21854 66429 3846 45210
45198 22780 60992 2730 45211
45207 42983 77329 364 45211
45205 30656 66292 6677 45211
45198 35879 69568 549 45211
45203 23154 79769 7992 45211
45204 15126 82037 5475 45211
45198 21854 74342 3846 45210
45203 33424 65880 323 45211
45207 26030 87622 2619 45211
45190 43205 79586 4330 45211
45194 17372 74976 8893 45211
45195 39373 66742 3569 45211
45192 21854 74500 3846 45210
45187 21854 65558 3846 45210
45190 44093 77424 5676 45211
45186 13346 58787 528 45211
45190 36475 84352 536 45211
45191 22497 65412 9056 45211
45193 38416 76291 4695 45211
45188 20902 59790 2594 45211
45188 18044 79818 6125 45211
45191 32853 56256 6954 45211
45190 21854 69784 3846 45210
45187 33847 55933 1743 45211
45186 21854 81291 3846 45210
45190 38473 73998 8983 45211
45188 11470 63533 757 45211
45189 16971 70330 7047 45211
45188 21854 74096 3846 45210
45194 21854 81732 3846 45210
45187 41390 59314 1049 45211
45176 21854 82958 3846 45210
45178 21854 69466 3846 45210
45177 10147 70907 2162 45211
45176 31477 73379 6636 45211
45175 21854 77645 3846 45210
45174 21854 67341 3846 45210
45177 21854 65444 3846 45210
45176 29810 65327 751 45211
45177 30398 56390 4271 45211
45179 42836 66509 5146 45211
45183 36022 76808 3295 45211
45185 28585 66277 3346 45211
45181 17334 64177 6887 45211
45177 18318 69658 2029 45211
45185 13707 68997 3125 45211
45178 35793 66719 560 45211
45183 29465 56691 2320 45211
45183 32476 55203 5133 45211
45175 32628 85656 1226 45211
45174 17777 84307 5684 45211
45181 18156 86593 3183 45211
45174 11517 60845 2990 45211
45176 16824 74972 6878 45211
45181 21854 70842 3846 45210
45182 28010 56713 8577 45211
45181 11105 71458 5123 45211
45180 34871 80683 7875 45211
45169 20745 67931 4869 45211
45167 45050 70270 9625 45211
45165 21854 77591 3846 45210
45172 20479 82806 5820 45211
45169 34557 58342 5210 45211
45171 21854 82445 3846 45211
45166 36707 77709 62 45211
45165 44174 68460 5111 45211
45171 35869 58663 4258 45211
45163 18205 57642 7610 45211
45170 39248 72494 7264 45211
45173 24268 81588 1947 45211
45171 39204 61439 2670 45211
45165 30722 75386 5593 45211
45170 27767 55552 7287 45211
45168 10437 76165 5476 45211
45172 21341 86089 4213 45211
45172 24084 83910 5407 45211
45171 41202 75022 7698 45211
45163 16152 56745 4852 45211
45170 33841 64665 3591 45211
45168 15043 77403 4918 45211
45168 42508 56269 9013 45211
45168 24343 87087 9122 45211
45168 41446 64777 8169 45211
45170 34025 81328 909 45211
45163 27159 67244 4253 45211
45163 21854 81567 3846 45210
45165 15493 70117 6516 45211
45170 22201 59062 203 45211
45164 40357 66292 6541 45211
45163 13312 77493 9362 45211
45172 21854 70083 3846 45210
45159 39963 55361 8358 45211
45159 11422 70817 7049 45211
45155 37570 76664 2268 45211
45161 15755 58436 8344 45211
45155 15716 79335 2000 45211
45156 24131 72219 8171 45211
45157 21854 74755 3846 45210
45162 21854 66017 3846 45210
45158 20493 75621 6382 45211
45159 25410 87031 8204 45211
45162 18730 60532 797 45211
45159 16272 85694 3895 45211
45162 14841 62262 146 45211
45159 20768 86359 8253 45211
45157 39807 79622 5571 45211
45156 12697 66845 971 45211
45158 29338 70547 6384 45211
45156 40705 67402 6890 45211
45157 38693 61565 8049 45211
45158 32120 81869 3358 45211
45156 19586 65907 5435 45211
45162 23924 66973 9033 45211
45158 18008 59988 9461 45211
45156 31241 61351 6250 45211
45161 15727 77585 94 45211
45155 21066 65420 4673 45211
45162 25687 68044 7331 45211
45150 24722 85981 4747 45211
45151 32372 60570 1105 45211
45154 16024 69089 4790 45211
45154 41180 75014 1777 45211
45153 43584 61416 6357 45211
45150 41287 58758 200 45211
45149 9996 61521 1528 45211
45153 26742 79238 2487 45211
45154 34059 60064 2223 45211
45148 17645 55956 7414 45211
45151 21854 66210 3846 45210
45152 26599 85634 5484 45211
45147 43522 79500 5703 45211
45151 24052 57430 1330 45211
45152 11702 59363 7020 45211
45147 26630 87133 2629 45211
45152 24923 75823 7374 45211
45150 14962 80835 4996 45211
45149 29347 71249 8669 45211
45150 37858 70202 176 45211
45150 35855 73196 8750 45211
45148 19595 63585 7754 45211
45148 44000 80441 14 45211
45154 43173 86559 8493 45211
45154 12900 66741 7453 45211
45149 23360 70898 5978 45211
45152 42072 66101 5495 45211
45152 21854 75084 3846 45210
45152 26440 80888 3027 45211
45153 21854 65804 3846 45210
45137 44820 63331 3268 45211
45137 21854 78903 3846 45210
45140 35913 84492 175 45211
45141 16986 59094 5306 45211
45142 22096 60123 1516 45211
45143 27303 56289 5648 45211
45137 36847 74713 6856 45211
45146 26825 69179 164 45211
45139 39044 85862 5495 45211
45140 11801 59456 2895 45211
45138 14174 71041 5031 45211
45143 33954 77257 4502 45211
45137 18327 57493 2335 45211
45141 20059 71735 3077 45211
45145 13483 56040 1504 45211
45142 37022 64929 8220 45211
45145 15018 56953 2157 45211
45141 40970 76814 8569 45211
45146 41717 79162 7838 45211
45143 9876 63942 1690 45211
45140 10657 79221 944 45211
45143 32011 70149 1011 45211
45139 11886 77296 7243 45211
45146 21854 68529 3846 45210
45139 37650 71029 4458 45211
45144 15987 63694 4070 45211
45141 24964 57184 6728 45211
45145 28388 76966 3515 45211
45141 37535 83778 8885 45211
45144 29679 61566 2919 45211
45142 10474 68582 1920 45211
45146 34183 55849 6452 45211
45138 21854 72450 3846 45210
45143 34686 67750 8060 45211
45140 30520 79077 5876 45211
45140 30717 87731 3235 45211
45145 15220 87250 5529 45211
45146 29833 69660 1002 45211
45139 21077 59518 5206 45211
45137 16566 76627 6022 45211
45141 21854 68395 3846 45210
45139 26713 75740 4660 45211
45145 42044 70424 44 45211
45146 24379 58520 7950 45211
45140 33647 58095 3126 45211
45137 27568 83009 9666 45211
45145 28575 75751 8657 45211
45146 31703 60089 1197 45211
45200 21854 71349 3846 45210
45199 17476 87667 5213 45211
45197 21854 83090 3846 45210
45197 25946 87124 2495 45211
45205 20180 74372 4942 45211
45199 17808 83398 4905 45211
45205 20470 72869 756 45211
45203 30643 85086 7920 45211
45207 24801 59489 2766 45211
45197 9799 82200 2414 45211
45199 21854 66149 3846 45210
45206 21854 66429 3846 45210
45207 31765 73064 1814 45211
45201 26229 85919 5042 45211
45202 35181 77563 4852 45211
45201 26684 54959 4310 45211
45207 28777 64872 410 45211
45206 38138 64935 6651 45211
45203 35064 54534 197 45211
45198 21854 74342 3846 45210
45207 10530 67101 5405 45211
45188 15616 64963 3294 45211
45192 44184 65820 6179 45211
45190 11445 86322 1319 45211
45192 21854 74500 3846 45210
45187 21854 65558 3846 45210
45189 36351 75965 6461 45211
45189 17193 66821 961 45211
45191 12385 61659 831 45211
45192 12379 86450 9200 45211
45188 14160 81822 4725 45211
45188 35043 77073 6296 45211
45186 41689 66477 5383 45211
45193 24528 56365 1800 45211
45195 22328 55821 7634 45211
45194 20781 77274 442 45211
45190 21854 69784 3846 45210
45186 10327 69098 4390 45211
45187 31461 82987 314 45211
45186 21854 81291 3846 45210
45196 24458 55105 4396 45211
45192 22326 62360 6967 45211
45186 39102 63682 724 45211
45194 17960 65708 1182 45211
45193 15546 78507 9255 45211
45194 21854 81732 3846 45210
45194 29610 83367 7395 45211
45196 15574 86241 6482 45211
45176 21854 82958 3846 45210
45178 21854 69466 3846 45210
45181 19958 65820 4966 45211
45175 21854 77645 3846 45210
45174 21854 67341 3846 45210
45177 21854 65444 3846 45210
45178 18978 77291 6600 45211
45185 14656 66113 1145 45211
45174 20104 67768 4045 45211
45175 38236 73988 1375 45211
45178 29684 77968 7090 45211
45174 18778 67069 6031 45211
45175 32816 74342 3163 45211
45181 44236 73744 834 45211
45178 16322 56962 649 45211
45185 17482 84810 4755 45211
45184 44633 77615 6991 45211
45174 17520 84592 3751 45211
45184 38112 87873 4276 45211
45179 35073 63528 1537 45211
45179 16006 82783 7847 45211
45185 27257 65827 2762 45211
45181 21854 70842 3846 45210
45177 37724 58642 657 45211
45166 14630 65878 9276 45211
45170 18687 79067 6768 45211
45165 21854 77591 3846 45210
45165 27404 81437 1436 45211
45169 28690 69911 3685 45211
45171 21854 82445 3846 45210
45171 13256 85460 6556 45211
45170 16002 63288 3224 45211
45167 26919 78957 3798 45211
45172 42407 64601 2665 45211
45171 27235 60471 9246 45211
45169 45100 55290 8971 45211
45163 34917 85318 8710 45211
45171 12512 82870 6135 45211
45166 9921 72497 981 45211
45166 39656 60109 7258 45211
45169 17217 67023 2618 45211
45168 20965 56022 3368 45211
45169 12069 63753 7926 45211
45168 10541 58695 3347 45211
45166 34303 85827 904 45211
45171 20136 87843 275 45211
45171 37218 81485 3731 45211
45163 21854 81567 3846 45210
45173 30540 66711 2275 45211
45164 13344 58910 9241 45211
45172 21854 70083 3846 45210
45161 10444 57358 3830 45211
45161 25510 60683 4924 45211
45158 37838 87685 3910 45211
45156 9967 55034 5229 45211
45158 42785 56973 5473 45211
45157 21854 74755 3846 45210
45159 16245 67311 3048 45211
45161 24272 66738 2109 45211
45161 30927 70006 9071 45211
45156 29142 67386 3233 45211
45162 21854 66017 3846 45210
45160 9838 55194 5645 45211
45155 27120 85431 7713 45211
45162 10743 70863 8623 45211
45161 13289 83930 2236 45211
45157 19128 55498 1680 45211
45161 20066 75449 8018 45211
45160 39240 80261 8835 45211
45159 11283 85097 2930 45211
45161 20996 65282 5359 45211
45156 40973 71809 4549 45211
45157 43119 57936 195 45211
45161 19335 64274 377 45211
45160 31912 60278 9601 45211
45157 32804 68624 9090 45211
45160 33183 75048 1195 45211
45157 41960 60650 5277 45211
45160 43841 73254 6601 45211
45159 18497 87138 9574 45211
45162 20128 62608 6166 45211
45159 12189 67400 2610 45211
45162 39257 59529 9694 45211
45159 17435 68856 9607 45211
45157 37287 72049 1425 45211
45156 36267 64936 1847 45211
45157 11628 67468 6070 45211
45160 14287 54966 3867 45211
45157 25485 67289 3577 45211
45161 41948 86568 7316 45211
45159 32973 76810 2016 45211
45156 22183 68556 1772 45211
45157 10873 64371 7387 45211
45155 42123 66568 8762 45211
45162 19301 63045 5244 45211
45149 39921 84324 6612 45211
45148 13244 63271 7804 45211
45151 45062 82024 4353 45211
45154 31612 64456 1980 45211
45147 17805 65529 2603 45211
45152 20975 64799 6788 45211
45148 43238 59918 4318 45211
45147 25903 57482 8019 45211
45153 22688 84069 5345 45211
45154 34687 81144 2918 45211
45149 31964 54870 7756 45211
45150 13969 87296 301 45211
45152 11687 60058 7906 45211
45148 41632 70377 9662 45211
45154 38464 82645 319 45211
45147 44399 63567 5764 45211
45153 29548 67253 6637 45211
45153 18976 55695 7387 45211
45149 40574 86996 5250 45211
45151 21854 66210 3846 45210
45153 33569 84566 8356 45211
45151 21183 70376 6294 45211
45148 14328 59340 912 45211
45151 28594 81668 8553 45211
45153 31413 79651 1851 45211
45154 31810 56698 552 45211
45153 23630 71434 8113 45211
45147 22666 59047 7203 45211
45153 36813 55618 4024 45211
45149 32578 85505 9425 45211
45154 44818 72254 7401 45211
45147 13667 80615 7061 45211
45153 39411 87695 7900 45211
45147 29309 61712 1461 45211
45149 44869 66826 4952 45211
45149 14349 69890 8188 45211
45149 42825 73404 256 45211
45147 37017 79243 4632 45211
45152 12440 65213 8588 45211
45147 27820 54563 700 45211
45151 10752 72235 3907 45211
45149 28124 83526 5918 45211
45153 30200 76503 7292 45211
45147 21133 61865 1212 45211
45153 16621 64786 2946 45211
45152 21854 75084 3846 45210
45152 13261 80040 8030 45211
45153 21854 65804 3846 45210
45141 43552 79401 9656 45211
45145 38851 55185 1221 45211
45137 13368 70242 7205 45211
45137 21854 78903 3846 45210
45140 42329 74876 8988 45211
45146 26362 71336 2088 45211
45137 30400 72241 583 45211
45142 29243 61773 1789 45211
45142 26351 63935 3577 45211
45141 29395 62542 6279 45211
45146 25357 87643 7487 45211
45145 20657 70492 7839 45211
45141 14482 63436 895 45211
45145 37542 60198 848 45211
45144 21403 81224 636 45211
45140 19649 71702 3367 45211
45137 23693 62775 8147 45211
45140 41422 86217 379 45211
45144 38489 68078 1009 45211
45137 37352 76138 4647 45211
45138 39817 83867 811 45211
45140 26538 66823 1816 45211
45146 36559 72218 7171 45211
45143 29656 59971 7207 45211
45146 28498 61067 1940 45211
45144 11268 82293 1993 45211
45139 14887 84501 7832 45211
45137 19729 78019 2806 45211
45138 17717 61440 7809 45211
45141 11690 62439 3441 45211
45138 44592 61041 7533 45211
45140 33645 58065 4412 45211
45146 14079 63089 5120 45211
45145 12104 60669 5653 45211
45138 21854 72450 3846 45210
45146 22318 65343 5539 45211
45144 26632 75284 3741 45211
45141 21854 68395 3846 45210
45146 44968 84936 1867 45211
45138 17336 86202 6866 45211
45143 31644 71229 8137 45211
45141 37193 76297 1222 45211
45137 12498 55555 381 45211
45146 24973 72946 5814 45211
45205 27442 83436 6928 45211
45207 24599 57899 5953 45211
45199 43115 62080 971 45211
45197 33541 69874 3882 45211
45198 30923 75635 4365 45211
45200 21854 71349 3846 45210
45198 27010 56862 5077 45211
45197 21854 83090 3846 45210
45204 37236 73596 7078 45211
45197 38286 82527 8781 45211
45201 42958 86073 2674 45211
45199 23273 82712 611 45211
45200 44112 83784 3402 45211
45207 15927 82978 1915 45211
45200 41196 62879 4477 45211
45202 28180 60505 427 45211
45199 21854 66149 3846 45210
45207 14122 68164 174 45211
45206 21854 66429 3846 45210
45201 10680 72727 8681 45211
45199 40992 69737 5345 45211
45197 39306 82848 6916 45211
45199 23079 61208 6017 45211
45203 38254 66603 8049 45211
45203 27819 64999 5071 45211
45205 17580 61889 2087 45211
45197 11918 83427 752 45211
45198 21854 74342 3846 45210
45205 23245 60901 6738 45211
45200 42702 64517 7077 45211
45203 18971 85009 968 45211
45204 28867 80615 8593 45211
45202 24437 86941 5545 45211
45201 10269 60379 5092 45211
45193 31233 83054 463 45211
45192 21854 74500 3846 45210
45187 21854 65558 3846 45210
45189 18338 57912 7528 45211
45195 16263 86685 2498 45211
45190 20757 76746 1369 45211
45196 26640 60576 6026 45211
45190 23775 81541 4294 45211
45194 24165 67459 7629 45211
45186 26852 83132 225 45211
45193 32128 70262 3897 45211
45186 31930 82368 7849 45211
45190 21854 69784 3846 45210
45195 17773 81422 9523 45211
45188 39308 58541 8760 45211
45187 35900 78467 5121 45211
45186 21854 81291 3846 45210
45186 43461 58517 2493 45211
45192 22146 77052 5515 45211
45192 13233 87331 9228 45211
45191 30108 60943 609 45211
45189 38106 84746 2904 45211
45194 21854 81732 3846 45210
45176 21854 82958 3846 45210
45178 21854 69466 3846 45210
45174 44214 87877 7395 45211
45179 44797 84773 810 45211
45177 27189 72445 1959 45211
45175 21854 77645 3846 45210
45174 21854 67341 3846 45210
45177 21854 65444 3846 45210
45175 41405 78404 9146 45211
45174 43824 80884 672 45211
45185 10685 87299 2751 45211
45174 20334 70800 3735 45211
45178 24471 75925 8198 45211
45185 18057 86592 7417 45211
45174 14362 71311 8621 45211
45178 14972 68221 5961 45211
45183 44831 54508 8435 45211
45175 41697 64423 7209 45211
45176 14080 87213 64 45211
45183 39091 86574 3236 45211
45184 23334 71204 6867 45211
45177 45114 58175 7582 45211
45180 23741 60954 3321 45211
45177 15250 74267 5340 45211
45181 21854 70842 3846 45210
45174 15734 76190 5742 45211
45178 16385 74571 3047 45211
45184 30949 71623 8344 45211
45165 24365 61041 5682 45211
45165 21854 77591 3846 45210
45165 11667 86555 4693 45211
45164 22458 84935 1210 45211
45164 30340 73233 8908 45211
45173 12921 83019 385 45211
45171 21854 82445 3846 45210
45169 45056 72504 1 45211
45172 10573 70505 5603 45211
45171 23218 83578 6339 45211
45169 14782 75904 4716 45211
45163 20874 61166 1129 45211
45163 35605 82893 9585 45211
45168 39800 71112 424 45211
45171 11198 63522 1446 45211
45171 26353 84328 618 45211
45164 10480 77612 9429 45211
45170 24726 85658 1738 45211
45163 30159 60613 5867 45211
45165 16568 58509 8866 45211
45163 31879 76099 159 45211
45173 23583 73538 9574 45211
45168 13817 72209 2204 45211
45172 28483 66628 5844 45211
45163 42967 86289 6122 45211
45172 41771 67577 1031 45211
45168 9997 65241 1206 45211
45166 22631 76622 7109 45211
45163 21854 81567 3846 45210
45168 37833 76381 2986 45211
45173 30234 59770 4643 45211
45165 26224 75566 1534 45211
45172 21854 70083 3846 45210
45160 9866 84110 956 45211
45156 15878 62329 4325 45211
45160 28593 63491 8660 45211
45155 10261 56377 5547 45211
45158 43107 55337 7655 45211
45161 14563 70092 3340 45211
45161 10007 78910 7060 45211
45157 21854 74755 3846 45210
45156 30557 76775 4563 45211
45157 10956 81578 6480 45211
45157 33980 65292 8458 45211
45162 21854 66017 3846 45210
45162 43939 76517 7334 45211
45160 33573 70617 4348 45211
45161 28639 87071 1699 45211
45156 24742 68350 6473 45211
45160 39152 63753 7894 45211
45156 12419 86694 4129 45211
45155 23773 55020 1731 45211
45162 11434 77818 6979 45211
45162 37249 73631 5354 45211
45161 28308 86617 7692 45211
45162 34581 82603 4528 45211
45157 44298 59790 942 45211
45161 11594 65651 3953 45211
45162 42772 72274 2665 45211
45161 39992 69080 6613 45211
45156 44189 58187 5419 45211
45158 13668 59069 4001 45211
45162 23637 56111 8791 45211
45150 33675 67948 6654 45211
45154 41829 85479 5645 45211
45149 9992 67414 7916 45211
45148 28615 56955 8792 45211
45151 28012 63737 5035 45211
45154 10129 81319 3651 45211
45151 19514 86811 5958 45211
45153 29153 87168 5905 45211
45151 12944 58294 5256 45211
45149 14470 55967 3833 45211
45147 14132 56720 8855 45211
45154 35528 78660 8753 45211
45150 41763 58422 1898 45211
45148 22895 59985 3003 45211
45153 39364 75169 1853 45211
45151 21854 66210 3846 45210
45154 42449 75418 1827 45211
45152 37319 68588 5865 45211
45150 32232 55565 8917 45211
45151 29697 62158 2507 45211
45147 16169 58302 3221 45211
45153 34445 59116 4758 45211
45150 19092 76301 1029 45211
45153 41450 82437 1274 45211
45151 33265 75398 9284 45211
45152 21854 75084 3846 45210
45153 31188 59237 216 45211
45153 23585 76495 9304 45211
45153 21854 65804 3846 45210
45145 25626 84418 3002 45211
45146 31790 84009 1355 45211
45145 44877 75488 3511 45211
45137 32690 62973 6511 45211
45137 20243 84793 9681 45211
45144 23913 57192 2392 45211
45141 31624 58966 5838 45211
45137 21854 78903 3846 45210
45137 10833 70140 8056 45211
45144 39734 59391 4061 45211
45145 16486 87390 2890 45211
45144 12682 84942 1941 45211
45138 24622 71998 6835 45211
45144 35354 76639 2612 45211
45143 25583 62833 7849 45211
45140 23431 73385 6906 45211
45141 22400 73009 4294 45211
45137 22636 59792 8974 45211
45143 13697 57437 4102 45211
45138 40257 80021 2587 45211
45141 27803 77634 1092 45211
45138 34974 86809 53 45211
45138 38932 77576 3626 45211
45141 38312 59764 1050 45211
45137 22381 62182 8304 45211
45137 15303 63673 1340 45211
45145 28370 79816 6149 45211
45144 37745 81054 790 45211
45137 39703 84818 1770 45211
45140 18039 66176 2635 45211
45144 33188 63365 434 45211
45144 17683 73626 7637 45211
45145 44158 82186 7856 45211
45146 21854 68529 3846 45210
45139 15976 82156 2098 45211
45146 40706 68655 6802 45211
45137 17633 67973 108 45211
45140 25820 60141 9093 45211
45143 17037 74705 8278 45211
45144 20843 82889 1697 45211
45137 44953 75548 8998 45211
45143 36654 84818 8375 45211
45141 41555 73542 4174 45211
45143 26414 85094 5264 45211
45146 19650 61663 8062 45211
45138 21854 72450 3846 45210
45146 24873 85840 4770 45211
45139 39201 77670 9482 45211
45142 29829 62222 4234 45211
45145 17484 68155 4397 45211
45141 15264 71318 3502 45211
45139 33127 60287 2176 45211
45139 29872 74695 4826 45211
45146 15405 74595 9658 45211
45137 20487 65422 5052 45211
45141 14031 61230 9404 45211
45146 26642 85144 5879 45211
45138 35971 84725 8993 45211
45145 20776 75418 4401 45211
45142 40294 59310 5672 45211
45145 18738 82530 7500 45211
45201 31866 64904 4215 45211
45200 21854 71349 3846 45210
45205 29782 65758 7362 45211
45197 40448 59741 5641 45211
45202 16251 58829 9570 45211
45197 21854 83090 3846 45210
45204 40702 60787 7159 45211
45207 41061 63309 1323 45211
45207 45072 78200 7277 45211
45207 29538 66368 9295 45211
45206 15479 77907 5151 45211
45202 40688 63113 3022 45211
45199 21854 66149 3846 45210
45207 37609 85889 5003 45211
45202 24931 79520 7763 45211
45206 21854 66429 3846 45210
45203 26315 62999 8223 45211
45202 37519 59023 8979 45211
45205 42804 68518 2033 45211
45204 17743 72306 6228 45211
45200 23185 67685 3601 45211
45198 21854 74342 3846 45210
45201 43381 58318 6502 45211
45205 26270 71808 8583 45211
45200 17629 75438 7698 45211
45197 37960 60867 2250 45211
45207 21854 68890 3846 45210
45202 29919 64090 2717 45211
45204 24736 54721 7441 45211
45200 13876 87862 5031 45211
45200 39871 54732 3189 45211
45193 39376 79662 3261 45211
45189 41612 55016 2601 45211
45187 21854 65558 3846 45210
45192 21854 74500 3846 45210
45194 38974 63176 1733 45211
45191 21899 82202 512 45211
45194 18588 84109 527 45211
45190 27605 75673 8639 45211
45188 30940 76403 6626 45211
45193 9961 76774 4799 45211
45190 25513 55116 8458 45211
45191 44156 72073 5141 45211
45187 21017 68765 7069 45211
45187 34741 84754 6000 45211
45193 32748 85137 8341 45211
45190 21854 69784 3846 45210
45195 41219 83554 6113 45211
45186 21854 81291 3846 45210
45192 29664 69754 1805 45211
45195 32680 55440 4395 45211
45193 22653 74581 4947 45211
45191 24470 66344 5111 45211
45196 24303 71891 5756 45211
45187 11494 57977 6552 45211
45188 21854 74096 3846 45210
45189 16075 61165 2721 45211
45195 30314 57543 4869 45211
45189 44238 64712 8162 45211
45194 21854 81732 3846 45210
45190 24393 59541 7765 45211
45187 10847 65189 3377 45211
45195 40465 61000 7859 45211
45187 32943 57990 3745 45211
45176 21854 82958 3846 45210
45178 21854 69466 3846 45210
45183 33941 76216 483 45211
45184 11483 87400 919 45211
45180 15393 55889 4575 45211
45175 10382 77238 5259 45211
45175 21854 77645 3846 45210
45174 21854 67341 3846 45210
45177 21854 65444 3846 45210
45178 12750 67450 8004 45211
45180 15681 58264 7688 45211
45182 28534 64332 9306 45211
45185 14393 84841 3733 45211
45175 44552 62235 6974 45211
45183 24614 63606 6822 45211
45174 33869 80954 7248 45211
45180 30283 61610 8138 45211
45177 15195 64901 8498 45211
45180 15342 64898 1726 45211
45182 35814 84383 8533 45211
45181 21854 70842 3846 45210
45185 19989 57702 9321 45211
45172 32839 68730 7944 45211
45172 13635 57442 9083 45211
45173 36295 78826 6193 45211
45165 21854 77591 3846 45210
45169 37651 77241 8828 45211
45164 38035 56448 5460 45211
45169 28853 58424 6275 45211
45166 26944 71816 6249 45211
45172 38470 60715 644 45211
45165 39499 59625 1644 45211
45166 34075 75690 2870 45211
45163 38950 56084 1047 45211
45165 17533 87796 4617 45211
45164 36416 80431 9571 45211
45164 34178 60015 5551 45211
45172 22173 87621 3889 45211
45165 42932 73979 3319 45211
45173 44628 86322 9385 45211
45166 21854 65673 3846 45210
45169 10226 59670 5535 45211
45172 17124 72363 7382 45211
45163 29360 65684 8307 45211
45163 21854 81567 3846 45210
45165 27633 67798 2103 45211
45172 21854 70083 3846 45210
45156 21854 78426 3846 45210
45158 24007 86932 3587 45211
45158 11300 79231 226 45211
45155 24186 60739 7976 45211
45161 42156 60302 7722 45211
45158 16659 82062 1196 45211
45155 20106 77566 7948 45211
45161 31800 81923 5975 45211
45161 20303 64636 8031 45211
45155 14141 76922 6704 45211
45157 21854 74755 3846 45210
45155 31317 62099 9396 45211
45156 36117 64727 7306 45211
45160 28689 81907 9421 45211
45162 21854 66017 3846 45210
45160 29318 85635 6676 45211
45156 41917 66859 2493 45211
45158 37270 64529 6128 45211
45156 37850 65933 900 45211
45156 17261 71152 873 45211
45160 36992 67608 1460 45211
45155 44253 59613 9469 45211
45156 20893 60059 7923 45211
45157 33739 62429 3058 45211
45157 36322 75509 242 45211
45161 42773 69732 300 45211
45159 28151 59773 4553 45211
45161 24561 62691 2189 45211
45160 12645 82263 2844 45211
45155 39331 64400 3688 45211
45159 18514 56061 4851 45211
45158 33282 84140 2455 45211
45160 29510 76138 5009 45211
45161 13592 59479 8775 45211
45159 40152 58023 8475 45211
45155 28992 78476 30 45211
45161 38182 71965 8699 45211
45158 30702 62541 7363 45211
45162 17517 61871 9591 45211
45162 44304 56425 5606 45211
45153 10517 66601 6323 45211
45147 15058 74668 6160 45211
45153 35108 77099 5173 45211
45149 13559 67900 7098 45211
45150 34082 55120 269 45211
45148 31563 86435 421 45211
45153 16147 59437 863 45211
45149 26510 84616 1550 45211
45154 29628 57692 233 45211
45151 12093 78306 3535 45211
45152 18096 66979 3200 45211
45151 12101 62966 1424 45211
45152 13050 60257 46 45211
45149 23234 64504 4944 45211
45152 12422 77307 8506 45211
45151 21854 66210 3846 45210
45150 25710 78364 5163 45211
45150 23758 84888 471 45211
45149 26760 79335 2950 45211
45149 28391 65378 400 45211
45149 32562 78915 5224 45211
45147 39253 81907 4317 45211
45150 22650 62674 4749 45211
45149 19149 70897 4274 45211
45150 24769 66279 7642 45211
45148 42789 59459 9154 45211
45153 37215 65525 1471 45211
45149 23731 72378 3379 45211
45149 20047 57867 5491 45211
45151 36815 87602 363 45211
45152 21949 77969 5588 45211
45149 31443 56179 2569 45211
45147 25470 81316 9237 45211
45153 22110 71413 6892 45211
45147 32319 59163 9483 45211
45147 44049 68815 7776 45211
45150 15047 54828 3808 45211
45149 30016 57293 5063 45211
45148 31739 81814 6263 45211
45147 15951 67149 5745 45211
45149 39759 69534 460 45211
45152 21854 75084 3846 45211
45148 14780 67996 2834 45211
45152 32614 73829 1349 45211
45149 27153 72495 9168 45211
45154 29837 69343 5353 45211
45153 21854 65804 3846 45210
45140 37195 76689 3928 45211
45143 30032 57219 9159 45211
45142 10249 68461 6137 45211
45145 21872 65495 815 45211
45137 21854 78903 3846 45210
45141 32058 83889 9554 45211
45142 26020 59363 7211 45211
45145 33803 72461 4566 45211
45140 30185 60161 5351 45211
45140 29062 74936 9485 45211
45145 16665 67528 6086 45211
45140 35059 72267 6254 45211
45142 34131 76813 3709 45211
45145 42480 65307 6074 45211
45141 24513 85970 3895 45211
45139 13741 77176 4605 45211
45141 9942 65654 6636 45211
45138 25633 63597 9632 45211
45140 28539 81132 5707 45211
45146 12745 67235 6083 45211
45141 24922 63193 6017 45211
45146 21854 68529 3846 45210
45137 39692 55551 4160 45211
45140 10535 87157 1746 45211
45139 22774 62555 6228 45211
45142 23244 84023 2440 45211
45142 39997 57207 7906 45211
45139 23708 85393 7055 45211
45145 22447 63084 3236 45211
45143 27109 60170 5116 45211
45137 38686 65881 6495 45211
45146 17460 57797 4139 45211
45138 21854 72450 3846 45210
45146 24087 58733 7747 45211
45145 39329 83372 1796 45211
45140 30647 64925 7336 45211
45146 41512 57149 2278 45211
45140 11812 61028 1020 45211
45145 17905 55204 7976 45211
45141 21854 68395 3846 45210
45144 37666 84270 6396 45211
45137 36068 61644 965 45211
45142 11100 70052 8299 45211
45141 17759 70099 2115 45211
45146 28040 86178 8308 45211
45198 25965 63038 6686 45211
45199 36382 87552 20 45211
45200 21854 71349 3846 45211
45206 42495 71572 3828 45211
45197 21854 83090 3846 45210
45204 15306 55334 9198 45211
45204 35129 56370 2876 45211
45207 34321 83990 6935 45211
45198 34355 71457 5475 45211
45207 42232 75078 3782 45211
45199 21854 66149 3846 45210
45198 13119 58861 8979 45211
45206 21854 66429 3846 45210
45199 44187 62233 4403 45211
45200 12600 82814 6435 45211
45201 40251 64947 7407 45211
45202 21221 54663 526 45211
45197 45117 78585 8017 45211
45199 41305 85998 1668 45211
45198 21854 74342 3846 45210
45207 21854 68890 3846 45210
45204 37868 77743 5623 45211
45202 35239 61241 8158 45211
45200 42748 60315 4071 45211
45204 36739 71614 5814 45211
45187 21854 65558 3846 45210
45192 21854 74500 3846 45210
45190 31360 60150 9698 45211
45192 36360 81142 89 45211
45195 9712 74502 2923 45211
45192 32481 73530 4851 45211
45191 16681 71209 4130 45211
45190 20265 75190 425 45211
45192 13798 63691 5479 45211
45196 36039 67048 909 45211
45190 21854 69784 3846 45210
45196 39902 61135 1190 45211
45190 28994 55925 7659 45211
45194 27964 77823 7821 45211
45186 21854 81291 3846 45210
45192 11459 73336 5949 45211
45194 44672 74317 3358 45211
45189 36292 68457 7608 45211
45195 29420 80737 7667 45211
45187 38599 69307 5880 45211
45186 26044 61301 5379 45211
45188 21854 74096 3846 45210
45187 10891 61826 1817 45211
45192 11136 62170 7690 45211
45194 21854 81732 3846 45210
45193 16987 67437 9435 45211
45194 14575 81106 5892 45211
45176 21854 82958 3846 45210
45178 21854 69466 3846 45210
45183 39378 72394 506 45211
45179 17243 63842 1586 45211
45175 21854 77645 3846 45210
45174 21854 67341 3846 45210
45177 21854 65444 3846 45210
45185 30278 65173 1146 45211
45178 34601 76733 8564 45211
45183 34995 70947 8236 45211
45175 20987 64662 8159 45211
45176 10272 71681 5180 45211
45184 30824 71411 6455 45211
45174 28164 74044 894 45211
45179 43626 76371 8855 45211
45178 16085 65118 4493 45211
45177 20035 70263 4455 45211
45181 17088 65019 9688 45211
45178 18383 73728 6457 45211
45174 41687 72739 7835 45211
45175 18675 56397 7352 45211
45176 27848 60393 3342 45211
45175 18184 62473 2050 45211
45179 40755 84933 2563 45211
45183 13729 59137 4808 45211
45179 25689 61237 1929 45211
45180 13421 78539 7502 45211
45180 16503 81278 7966 45211
45178 24690 62852 2437 45211
45181 21854 70842 3846 45210
45178 10715 86636 1762 45211
45182 11912 56939 1445 45211
45170 26325 56578 5942 45211
45170 16895 84158 3701 45211
45165 21854 77591 3846 45210
45169 14612 56136 3211 45211
45171 21854 82445 3846 45210
45164 24133 60186 3449 45211
45171 41236 57630 588 45211
45168 38709 70913 3050 45211
45167 28748 84239 7026 45211
45169 38509 74129 3169 45211
45172 41729 76498 9470 45211
45169 16472 85677 260 45211
45171 28900 84123 9416 45211
45167 19775 87172 626 45211
45167 11375 66196 4181 45211
45166 21854 65673 3846 45210
45173 15305 60040 5308 45211
45173 15019 78227 8068 45211
45168 20327 82584 3824 45211
45172 9718 85819 6801 45211
45172 30111 76255 4079 45211
45173 42976 84214 2734 45211
45166 44749 58521 9281 45211
45163 36859 69832 6533 45211
45172 21854 70083 3846 45210
45155 30720 78316 5566 45211
45156 21854 78426 3846 45210
45159 33315 85424 6648 45211
45158 23436 59674 2507 45211
45160 27558 78231 4595 45211
45155 27485 74616 5522 45211
45157 21854 74755 3846 45210
45157 40909 68956 3872 45211
45162 21854 66017 3846 45210
45160 19395 77412 6920 45211
45155 15144 57046 4142 45211
45162 33223 55543 354 45211
45156 20105 58927 6644 45211
45157 23204 70528 4123 45211
45161 15015 80988 1540 45211
45162 20233 74171 8186 45211
45162 42084 78204 9435 45211
45157 23004 67860 1381 45211
45155 35434 80105 6191 45211
45155 33824 76657 1683 45211
45161 11183 62252 1309 45211
45159 19925 71706 3712 45211
45155 17123 75815 7601 45211
45157 21157 74037 5515 45211
45156 22825 60526 9119 45211
45162 37853 87196 2253 45211
45158 16838 57633 4297 45211
45157 22817 63298 857 45211
45155 29452 67651 3284 45211
45158 22630 83996 7578 45211
45157 40153 56938 1908 45211
45162 36723 54981 4682 45211
45156 15599 66167 6376 45211
45155 38099 56578 4807 45211
45158 43652 59424 9011 45211
45162 44795 86958 3591 45211
45160 26277 58227 2899 45211
45157 34682 66033 1424 45211
45147 20668 79186 9000 45211
45153 34885 80528 3547 45211
45149 36474 61605 4261 45211
45148 41616 59502 5037 45211
45153 31175 80542 1698 45211
45154 16704 62423 1364 45211
45148 19853 70301 2352 45211
45154 10310 74632 1923 45211
45147 32655 64255 5581 45211
45147 23641 58895 3062 45211
45147 39429 71759 3662 45211
45150 13461 63031 5229 45211
45149 17709 68668 9158 45211
45150 28285 82440 2054 45211
45149 14005 86064 3764 45211
45149 27769 81917 4775 45211
45153 35705 60728 551 45211
45147 11531 86768 7669 45211
45151 21854 66210 3846 45210
45152 31506 61530 8826 45211
45151 42390 87380 2205 45211
45154 24858 82466 9573 45211
45149 15562 82723 541 45211
45149 26997 58041 9117 45211
45149 27023 80962 4597 45211
45147 17473 83003 244 45211
45151 23075 62719 5302 45211
45147 38677 61540 9283 45211
45154 42234 56261 9457 45211
45147 35548 62337 3487 45211
45147 24425 63422 7195 45211
45147 45086 73707 547 45211
45150 16999 57449 9275 45211
45154 19435 80338 234 45211
45147 37180 68667 7725 45211
45147 20666 62084 1558 45211
45152 21854 75084 3846 45210
45152 23579 61076 2656 45211
45153 21854 65804 3846 45210
45146 36277 70260 1379 45211
45146 41980 57339 8984 45211
45146 37039 57599 6667 45211
45141 17734 60866 2586 45211
45137 21854 78903 3846 45210
45140 17795 61406 4500 45211
45137 29002 66449 4541 45211
45140 25807 56731 72 45211
45138 22195 80548 2174 45211
45142 42157 70137 9298 45211
45143 22344 72559 6078 45211
45138 16703 55323 2087 45211
45143 19646 56501 3284 45211
45141 32438 58360 9548 45211
45139 20978 64730 5471 45211
45139 27668 59926 1152 45211
45145 32171 73779 883 45211
45140 21962 83968 177 45211
45138 44627 87665 3447 45211
45138 16771 84669 4193 45211
45146 21854 68529 3846 45210
45144 21988 73574 8117 45211
45146 38748 79204 8378 45211
45145 42425 83800 4510 45211
45138 40565 78152 4563 45211
45146 41240 68383 3156 45211
45138 21117 87273 6199 45211
45137 10398 87224 7073 45211
45142 41243 61081 4455 45211
45143 29983 82170 9431 45211
45142 42856 78001 4500 45211
45146 27324 79552 2214 45211
45138 21854 72450 3846 45210
45142 40848 77371 7767 45211
45139 44979 82101 4186 45211
45144 21223 68151 4092 45211
45140 25053 57250 1924 45211
45140 11397 74511 6639 45211
45142 12909 73756 9217 45211
45146 42667 71357 4183 45211
45141 21854 68395 3846 45210
45146 40811 60110 7385 45211
45140 18680 64492 3646 45211
45141 21061 83760 2059 45211
45141 10092 72748 4348 45211
45138 17696 73581 3085 45211
45138 16437 56869 3120 45211
45146 33339 73215 1008 45211
45145 35946 81284 1490 45211
45142 26971 85917 5488 45211
45206 18422 76852 8229 45211
45201 10489 58201 4806 45211
45200 21854 71349 3846 45210
45197 39006 73695 7868 45211
45202 31078 61480 6257 45211
45197 21854 83090 3846 45210
45205 22136 68044 3204 45211
45203 27514 61845 9031 45211
45198 16028 59609 763 45211
45204 38163 68450 7014 45211
45204 11663 87478 7398 45211
45199 26083 61925 2324 45211
45198 30023 54632 9366 45211
45199 21854 66149 3846 45210
45206 21854 66429 3846 45210
45204 20797 81960 650 45211
45198 21854 74342 3846 45210
45207 21854 68890 3846 45210
45204 40266 57362 3897 45211
45202 36907 64735 4003 45211
45200 42190 70687 9227 45211
45203 29070 85904 8375 45211
45198 35439 67502 5321 45211
45205 24010 58668 8310 45211
45201 16833 84865 7613 45211
45207 25277 56789 659 45211
45206 24738 65829 2164 45211
45192 17335 70193 100 45211
45195 41852 69740 1277 45211
45187 21854 65558 3846 45210
45192 21854 74500 3846 45210
45188 35321 82682 6156 45211
45192 35953 58924 3938 45211
45189 23493 60219 4829 45211
45187 11310 57950 2574 45211
45196 17716 65807 8156 45211
45189 12251 58737 2646 45211
45190 40157 87812 2817 45211
45193 11821 81864 6533 45211
45193 34276 63704 2052 45211
45189 27865 87492 4142 45211
45190 21854 69784 3846 45210
45186 21854 81291 3846 45210
45187 22179 56959 5352 45211
45195 14690 82429 1530 45211
45194 26514 80346 4372 45211
45188 21854 74096 3846 45210
45193 43426 58921 8823 45211
45191 17237 75231 3927 45211
45190 20332 56805 5578 45211
45194 21854 81732 3846 45210
45188 34864 73530 1672 45211
45196 19769 57490 7772 45211
45193 39985 59579 8129 45211
45188 16001 87373 6702 45211
45176 21854 82958 3846 45210
45178 21854 69466 3846 45210
45179 30123 63886 5026 45211
45180 18045 79087 2368 45211
45175 21854 77645 3846 45210
45175 31414 85540 6816 45211
45179 32537 66729 1510 45211
45176 14793 64160 4732 45211
45174 21854 67341 3846 45210
45177 21854 65444 3846 45210
45180 10951 57721 6745 45211
45177 23119 83102 2367 45211
45175 22163 70500 5338 45211
45183 16166 75964 742 45211
45181 33897 64112 1950 45211
45175 34506 65964 2562 45211
45175 40282 70042 8336 45211
45179 19872 63889 5134 45211
45180 40568 59726 8529 45211
45182 33656 71041 9242 45211
45174 16580 83802 4037 45211
45184 20640 76965 1196 45211
45181 43073 66028 5535 45211
45184 16113 69205 5420 45211
45175 17884 86131 9361 45211
45177 36712 62265 6222 45211
45184 26107 80116 8054 45211
45175 11058 84756 6059 45211
45175 27574 79711 8726 45211
45183 25140 63173 6081 45211
45179 41578 68294 3620 45211
45182 41151 64808 6095 45211
45182 18724 71829 1757 45211
45176 22802 74966 2447 45211
45181 21854 70842 3846 45210
45174 10136 86545 4110 45211
45171 10748 60876 8217 45211
45166 17313 85748 1576 45211
45167 23504 60593 4322 45211
45163 22280 56359 7032 45211
45163 37426 81840 7969 45211
45165 21854 77591 3846 45210
45171 26557 71477 605 45211
45171 21854 82445 3846 45210
45171 41400 85777 3880 45211
45164 20172 58183 7258 45211
45168 11065 72279 8409 45211
45167 38085 62728 3974 45211
45172 41897 84039 6940 45211
45167 34253 63539 5989 45211
45168 38617 86921 6094 45211
45172 38752 81091 9188 45211
45170 29517 70004 3565 45211
45167 10024 85246 4181 45211
45166 21854 65673 3846 45210
45171 32806 79935 6201 45211
45168 42274 74344 3786 45211
45169 20899 60771 4696 45211
45173 44017 82604 4506 45211
45164 27922 78215 4466 45211
45165 35527 68036 3150 45211
45171 27372 71660 7201 45211
45164 17630 65146 6815 45211
45163 21854 81567 3846 45210
45163 14997 72284 6600 45211
45163 33307 76628 3713 45211
45166 38205 74618 6175 45211
45165 44247 70570 2908 45211
45171 13002 71788 5657 45211
45172 21854 70083 3846 45210
45156 21854 78426 3846 45210
45156 36457 56876 3020 45211
45162 23919 76494 436 45211
45162 23537 85683 3148 45211
45157 21854 74755 3846 45210
45155 44624 77245 8034 45211
45159 12918 82961 4505 45211
45157 43393 65626 1046 45211
45162 21854 66017 3846 45210
45161 29770 55179 4268 45211
45162 44691 74840 3011 45211
45162 34010 66271 1695 45211
45160 17653 76709 3243 45211
45161 17810 81076 6097 45211
45158 39454 67356 4379 45211
45161 15398 65155 5893 45211
45160 40976 83137 3589 45211
45155 20229 81460 6609 45211
45160 13766 62601 3793 45211
45161 33820 62173 5209 45211
45159 35351 82038 8292 45211
45156 42762 57591 3430 45211
45162 45085 64468 6151 45211
45158 11291 66719 6533 45211
45162 31107 83454 6897 45211
45161 13890 59658 1126 45211
45156 36502 61080 9029 45211
45158 19755 67962 2484 45211
45162 36659 64030 1583 45211
45162 30547 67394 7431 45211
45156 24741 59417 9664 45211
45158 19874 60314 8423 45211
45161 41855 87153 3363 45211
45156 32184 62210 2712 45211
45151 14249 61617 7859 45211
45149 14128 73448 606 45211
45154 23140 85132 8167 45211
45151 41099 78815 7108 45211
45150 35641 74601 6448 45211
45148 34095 64076 3336 45211
45149 32493 83369 9649 45211
45152 30561 75881 5668 45211
45147 31172 58963 5837 45211
45149 31398 56417 2189 45211
45148 37582 58892 3021 45211
45153 28817 87567 8889 45211
45147 12141 84451 5320 45211
45151 21854 66210 3846 45210
45152 42093 62383 3492 45211
45154 35832 71291 3111 45211
45150 31310 60444 8837 45211
45152 15362 84163 1981 45211
45151 32412 75689 9201 45211
45149 34261 73844 5198 45211
45147 23250 71287 4440 45211
45154 15602 54493 15 45211
45153 12782 75412 1098 45211
45150 38523 86951 4360 45211
45150 13234 86353 6015 45211
45147 29372 87674 1676 45211
45149 31554 83838 561 45211
45151 24615 78377 6635 45211
45153 32942 77616 2565 45211
45151 23416 65158 225 45211
45154 10860 69447 5352 45211
45147 42094 82777 2175 45211
45152 21854 75084 3846 45210
45150 36142 61574 4837 45211
45150 10148 72410 7717 45211
45153 21854 65804 3846 45210
45137 21854 78903 3846 45210
45137 28805 54740 4535 45211
45144 27533 85869 9631 45211
45145 29893 63000 7165 45211
45144 40261 60168 4451 45211
45144 37498 56603 7538 45211
45143 19264 70958 6340 45211
45137 32872 64189 2668 45211
45144 36544 86476 7078 45211
45137 14157 66130 9512 45211
45137 42159 72977 1662 45211
45146 15890 62286 1374 45211
45138 26698 55743 4668 45211
45140 38335 65585 597 45211
45139 22395 78952 3552 45211
45137 23032 83620 7820 45211
45143 37710 81556 7075 45211
45144 10954 80740 8812 45211
45141 37917 85215 2363 45211
45146 21854 68529 3846 45210
45141 35375 68062 5605 45211
45142 39674 60083 265 45211
45141 18061 83241 1589 45211
45141 15810 72706 7980 45211
45137 23531 80258 5906 45211
45146 20072 64550 7771 45211
45141 37518 64531 1342 45211
45146 21091 54799 1999 45211
45141 42534 54606 1191 45211
45138 21854 72450 3846 45210
45141 22137 58409 835 45211
45145 13155 79214 8496 45211
45138 31368 84408 6496 45211
45146 14755 77188 8934 45211
45145 20168 63313 7938 45211
45146 37497 83407 8843 45211
45141 21854 68395 3846 45210
45138 16506 59657 6390 45211
45140 20527 79521 625 45211
45138 21924 83682 3539 45211
45145 25230 59978 8333 45211
45140 26500 86002 815 45211
45140 33968 56600 4063 45211
45206 17449 54798 8267 45211
45205 38912 65808 3272 45211
45198 16719 82081 2562 45211
45205 30960 61207 1647 45211
45200 21854 71349 3846 45210
45206 14867 56407 8785 45211
45206 30950 69419 1085 45211
45204 29018 69504 4425 45211
45200 11787 66132 7203 45211
45203 37728 83575 3904 45211
45197 21854 83090 3846 45210
45207 24786 73963 8372 45211
45202 36450 58336 3032 45211
45200 37299 61263 631 45211
45205 11825 71067 1866 45211
45199 40222 65753 5454 45211
45199 14235 68329 7019 45211
45204 22720 62154 3330 45211
45204 31290 86019 8823 45211
45199 21854 66149 3846 45210
45203 31883 56530 2567 45211
45202 27857 63824 1261 45211
45202 29199 65110 5418 45211
45206 10074 61088 6314 45211
45207 25605 67072 6902 45211
45206 21854 66429 3846 45210
45200 39164 76486 3252 45211
45207 35559 84218 7214 45211
45206 19773 74445 4690 45211
45206 34514 55689 2340 45211
45203 12377 76892 1958 45211
45198 21854 74342 3846 45210
45207 21854 68890 3846 45210
45202 21088 74168 3634 45211
45199 15769 58311 2139 45211
45199 33234 59883 8578 45211
45197 19955 60028 6130 45211
45204 28677 65470 6677 45211
45191 19007 58293 3072 45211
45194 37950 81128 5667 45211
45195 15117 74660 1229 45211
45187 21854 65558 3846 45210
45192 21854 74500 3846 45210
45193 21923 73865 5489 45211
45187 20836 54769 1263 45211
45189 11204 67124 9121 45211
45189 23756 58938 4740 45211
45189 42661 55758 327 45211
45188 20616 85075 2779 45211
45192 16292 74298 2344 45211
45190 21854 69784 3846 45210
45186 44162 76076 7292 45211
45194 25969 79130 3058 45211
45192 10777 59330 3141 45211
45196 34448 84016 1759 45211
45194 20422 86280 614 45211
45186 21854 81291 3846 45210
45195 30010 84225 5126 45211
45192 24410 66484 7472 45211
45195 36595 56377 7838 45211
45194 39263 84214 217 45211
45187 36472 76938 8652 45211
45191 10515 86341 3556 45211
45192 16331 61724 9438 45211
45191 21996 76872 6276 45211
45192 14829 72029 4515 45211
45194 21854 81732 3846 45210
45189 39837 85359 3019 45211
45193 19880 77458 8804 45211
45187 40869 65000 7218 45211
45176 21854 82958 3846 45210
45178 21854 69466 3846 45210
45175 21854 77645 3846 45210
45183 34853 60093 7168 45211
45174 21854 67341 3846 45210
45177 21854 65444 3846 45210
45185 22159 68066 1892 45211
45177 23728 56510 3112 45211
45181 25851 86900 2252 45211
45179 39568 62002 5263 45211
45182 11820 68239 8221 45211
45181 32337 73792 1337 45211
45179 43139 69955 9653 45211
45177 40590 84707 4121 45211
45176 31245 68527 1935 45211
45183 12615 66427 9606 45211
45184 20299 63532 7185 45211
45183 31524 64980 4624 45211
45183 14314 70328 3359 45211
45177 41537 66261 4059 45211
45181 41197 72055 9142 45211
45182 34827 80376 4393 45211
45185 18955 61278 6960 45211
45182 28119 56643 3619 45211
45185 28694 79907 3639 45211
45177 34291 69806 5465 45211
45179 10262 57711 5559 45211
45182 13562 60527 3752 45211
45177 24487 64224 8832 45211
45182 42282 78670 2899 45211
45184 22000 81659 2211 45211
45181 21854 70842 3846 45210
45173 29891 61292 1260 45211
45170 31077 74645 573 45211
45171 35145 72274 3511 45211
45165 21854 77591 3846 45210
45170 12978 67051 7573 45211
45167 21249 64310 2988 45211
45171 32903 65919 4658 45211
45165 24752 68644 8490 45211
45165 24400 65496 6968 45211
45171 21854 82445 3846 45210
45166 40496 78638 1895 45211
45165 17457 76812 8047 45211
45172 30709 84312 2997 45211
45170 10958 59527 6230 45211
45167 18509 64105 5749 45211
45168 31855 75203 6387 45211
45167 15772 81121 4638 45211
45168 35964 85444 2424 45211
45169 16081 57036 3353 45211
45167 24031 75011 686 45211
45173 36568 64749 8072 45211
45163 21854 81567 3846 45210
45170 30652 63965 2479 45211
45172 21854 70083 3846 45210
45157 30038 70890 6536 45211
45162 43790 85114 6131 45211
45156 21854 78426 3846 45210
45157 37229 83264 1897 45211
45159 31783 80053 7736 45211
45161 44417 57734 1213 45211
45162 39448 72576 913 45211
45158 36453 60316 9605 45211
45159 12594 63851 6477 45211
45161 31285 64389 9108 45211
45159 13305 87076 5593 45211
45157 21854 74755 3846 45210
45162 12514 59161 531 45211
45155 35602 76397 8222 45211
45162 21854 66017 3846 45210
45162 16654 62634 866 45211
45161 25524 67372 4844 45211
45158 24452 85014 4475 45211
45156 40879 78578 7762 45211
45159 36905 59748 8467 45211
45159 23968 74986 4239 45211
45159 44201 63938 14 45211
45160 38586 58661 9398 45211
45156 28502 70726 8842 45211
45159 13370 84173 3074 45211
45158 14264 78272 8424 45211
45158 39275 55223 1116 45211
45159 41502 63985 9355 45211
45160 35119 77466 8599 45211
45160 28132 61826 7026 45211
45162 23535 61965 8984 45211
45162 14902 76392 7451 45211
45158 17252 86372 7842 45211
45155 25330 87501 8286 45211
45156 12770 79282 9349 45211
45159 41119 62779 2158 45211
45162 39776 75103 5752 45211
45157 36864 59464 1656 45211
45153 29669 76117 7387 45211
45154 17409 83684 1599 45211
45150 28225 84916 6422 45211
45148 41484 62985 7566 45211
45154 23572 68782 2758 45211
45152 37425 62048 1365 45211
45150 28217 76125 5652 45211
45149 36587 79434 1990 45211
45148 27053 64324 7122 45211
45151 32751 60128 4273 45211
45151 21854 66210 3846 45210
45150 21933 60825 6450 45211
45153 38819 78129 6876 45211
45151 30268 56386 6597 45211
45153 11008 62882 3839 45211
45154 39629 64772 4136 45211
45150 39323 56598 7166 45211
45151 32021 55736 2447 45211
45154 26417 54840 5265 45211
45148 10037 68552 5182 45211
45148 25084 62788 4940 45211
45152 35183 71830 949 45211
45149 29530 85643 8825 45211
45154 36465 74830 5006 45211
45152 32148 72218 1346 45211
45150 23643 61059 1784 45211
45154 12023 77703 9387 45211
45152 27623 60722 8818 45211
45149 10537 62272 7664 45211
45152 21854 75084 3846 45210
45151 17604 61534 859 45211
45154 9778 57064 7390 45211
45148 16179 69552 5047 45211
45147 19647 60550 7873 45211
45153 21854 65804 3846 45210
45148 13108 85689 6291 45211
45148 16334 57204 2117 45211
45139 10663 59597 45 45211
45138 10503 71609 4776 45211
45140 23179 84063 3650 45211
45137 15963 75992 3499 45211
45138 19412 65635 3939 45211
45137 21854 78903 3846 45210
45141 20351 65738 6738 45211
45138 18428 83066 10 45211
45139 21074 56814 1670 45211
45142 23514 71295 3547 45211
45146 30163 71715 5533 45211
45145 35526 83224 4886 45211
45140 34612 58265 7201 45211
45138 12040 80292 94 45211
45138 20896 64584 426 45211
45139 32821 61471 5690 45211
45146 24195 56797 4729 45211
45140 33126 72078 8076 45211
45143 22731 74233 1530 45211
45146 26140 59082 8808 45211
45146 21854 68529 3846 45210
45144 11000 69370 9332 45211
45142 33502 74755 4219 45211
45139 11871 69823 242 45211
45146 25238 84357 9280 45211
45142 41434 83040 7302 45211
45144 30418 57007 4695 45211
45144 33631 82859 8934 45211
45138 21854 72450 3846 45210
45144 19169 65505 2790 45211
45141 29250 85208 6675 45211
45139 20933 59066 5494 45211
45142 17301 81144 629 45211
45140 19228 87103 5812 45211
45139 43738 61913 503 45211
45144 32604 58138 3325 45211
45143 22866 77043 1742 45211
45145 32279 74704 3142 45211
45141 21854 68395 3846 45210
45146 38311 79010 1253 45211
45139 12572 66178 3208 45211
45144 15191 64369 2613 45211
45138 12783 64069 7811 45211
45143 11914 63523 3454 45211
45201 11995 70347 6771 45211
45200 38869 58680 4669 45211
45203 39741 61157 7967 45211
45200 21854 71349 3846 45210
45201 28052 70318 1542 45211
45200 29996 79994 5098 45211
45197 21854 83090 3846 45210
45203 15188 56146 2212 45211
45199 37875 63242 1546 45211
45207 31627 74514 7038 45211
45201 38437 68471 9570 45211
45204 12842 70222 9410 45211
45197 40299 77413 4735 45211
45205 26065 67899 638 45211
45205 31295 71504 2210 45211
45204 22807 78893 750 45211
45199 21854 66149 3846 45210
45200 40478 83656 3757 45211
45197 41176 67856 8363 45211
45198 25184 57725 8750 45211
45205 26051 64066 2248 45211
45206 21854 66429 3846 45210
45200 12922 75204 164 45211
45201 24907 78181 2824 45211
45198 35176 58363 2430 45211
45199 33815 83412 1329 45211
45198 21854 74342 3846 45210
45207 21854 68890 3846 45210
45205 17095 70598 449 45211
45197 25306 80180 2374 45211
45200 39888 61601 7442 45211
45187 21854 65558 3846 45210
45192 21854 74500 3846 45210
45191 35808 66479 184 45211
45195 10375 64050 5519 45211
45193 15093 62667 1376 45211
45194 22595 84398 8598 45211
45193 16287 57998 1231 45211
45190 26892 63848 9207 45211
45190 21854 69784 3846 45210
45193 15051 80144 6756 45211
45188 35554 87466 2193 45211
45186 21854 81291 3846 45210
45196 29350 84485 4795 45211
45189 29632 81898 7416 45211
45195 43401 87887 3889 45211
45188 15246 57650 6191 45211
45192 45099 69195 7670 45211
45195 39526 74419 1242 45211
45188 21854 74096 3846 45210
45194 21854 81732 3846 45210
45193 30787 81506 9142 45211
45186 20074 66677 568 45211
45178 21919 61274 1622 45211
45181 43391 63295 8975 45211
45175 19756 70747 8535 45211
45175 25060 80805 4105 45211
45174 22932 58809 1180 45211
45176 21854 82958 3846 45210
45178 21854 69466 3846 45210
45175 21854 77645 3846 45211
45183 11568 81733 8717 45211
45180 13455 77887 5061 45211
45174 21854 67341 3846 45210
45181 44293 79769 2146 45211
45177 14394 79257 9553 45211
45184 28233 80228 169 45211
45177 33332 75317 8026 45211
45180 35690 69527 1894 45211
45177 21854 65444 3846 45210
45182 27885 76682 7691 45211
45183 16789 77426 9530 45211
45175 15167 79607 6522 45211
45183 19866 61938 8126 45211
45184 43376 87639 3381 45211
45180 24170 65445 9366 45211
45185 19706 86134 903 45211
45177 21850 57066 6041 45211
45175 22322 85368 8621 45211
45183 29642 74517 8767 45211
45182 23155 83241 5553 45211
45180 40734 66567 468 45211
45174 33109 58272 6523 45211
45182 27995 63895 1693 45211
45180 40019 80082 6381 45211
45180 10238 75812 4657 45211
45174 26793 59168 8027 45211
45185 17262 83538 3738 45211
45175 21024 80679 1559 45211
45184 36616 82282 713 45211
45174 32569 77564 5415 45211
45178 24998 72286 5640 45211
45181 21854 70842 3846 45210
