45184 25070 74285 1298 45210
45189 21440 75507 1298 45210
45189 21676 69212 1298 45210
45162 21440 71838 1298 45210
45169 21784 69651 1298 45210
45145 21672 70274 1298 45210
45184 25070 74247 1298 45210
45180 25082 71334 1298 45210
45141 21778 77104 1298 45210
45169 25082 76426 1298 45210
45167 21727 74695 1298 45210
45204 25082 77394 1298 45210
45189 21440 75353 1298 45210
45182 21782 65634 1298 45210
45144 25070 75686 1298 45210
45140 25082 82698 1298 45210
45145 21656 66589 1298 45210
45182 21773 80676 1298 45210
45193 21778 72256 1298 45210
45189 21440 75626 1298 45210
45144 25082 73279 1298 45210
45183 21773 80141 1298 45210
45205 21666 72580 1298 45210
45206 25070 68534 1298 45210
45206 21672 74691 1298 45210
45189 21672 68502 1298 45210
45189 21672 68548 1298 45210
45178 21773 68344 1298 45210
45159 21720 78300 1298 45210
45206 21727 80788 1298 45210
45189 21672 68511 1298 45210
45149 21720 85172 1298 45211
45138 21614 86947 1298 45211
45188 21773 80352 1298 45211
45183 21440 75319 1298 45211
45168 21784 60092 1298 45211
45162 21440 82576 1298 45211
45152 21672 78921 1298 45211
45152 21672 78922 1298 45211
45152 21614 76827 1298 45211
45152 21614 76828 1298 45211
45145 21720 71813 1298 45211
45137 25082 70477 1298 45211
45140 21614 66619 1298 45211
45179 21778 59804 1298 45211
45179 21784 81034 1298 45211
45184 25082 56783 1298 45211
45171 21782 84096 1298 45211
45149 21440 84911 1298 45211
45142 21784 65950 1298 45211
45145 21656 79967 1298 45211
45144 21778 61148 1298 45211
45205 21440 75717 1298 45211
45188 21782 63047 1298 45211
45180 21614 79702 1298 45211
45167 21784 87897 1298 45211
45157 21440 84934 1298 45211
45150 21778 84751 1298 45211
45140 25082 84528 1298 45211
45205 21440 60049 1298 45211
45192 21656 73802 1298 45211
45189 21440 82417 1298 45211
45195 21614 76842 1298 45211
45172 21536 68282 1298 45210
45172 21536 68284 1298 45210
45162 21440 71877 1298 45211
45162 21440 71878 1298 45211
45152 21782 66953 1298 45211
45144 25070 74353 1298 45211
45145 21672 59033 1298 45211
45193 21782 86712 1298 45211
45178 21773 74712 1298 45211
45183 21543 76802 1298 45211
45151 21778 55229 1298 45211
45189 21672 63153 1298 45211
45176 21720 67601 1298 45211
45165 21773 87900 1298 45211
45138 21749 59607 1298 45211
45141 21778 86691 1298 45211
45204 25082 87848 1298 45211
45205 21440 85380 1298 45211
45206 21672 70923 1298 45211
45187 21782 61134 1298 45211
45186 21784 71997 1298 45211
45179 25070 58102 1298 45211
45176 21782 69857 1298 45211
45169 25082 54503 1298 45211
45153 21782 62954 1298 45211
45153 21784 72559 1298 45211
45201 21543 56702 1298 45211
45200 25070 85274 1298 45211
45203 21614 87424 1298 45211
45187 21773 71767 1298 45211
45191 21596 59101 1298 45211
45185 21440 64413 1298 45211
45180 21749 56819 1298 45211
45165 21672 63708 1298 45211
45162 21656 82720 1298 45211
45142 21536 59379 1298 45211
45137 21720 84821 1298 45211
45143 21536 73469 1298 45211
45165 21749 78828 1298 45211
45173 21536 84204 1298 45211
45168 21749 61034 1298 45211
45147 25070 67035 1298 45211
45153 21778 71732 1298 45211
45143 21720 75754 1298 45211
45198 21727 73818 1298 45211
45197 21727 59903 1298 45211
45206 25070 66012 1298 45211
45197 25082 73327 1298 45211
45185 21440 77826 1298 45210
45185 21440 77828 1298 45210
45181 21656 68035 1298 45211
45181 21656 68037 1298 45211
45161 25082 72920 1298 45211
45159 21720 60746 1298 45211
45156 21773 83815 1298 45211
45153 21656 62605 1298 45211
45141 21614 60286 1298 45211
45145 21672 85654 1298 45211
45145 21727 67927 1298 45211
45145 21749 85426 1298 45211
45187 25070 82109 1298 45211
45187 25070 82110 1298 45211
45187 21782 75671 1298 45211
45187 21782 75673 1298 45211
45182 21773 85317 1298 45211
45182 21614 74961 1298 45211
45170 25082 78642 1298 45210
45152 21614 86901 1298 45211
45201 25070 58383 1298 45211
45206 21727 68064 1298 45211
45189 21676 62884 1298 45211
45194 21672 84616 1298 45211
45181 21602 78336 1298 45211
45172 21536 68368 1298 45211
45172 21536 68369 1298 45211
45170 21672 59261 1298 45211
45153 21782 83415 1298 45211
45153 21782 83416 1298 45211
45153 21784 66089 1298 45211
45153 21784 66091 1298 45211
45152 25070 66660 1298 45211
45153 21778 75302 1298 45211
45153 21778 75304 1298 45211
45149 21706 68019 1298 45211
45153 21672 71276 1298 45211
45149 21717 60239 1298 45211
45201 21727 82499 1298 45211
45204 25082 83640 1298 45211
45185 21440 77962 1298 45211
45150 21440 61262 1298 45211
45139 21672 60935 1298 45211
45140 21720 86084 1298 45211
45146 21536 57157 1298 45211
45206 21672 70398 1298 45211
45206 21672 74715 1298 45211
45206 21672 74716 1298 45211
45206 25070 68574 1298 45211
45206 25070 68575 1298 45211
45191 21602 73916 1298 45211
45194 21596 56166 1298 45211
45192 25070 64592 1298 45211
45184 21773 69913 1298 45211
45183 21773 81625 1298 45211
45178 21727 72604 1298 45211
45165 25070 70309 1298 45211
45164 21676 71186 1298 45211
45161 25082 68269 1298 45210
45155 21706 87082 1298 45211
45157 21676 87089 1298 45211
45148 21666 62024 1298 45211
45145 21676 63791 1298 45211
45206 21727 80799 1298 45211
45206 21727 80801 1298 45211
45199 25082 69050 1298 45211
45193 21660 58736 1298 45211
45190 21706 65745 1298 45211
45165 21596 74255 1298 45211
45167 21727 73763 1298 45211
45169 21749 77813 1298 45211
45169 21666 83137 1298 45211
45158 25070 72153 1298 45211
45162 21602 79090 1298 45211
45155 21834 55680 1298 45211
45141 21676 77733 1298 45211
45206 21717 66889 1298 45211
45177 21656 83240 1298 45211
45162 18343 61305 3584 45211
45162 34598 75884 3388 45211
45151 44165 67631 4122 45211
45152 33446 69906 2917 45211
45152 20052 78010 9015 45211
45153 35974 62188 8643 45211
45141 10586 84205 8843 45211
45143 29251 77569 9123 45211
45144 22398 66891 3114 45211
45141 33952 60475 4612 45211
45138 17033 80428 8606 45211
45142 22665 55402 7024 45211
45137 9891 83903 4592 45211
45137 35177 68365 6358 45211
45138 41213 57201 7389 45211
45199 39606 56458 374 45211
45203 26590 78217 5595 45211
45205 9768 86134 4884 45211
45204 12210 73814 7066 45211
45203 39283 83941 7912 45211
45205 15811 55380 6894 45211
45206 28654 66966 5828 45211
45197 24898 72220 2847 45211
45207 20669 73100 4140 45211
45197 22840 83694 3407 45211
45202 39770 77053 1698 45211
45200 19179 86876 7142 45211
45199 21352 63330 1470 45211
45207 39655 75047 737 45211
45191 27368 83432 6143 45211
45189 14198 62447 9445 45211
45186 30537 61083 6364 45211
45193 29734 82366 4318 45211
45192 30973 66654 6376 45211
45189 10448 66893 6029 45211
45192 24363 57546 394 45211
45188 28552 55530 7759 45211
45187 9871 63192 4448 45211
45193 23854 58934 2027 45211
45191 35863 69088 8176 45211
45187 32012 74396 9412 45211
45186 9860 62409 8430 45211
45186 38858 84474 9624 45211
45196 21276 58089 120 45211
45188 32738 78378 2268 45211
45193 32146 84267 5297 45211
45186 13757 59061 4515 45211
45191 16966 70921 6639 45211
45175 22768 60496 5200 45211
45185 27329 71754 5304 45211
45184 32384 65092 2588 45211
45175 13519 55773 1557 45211
45180 16982 82394 9041 45211
45184 43562 70861 5890 45211
45174 14489 78221 962 45211
45176 31650 58752 8800 45211
45182 44468 71534 9446 45211
45180 18666 56218 519 45211
45181 27555 67192 8447 45211
45182 34083 83506 550 45211
45176 23262 80558 727 45211
45185 19581 72621 5942 45211
45175 11774 82401 7883 45211
45183 26360 72764 6192 45211
45175 43868 69229 7749 45211
45174 26993 69783 5781 45211
45185 34552 68927 7810 45211
45173 11264 86634 5228 45211
45167 13506 86482 5980 45211
45172 40971 74349 3824 45211
45165 32325 73713 9193 45211
45172 24105 62868 3737 45211
45173 20203 61072 5907 45211
45169 41455 82223 8108 45211
45172 28936 75122 2721 45211
45169 41928 63708 5272 45211
45168 33462 78801 2699 45211
45173 27686 67589 3545 45211
45173 43322 72473 3527 45211
45169 42666 87409 3380 45211
45173 20290 58935 4601 45211
45171 21228 84580 2712 45211
45170 33740 77386 7802 45211
45163 44490 59880 2228 45211
45170 20318 57783 2132 45211
45155 30175 61177 4829 45211
45160 36827 70744 8040 45211
45162 16694 75001 4467 45211
45160 32036 81527 5501 45211
45155 41589 62554 1720 45211
45156 18968 62888 4811 45211
45157 21313 81329 3747 45211
45156 39764 70615 1220 45211
45162 23990 83396 1404 45211
45157 30435 63421 6183 45211
45156 39055 56449 242 45211
45159 39708 82706 6840 45211
45155 15099 59443 4344 45211
45157 14638 73915 3918 45211
45159 38563 57274 8467 45211
45160 43899 55771 7164 45211
45159 15255 82049 6016 45211
45162 24331 62604 1707 45211
45160 24886 73888 7809 45211
45158 27360 84262 2403 45211
45160 41774 72866 1564 45211
45156 13438 69202 1324 45211
45161 19187 61091 9072 45211
45156 39134 61275 421 45211
45159 36994 62030 663 45211
45159 44687 83642 6152 45211
45159 32707 86717 6293 45211
45161 41000 82307 5749 45211
45158 25020 86161 3762 45211
45159 24132 60880 2261 45211
45156 29030 72169 8327 45211
45156 19200 68497 4627 45211
45150 14237 86113 9273 45211
45147 19714 60604 786 45211
45151 26558 56114 6283 45211
45151 31701 71535 499 45211
45148 37924 72316 9049 45211
45151 31551 68629 3352 45211
45154 40313 55513 9022 45211
45152 23121 85019 5379 45211
45154 13408 82169 5118 45211
45150 13565 80832 2856 45211
45151 15215 72128 8820 45211
45151 36852 80691 4531 45211
45147 15086 84188 3757 45211
45154 27430 66403 197 45211
45148 34073 58248 1087 45211
45153 23430 82552 7837 45211
45153 31277 55022 5829 45211
45150 14639 86883 1594 45211
45154 11554 63102 4753 45211
45152 12644 62498 6204 45211
45147 39688 67411 8527 45211
45147 22327 72617 3894 45211
45148 26908 68989 5160 45211
45154 22062 58782 5399 45211
45150 38743 56752 7588 45211
45149 34037 58916 724 45211
45149 33689 63178 1080 45211
45153 35929 86608 2746 45211
45153 31313 59374 3779 45211
45152 37020 87475 2335 45211
45149 28148 73885 1715 45211
45152 17511 74104 1525 45211
45151 24976 58641 5121 45211
45151 34971 56868 5851 45211
45152 10049 66457 93 45211
45154 26254 59473 3615 45211
45151 40628 58915 1955 45211
45149 33142 86808 9315 45211
45154 12595 75034 3469 45211
45153 39239 71377 1465 45211
45147 12162 85553 5661 45211
45152 40712 85238 5871 45211
45137 19772 77728 579 45211
45146 15604 64941 8543 45211
45140 11257 72647 9266 45211
45144 25574 69235 5746 45211
45138 12691 60671 7958 45211
45142 32513 56112 5015 45211
45145 35361 75059 1598 45211
45139 32143 78476 1297 45211
45141 14521 78546 3666 45211
45140 43894 58161 8901 45211
45144 21317 75451 3434 45211
45142 40974 59815 9469 45211
45140 10723 74310 2426 45211
45145 35115 79615 4764 45211
45141 33053 74357 6401 45211
45143 25690 84554 5767 45211
45143 17431 57690 2725 45211
45146 19360 73420 7678 45211
45138 28360 84295 7116 45211
45139 24912 83288 7502 45211
45140 32898 62476 1421 45211
45137 35582 59920 8588 45211
45142 40254 60594 9348 45211
45138 20638 74950 7981 45211
45143 41418 77409 2682 45211
45142 28448 70414 8526 45211
45141 10965 78791 2434 45211
45145 10217 65666 4867 45211
45141 38690 59498 7162 45211
45139 13818 77226 2847 45211
45145 35503 56725 9634 45211
45145 43489 74957 447 45211
45146 36944 56903 1830 45211
45145 30983 59909 1238 45211
45144 42728 84754 700 45211
45141 22712 75482 5431 45211
45145 34640 86209 3131 45211
45146 37878 69260 8 45211
45143 30374 66051 7436 45211
45137 33548 81250 7572 45211
45140 42723 62570 6042 45211
45139 11060 75956 418 45211
45145 9910 60652 5485 45211
45142 19805 83545 4124 45211
45144 43082 61642 9659 45211
45143 30672 74810 4386 45211
45141 34667 60677 7849 45211
45144 12841 79251 645 45211
45143 17232 82180 8970 45211
45143 34407 75635 6692 45211
45146 27417 72098 753 45211
45203 33726 75604 3195 45211
45203 22821 61582 5961 45211
45207 28982 57612 4332 45211
45207 19883 68073 1187 45211
45200 11411 55920 3222 45211
45198 30704 87062 3421 45211
45207 17338 85935 9389 45211
45207 22845 82391 2256 45211
45199 41117 81933 4149 45211
45202 23458 87521 8062 45211
45202 11407 74190 6260 45211
45202 25936 85994 6593 45211
45202 10025 62254 7824 45211
45206 24811 80041 4145 45211
45200 44010 55074 3897 45211
45199 16029 55211 3546 45211
45197 22964 82140 5104 45211
45202 25641 87238 916 45211
45207 41930 77799 3585 45211
45206 19409 72037 603 45211
45207 11441 63202 1698 45211
45197 26913 68419 3699 45211
45207 41289 56910 3207 45211
45203 17166 83316 2123 45211
45204 34641 74331 7212 45211
45189 29143 78272 3563 45211
45188 12929 60530 2474 45211
45194 17846 56108 2473 45211
45189 20973 58679 3625 45211
45191 41768 66845 6354 45211
45196 27315 82185 1868 45211
45193 12426 56844 5718 45211
45189 32408 85133 438 45211
45194 19907 63325 8345 45211
45186 18974 66297 4311 45211
45188 33225 74185 5294 45211
45189 14370 66546 7141 45211
45194 26646 82356 8191 45211
45193 39435 69668 5562 45211
45188 43415 65274 3280 45211
45189 37148 73073 8088 45211
45194 10116 57943 4771 45211
45196 11145 69571 7394 45211
45189 14422 64330 7369 45211
45193 38747 77626 6476 45211
45188 38530 64653 1220 45211
45176 34890 81529 4899 45211
45184 26992 67859 6336 45211
45177 14474 58979 6350 45211
45175 43514 80919 3096 45211
45182 34056 67997 1757 45211
45176 22114 87086 6005 45211
45176 44693 80550 5488 45211
45179 32411 59570 599 45211
45182 35975 76544 5263 45211
45176 25653 80552 7568 45211
45180 25231 56055 7794 45211
45182 23502 56830 1662 45211
45179 14507 79518 2589 45211
45174 20512 56415 7093 45211
45182 25103 61552 2887 45211
45180 16366 65386 5518 45211
45184 43111 82925 7281 45211
45175 31073 65751 5642 45211
45182 43363 85833 3966 45211
45166 16671 81645 284 45211
45173 24962 55923 3387 45211
45166 39976 59291 4540 45211
45166 17044 55298 8074 45211
45165 42348 64289 5261 45211
45166 35159 80443 822 45211
45173 42463 85101 559 45211
45172 34878 71057 9244 45211
45163 11721 66036 3569 45211
45167 14131 59185 8214 45211
45166 26169 75682 7518 45211
45163 26283 78968 837 45211
45173 12469 79703 792 45211
45168 36962 59054 2257 45211
45167 15738 84598 4966 45211
45167 13529 83113 5206 45211
45168 44523 63661 7878 45211
45155 11923 58765 5713 45211
45159 28108 54738 1224 45211
45159 37536 69630 6273 45211
45160 11546 69455 414 45211
45157 15651 85522 5253 45211
45161 45058 81934 6296 45211
45161 41264 58931 4112 45211
45155 12097 76204 655 45211
45158 22158 56543 7375 45211
45157 43049 62497 6177 45211
45159 27487 70110 7135 45211
45161 38881 58586 8622 45211
45158 39522 85492 2475 45211
45157 30429 83753 2942 45211
45162 18853 62487 897 45211
45159 27760 56553 3218 45211
45158 11522 63782 8035 45211
45159 23239 79147 6590 45211
45158 18307 64234 9522 45211
45156 12753 55999 4328 45211
45158 40710 85184 46 45211
45162 31040 76462 1606 45211
45155 35784 82030 9358 45211
45159 41658 79352 7636 45211
45162 28127 74099 3326 45211
45160 27816 56966 9205 45211
45161 35707 71719 6726 45211
45159 21103 77143 6389 45211
45155 44432 87885 8413 45211
45156 21337 66954 7199 45211
45157 28824 65999 570 45211
45155 27218 56780 9569 45211
45158 29222 81606 8985 45211
45157 18136 83433 3388 45211
45155 41148 73055 6653 45211
45155 35037 84573 8473 45211
45147 21898 85302 1610 45211
45151 22067 87499 1234 45211
45154 38833 85566 5071 45211
45147 30716 80045 8605 45211
45150 44431 55418 2610 45211
45152 36310 81630 2085 45211
45151 13487 73216 763 45211
45147 20480 73105 7201 45211
45153 36966 67210 4236 45211
45154 19368 61804 2319 45211
45154 22571 55730 4106 45211
45152 30773 69746 9169 45211
45154 44083 83561 6091 45211
45154 19785 81733 2737 45211
45150 27346 56656 9689 45211
45152 19284 54863 7537 45211
45154 30231 61711 3062 45211
45154 36796 75469 4601 45211
45148 29799 75114 3250 45211
45151 22120 56446 6616 45211
45154 45049 87013 4991 45211
45147 13779 59067 6900 45211
45152 11767 61863 2518 45211
45147 38853 56785 3754 45211
45149 33989 73718 5291 45211
45154 43405 76738 6290 45211
45151 41812 81888 6442 45211
45151 10362 67872 1289 45211
45151 44752 62067 9631 45211
45153 18111 54590 5930 45211
45153 22819 58647 7457 45211
45144 15560 84415 9586 45211
45141 10067 62606 9006 45211
45138 23828 70910 8181 45211
45146 17605 57219 8482 45211
45140 42070 62048 7971 45211
45146 42645 66190 6470 45211
45142 29090 56121 317 45211
45142 17649 54768 1800 45211
45143 10183 60171 3879 45211
45144 15421 83343 4960 45211
45146 27700 69122 9213 45211
45139 36898 55196 7659 45211
45142 21057 70494 6892 45211
45146 35036 74415 49 45211
45140 38758 72462 3171 45211
45141 13225 57160 4910 45211
45137 22208 59942 6540 45211
45137 31363 64464 1700 45211
45138 18856 75423 6750 45211
45138 36286 62827 9616 45211
45142 14073 67867 9115 45211
45146 30103 71460 6820 45211
45146 42823 62723 8057 45211
45138 11309 62743 2489 45211
45143 42635 80830 3313 45211
45137 38994 58148 3661 45211
45146 38072 60394 3092 45211
45137 18435 59484 8972 45211
45139 14113 82057 7857 45211
45137 19526 77560 1249 45211
45142 30303 72983 5538 45211
45146 31490 57676 7607 45211
45141 11762 55738 8033 45211
45139 22563 80654 9454 45211
45144 43735 86337 1638 45211
45141 25452 86081 9036 45211
45138 26387 70984 7736 45211
45143 41998 68640 2263 45211
45140 18842 69424 3889 45211
45137 33011 55800 4756 45211
45143 13693 72703 6313 45211
45144 14850 74943 2734 45211
45146 12588 77477 351 45211
45146 20523 67807 334 45211
45144 27182 59727 6433 45211
45140 15700 87814 1967 45211
45143 36538 65013 299 45211
45145 26129 57440 9349 45211
45142 23991 60031 988 45211
45203 29500 68385 4490 45211
45207 14811 61125 4126 45211
45197 16076 60665 5682 45211
45200 40936 63972 6396 45211
45198 25916 71391 6783 45211
45197 32437 82745 2872 45211
45204 10889 82056 8064 45211
45199 10123 58740 6782 45211
45199 37325 59313 8804 45211
45199 41330 57534 5064 45211
45203 24141 77457 8966 45211
45206 28327 63617 230 45211
45199 28307 70922 9426 45211
45198 20019 83291 5659 45211
45206 21129 64193 7654 45211
45198 43437 60888 1641 45211
45200 30908 73283 2346 45211
45204 34860 67354 6051 45211
45205 35187 65615 9207 45211
45200 19731 62665 3948 45211
45198 10237 77861 6566 45211
45198 17121 63268 6536 45211
45203 29821 80681 2270 45211
45197 32298 79557 8942 45211
45204 37437 55307 5186 45211
45206 20414 57015 217 45211
45197 9723 81551 2048 45211
45187 40752 57598 8887 45211
45188 30287 85078 4401 45211
45187 31613 68902 3217 45211
45190 16415 77292 4008 45211
45187 17432 59917 509 45211
45194 14589 68874 22 45211
45192 10654 58507 1543 45211
45192 27062 81370 805 45211
45187 27645 85139 4132 45211
45186 13204 87276 4282 45211
45190 28793 76349 8420 45211
45187 9796 71591 2197 45211
45186 36185 72731 4185 45211
45189 30289 65480 755 45211
45193 27057 60734 5911 45211
45188 42028 84357 4893 45211
45194 25924 85509 6893 45211
45187 30258 87113 523 45211
45193 23207 62537 4843 45211
45176 33072 81144 4084 45211
45180 32141 55164 1761 45211
45176 41827 63862 6943 45211
45176 16304 85138 5736 45211
45184 37795 84178 7817 45211
45183 41218 57574 1616 45211
45184 19968 62159 5671 45211
45174 24083 57505 8120 45211
45180 18250 86268 4699 45211
45180 29454 76407 1937 45211
45183 16492 61978 9175 45211
45179 29305 54728 805 45211
45185 39524 68117 8950 45211
45181 19615 62945 3570 45211
45174 10470 66215 1050 45211
45185 24179 84396 5763 45211
45179 34561 79321 5170 45211
45178 16180 56679 1970 45211
45175 34969 65682 4969 45211
45182 28846 58692 62 45211
45184 28849 56812 2375 45211
45176 10554 54955 9665 45211
45180 30349 62219 6184 45211
45175 45091 74805 6277 45211
45177 36535 69702 746 45211
45180 13950 73301 4607 45211
45176 42428 78420 623 45211
45183 36336 73063 6713 45211
45182 27981 65156 6952 45211
45177 26398 66047 9272 45211
45185 32300 59524 2045 45211
45168 42421 55374 1309 45211
45170 28001 69291 9073 45211
45164 10616 57913 2948 45211
45172 44323 79481 225 45211
45164 9844 77056 6153 45211
45165 39926 68569 5339 45211
45171 16379 56287 6230 45211
45172 18077 57773 5456 45211
45167 19202 78025 6740 45211
45169 20329 61202 7157 45211
45167 28761 76291 9556 45211
45172 42767 80051 7720 45211
45169 10759 65456 9651 45211
45173 43600 80014 5351 45211
45168 10781 87059 3191 45211
45172 34304 69525 3286 45211
45171 11270 58169 4569 45211
45173 10913 61258 3591 45211
45164 28070 82867 2918 45211
45169 43114 75280 4746 45211
45166 35806 77511 785 45211
45166 22260 85695 2516 45211
45172 34636 78182 3744 45211
45172 40701 57763 1234 45211
45165 15923 66136 6472 45211
45155 17726 62020 3453 45211
45159 16718 56721 6975 45211
45155 15315 87294 5065 45211
45162 12421 83153 2227 45211
45155 10674 77999 8343 45211
45162 17487 56456 8770 45211
45158 23517 56888 1469 45211
45161 26343 79120 9013 45211
45161 19746 58955 1988 45211
45162 33252 62514 7829 45211
45157 35029 76071 4352 45211
45156 10094 85500 6699 45211
45155 27557 59143 3853 45211
45157 37939 59440 5706 45211
45158 13872 59032 5392 45211
45160 11719 69760 1105 45211
45159 18264 57935 1272 45211
45155 39793 78888 4237 45211
45162 33033 60695 2200 45211
45159 44964 80079 1747 45211
45158 41143 61164 1985 45211
45158 14505 66275 8912 45211
45156 12367 86892 1739 45211
45156 25974 79410 2509 45211
45160 42146 85586 5473 45211
45159 34012 63899 6368 45211
45161 36736 56642 3612 45211
45158 23353 60926 4287 45211
45160 16303 82982 7118 45211
45160 35755 77161 5700 45211
45162 27743 66596 3306 45211
45156 31079 70639 7478 45211
45147 29673 84872 3171 45211
45148 17265 63466 3160 45211
45149 27966 72066 5155 45211
45148 10907 87070 3973 45211
45151 19554 65583 6311 45211
45149 34017 55358 9533 45211
45154 28791 54749 7436 45211
45153 42919 71581 5541 45211
45149 29507 60434 5239 45211
45152 22979 62139 478 45211
45148 40174 75041 1915 45211
45147 39690 82774 9646 45211
45154 20099 86287 7405 45211
45150 12100 73649 2127 45211
45154 30596 86800 5527 45211
45148 14970 71187 8089 45211
45152 25752 86443 6202 45211
45147 12320 63090 2474 45211
45149 36431 68056 8979 45211
45151 39057 74036 4857 45211
45151 38612 64670 7814 45211
45152 27460 84917 2776 45211
45149 32052 77892 5325 45211
45148 14415 62093 3714 45211
45147 33359 77696 1905 45211
45151 36495 61781 9278 45211
45152 44984 64611 503 45211
45148 26336 62892 5742 45211
45148 17309 73110 748 45211
45154 10565 61141 3315 45211
45139 24674 81336 5280 45211
45137 25884 85225 1062 45211
45138 24378 84117 2083 45211
45142 17292 65308 8061 45211
45137 34644 59547 3390 45211
45144 15846 61875 517 45211
45144 40881 82764 1474 45211
45138 28120 76476 237 45211
45138 18598 83878 5322 45211
45141 21161 68879 7859 45211
45139 16796 64556 1942 45211
45146 38241 79761 6415 45211
45140 24701 73886 2426 45211
45144 32194 55579 6170 45211
45138 36925 56162 2659 45211
45143 38218 64959 3655 45211
45142 43361 56494 8038 45211
45146 20276 61352 8916 45211
45146 36849 79146 8082 45211
45143 29328 78896 6019 45211
45144 17525 80936 4973 45211
45143 39990 56819 2219 45211
45143 10106 60561 3534 45211
45140 22925 57753 3148 45211
45145 12121 72714 7013 45211
45141 40549 85386 1535 45211
45137 29905 69317 178 45211
45142 43528 61080 8522 45211
45139 18234 56642 2849 45211
45145 34465 61641 2884 45211
45137 43166 83379 731 45211
45141 37887 84947 2569 45211
45140 22348 84446 4346 45211
45141 34211 79658 2144 45211
45144 16959 71533 7966 45211
45143 34936 86699 6739 45211
45145 39612 62769 2017 45211
45205 32431 80284 5152 45211
45199 17009 86410 9556 45211
45199 40595 79618 9157 45211
45200 25381 63246 3942 45211
45198 27248 87744 9536 45211
45198 19340 60026 502 45211
45201 33156 74184 8373 45211
45197 16412 56148 1176 45211
45200 38628 58227 317 45211
45206 11844 54496 2138 45211
45202 21136 57906 2600 45211
45207 33211 75656 9297 45211
45197 22356 65918 8406 45211
45199 39169 76557 9694 45211
45207 9787 66424 2621 45211
45190 18542 55461 195 45211
45186 38634 72311 5343 45211
45192 16326 60655 6792 45211
45195 17057 54661 2657 45211
45191 16373 82262 3597 45211
45190 24219 58506 7167 45211
45193 35948 82372 3778 45211
45191 28905 78110 9139 45211
45187 26645 61566 4030 45211
45194 29541 55429 9042 45211
45186 25477 85714 4227 45211
45190 15147 57413 5252 45211
45188 27759 84358 5926 45211
45192 14835 57450 1955 45211
45192 14799 59038 5940 45211
45193 30932 81626 1099 45211
45193 42024 64935 901 45211
45189 38267 57522 7855 45211
45195 30909 80636 4605 45211
45188 42412 86328 8101 45211
45196 30629 67244 7312 45211
45186 32222 87268 307 45211
45196 22451 59103 350 45211
45195 18128 66790 8787 45211
45193 23588 59094 2610 45211
45193 16397 84942 479 45211
45195 35209 78705 6558 45211
45187 40381 83474 8810 45211
45178 23384 81557 1309 45211
45184 41915 82260 6597 45211
45174 34007 55405 7284 45211
45176 40922 78207 3521 45211
45174 23533 73346 140 45211
45180 20345 67796 5599 45211
45177 22904 65528 1578 45211
45185 17719 71628 9005 45211
45178 29792 73248 5067 45211
45178 19659 61189 3008 45211
45175 24413 74221 7854 45211
45179 16849 86560 6537 45211
45178 39153 86348 5763 45211
45178 28734 81783 779 45211
45177 29783 67435 6588 45211
45174 41530 59160 5800 45211
45177 30201 85552 7774 45211
45184 11282 83228 9152 45211
45166 42560 84652 8977 45211
45164 13331 68407 3367 45211
45172 33259 65998 2422 45211
45166 24654 60850 8648 45211
45173 31957 68614 241 45211
45164 28961 82885 2343 45211
45166 32174 68119 147 45211
45173 28476 74116 4992 45211
45166 42509 61536 2774 45211
45172 15149 63208 5188 45211
45169 25761 81905 6145 45211
45163 44347 79781 5920 45211
45167 30445 74817 5040 45211
45169 35700 56249 9214 45211
45164 37989 73704 9162 45211
45170 29595 84349 17 45211
45170 38417 82463 1265 45211
45172 33346 73309 4295 45211
45173 39118 58716 8942 45211
45166 14100 54724 5201 45211
45171 11706 71535 6504 45211
45171 16721 55853 5355 45211
45173 36111 58907 1140 45211
45166 37778 77539 8400 45211
45171 27989 60250 1010 45211
45171 29071 85367 382 45211
45167 16458 57304 6823 45211
45168 31324 84636 2567 45211
45166 13603 73201 3523 45211
45164 36000 72778 9500 45211
45158 42227 70176 6081 45211
45156 38730 83474 9169 45211
45155 34826 84453 2646 45211
45161 15958 64300 2259 45211
45161 38931 63129 4144 45211
45161 16806 72754 3943 45211
45156 25087 85422 8808 45211
45156 27692 77135 6796 45211
45159 21961 71742 677 45211
45161 30485 80386 4939 45211
45157 30296 64939 5705 45211
45161 11695 75112 8156 45211
45159 17987 73789 1636 45211
45155 31454 55149 6730 45211
45161 16204 87596 6558 45211
45159 21966 81264 3737 45211
45155 43140 81141 7514 45211
45156 16026 77089 693 45211
45158 21021 55845 8908 45211
45160 32531 87819 1945 45211
45162 19032 70784 6604 45211
45158 33495 85459 6656 45211
45157 31086 55870 5005 45211
45155 15470 80057 8611 45211
45157 13601 82220 6388 45211
45156 39552 61273 3707 45211
45158 29287 67049 4211 45211
45155 41048 78116 283 45211
45155 26327 64585 5557 45211
45155 29254 67654 7154 45211
45159 22684 54714 5203 45211
45161 18052 70072 2816 45211
45156 9740 86668 6656 45211
45147 35230 58510 4124 45211
45154 38364 64414 4429 45211
45147 33529 65651 1927 45211
45151 32127 68348 6617 45211
45152 13165 60438 5227 45211
45151 14012 54571 4823 45211
45150 42962 69139 1332 45211
45152 39015 60678 3945 45211
45151 43217 83922 9469 45211
45147 16195 59187 3994 45211
45149 21004 81125 2782 45211
45149 9881 67447 7686 45211
45147 23657 63937 3300 45211
45149 21059 57981 6400 45211
45153 11308 75776 1782 45211
45150 16713 58154 5104 45211
45147 23043 58801 1773 45211
45147 12264 87253 490 45211
45153 32090 64759 3247 45211
45150 41826 74734 1356 45211
45153 44019 64555 9356 45211
45149 23839 64623 2031 45211
45150 44717 78472 6451 45211
45149 12092 57364 2744 45211
45151 18025 66118 803 45211
45148 32732 85597 8709 45211
45154 16005 56914 8650 45211
45154 43025 58675 7366 45211
45147 12108 64678 1729 45211
45150 38783 73864 5496 45211
45148 21153 56091 4633 45211
45149 15569 80289 2653 45211
45151 13418 61680 84 45211
45150 12739 55898 7731 45211
45142 41813 59881 2462 45211
45143 25621 78241 7853 45211
45142 16558 72007 9144 45211
45139 17465 82830 910 45211
45137 43734 80585 4753 45211
45139 16548 66889 7186 45211
45146 38476 85892 8634 45211
45141 34247 81904 7230 45211
45144 35298 79161 7228 45211
45146 24259 56447 5325 45211
45145 24009 83796 7742 45211
45140 34924 77183 555 45211
45144 37730 65905 4193 45211
45139 13083 84150 6625 45211
45146 33012 86588 8037 45211
45145 41566 86084 2731 45211
45143 44925 84064 8822 45211
45143 42461 80917 7591 45211
45145 19249 61625 6561 45211
45140 24737 72555 2748 45211
45140 43941 69880 9646 45211
45141 27801 63420 7213 45211
45146 39025 60395 986 45211
45137 40340 72026 6985 45211
45140 11601 82143 7375 45211
45146 27097 71986 4838 45211
45138 27238 67330 2469 45211
45140 28407 76041 6479 45211
45143 24003 61289 7957 45211
45137 33560 83114 316 45211
45144 40003 57134 3883 45211
45140 13190 76227 9133 45211
45137 44259 83515 9085 45211
45138 23867 86712 8701 45211
45205 19810 62831 1656 45211
45198 13932 68179 7302 45211
45200 16724 86691 5064 45211
45199 24946 64250 2325 45211
45203 44615 64834 4567 45211
45201 44079 82451 5853 45211
45205 37515 77713 335 45211
45206 42618 68542 6942 45211
45199 33249 70056 258 45211
45197 9903 62180 6688 45211
45203 26077 76095 6442 45211
45206 24772 61807 8407 45211
45199 28732 68318 9577 45211
45207 44999 58392 7879 45211
45205 13510 79387 3268 45211
45206 43141 84856 7682 45211
45199 22043 82061 4356 45211
45200 31404 55155 4643 45211
45201 38174 54951 8663 45211
45194 10872 63109 1556 45211
45186 37826 55191 5828 45211
45187 38643 69524 1382 45211
45191 14943 82738 7145 45211
45188 35490 66667 1869 45211
45187 14820 55921 6644 45211
45191 43066 68501 5902 45211
45186 24710 70496 3084 45211
45192 31751 57701 6916 45211
45195 21359 55905 9073 45211
45194 43488 66044 7950 45211
45187 45065 74824 8574 45211
45192 33693 64758 8982 45211
45193 18051 61599 1542 45211
45194 34019 59684 8713 45211
45194 40446 82289 2707 45211
45186 40610 56375 3673 45211
45187 30564 62633 8606 45211
45189 13076 70779 4406 45211
45195 10598 59897 8873 45211
45195 44115 54788 9102 45211
45190 19173 85265 2506 45211
45195 20866 59361 6370 45211
45192 13174 59737 6000 45211
45184 16757 60489 5685 45211
45182 30192 57939 7685 45211
45178 42214 75120 7114 45211
45180 42700 79229 7093 45211
45176 34973 55701 8226 45211
45179 13999 74303 7079 45211
45177 44857 79918 9407 45211
45181 10858 79028 2511 45211
45175 27289 68451 252 45211
45179 44316 64952 3214 45211
45185 14373 66273 9106 45211
45177 30145 61220 2243 45211
45184 22474 87026 7566 45211
45185 14169 57411 4702 45211
45185 33007 84144 9285 45211
45179 18515 66642 5382 45211
45182 25188 69331 5825 45211
45177 23094 65137 9573 45211
45176 30223 74237 9493 45211
45178 32644 76166 10 45211
45184 16374 86759 955 45211
45183 43520 87465 1214 45211
45180 37055 56385 218 45211
45183 21438 85817 4860 45211
45182 16892 72738 4442 45211
45173 24778 56109 7514 45211
45169 38351 71839 8317 45211
45163 26369 73008 6704 45211
45170 22959 71928 3580 45211
45172 20903 65529 5357 45211
45172 22725 60239 1143 45211
45170 40727 80867 8901 45211
45164 26867 85544 9492 45211
45171 37981 72830 5547 45211
45163 14882 84700 6106 45211
45166 31124 55524 8586 45211
45164 33231 82125 8201 45211
45172 10641 65554 5458 45211
45170 39881 86330 7179 45211
45168 31384 58467 9119 45211
45163 41621 63598 5709 45211
45169 34478 77008 2112 45211
45170 41008 80074 1027 45211
45169 13775 61670 9496 45211
45167 38679 74641 4845 45211
45167 31656 78098 1992 45211
45169 27369 87911 3338 45211
45170 13351 62926 1283 45211
45163 43125 80531 999 45211
45168 18718 57234 4598 45211
45166 28752 63981 9139 45211
45165 44733 63738 6131 45211
45165 16772 62421 8895 45211
45173 34821 82859 8866 45211
45170 34330 54972 815 45211
45171 28439 69255 3166 45211
45159 36891 84743 2309 45211
45160 18608 56241 1551 45211
45160 29085 65549 215 45211
45162 20847 75951 1184 45211
45155 18568 85596 7904 45211
45155 30012 72649 6675 45211
45158 40742 66140 3080 45211
45160 19943 86644 1536 45211
45160 24372 79280 7670 45211
45158 40841 84455 7905 45211
45155 44626 80970 4362 45211
45161 30144 57495 7294 45211
45159 10593 63800 8307 45211
45162 31332 66487 970 45211
45161 29247 60609 9430 45211
45157 35608 59598 8706 45211
45162 11038 64867 7406 45211
45157 39219 68615 9637 45211
45162 19247 64379 5577 45211
45156 12802 87146 4444 45211
45157 23456 57121 8059 45211
45162 20988 69738 1315 45211
45158 30205 72601 2517 45211
45159 37757 80695 2532 45211
45161 33465 62814 8164 45211
45160 9761 79039 8323 45211
45162 24045 68315 2616 45211
45158 18501 86869 8763 45211
45156 26739 60948 3203 45211
45155 17302 83845 8029 45211
45152 23115 60970 1226 45211
45148 38219 74094 3048 45211
45154 23540 84103 5029 45211
45153 14250 66835 1089 45211
45154 40920 59479 914 45211
45147 30916 71231 9599 45211
45149 19135 57966 357 45211
45150 29055 73020 1482 45211
45147 38078 57090 457 45211
45151 37173 71729 9658 45211
45151 17025 87894 4195 45211
45148 27861 81955 7854 45211
45151 44638 62318 6059 45211
45150 38694 83666 3055 45211
45149 40983 59762 3402 45211
45150 13929 57409 106 45211
45151 20888 69344 3245 45211
45153 26061 64562 4192 45211
45152 25527 80571 7762 45211
45150 29899 73105 8828 45211
45148 39579 79971 1633 45211
45149 31095 56808 3060 45211
45148 44233 75163 6773 45211
45149 37146 77972 5985 45211
45149 37414 69011 8932 45211
45149 18650 73150 2666 45211
45142 16237 80383 7613 45211
45140 34677 77998 5515 45211
45141 12259 54954 4601 45211
45138 12220 86159 4107 45211
45139 33308 78977 7667 45211
45143 25774 60498 9151 45211
45146 18929 68364 9180 45211
45146 41165 72865 8689 45211
45145 28116 81015 1244 45211
45139 14004 79141 234 45211
45144 32019 55083 2624 45211
45139 17728 82189 5827 45211
45145 22124 61341 4327 45211
45143 11676 75603 9565 45211
45141 13085 84659 1302 45211
45137 20153 76535 8363 45211
45145 31466 66555 3393 45211
45141 15313 86312 2616 45211
45140 15201 83056 960 45211
45143 35251 65084 1078 45211
45141 42884 61008 9388 45211
45139 23658 69847 5158 45211
45140 32504 54681 8566 45211
45137 12358 60870 6653 45211
45140 15628 64111 6566 45211
45137 44244 84003 8888 45211
45141 12137 59324 3330 45211
45138 29291 66764 926 45211
45144 42121 60727 7343 45211
45138 39825 80616 4456 45211
45146 34141 80574 5407 45211
45146 25855 58941 5627 45211
45138 24401 84889 3422 45211
45143 25522 56131 1790 45211
45137 26691 82177 2651 45211
45140 12527 73958 803 45211
45144 43665 85940 3375 45211
45139 14257 56296 5021 45211
45138 21055 57963 3184 45211
45143 10268 61754 353 45211
45139 28303 79679 9404 45211
45144 32573 79052 4071 45211
45144 44086 55049 6447 45211
45139 39906 78262 9104 45211
45144 22198 59821 6672 45211
45204 36868 65619 4947 45211
45207 11711 84327 3641 45211
45204 19076 54819 1795 45211
45198 10279 58562 8732 45211
45197 26278 68896 1203 45211
45207 31871 86158 6470 45211
45199 36345 70671 1838 45211
45198 14538 66109 2180 45211
45206 33123 86236 505 45211
45203 43222 66046 2535 45211
45199 11920 86746 3340 45211
45207 39066 82540 2872 45211
45203 11831 64113 4075 45211
45205 42120 84058 7656 45211
45200 40143 71290 7097 45211
45204 31424 85943 3489 45211
45200 13988 63179 7173 45211
45206 26163 80803 4814 45211
45207 35907 74062 6681 45211
45203 13927 71689 1928 45211
45205 44631 85151 2275 45211
45202 42381 85288 966 45211
45197 22828 80147 7547 45211
45199 10378 75365 6862 45211
45197 31910 62286 2922 45211
45205 33659 73340 7181 45211
45187 40746 68088 5460 45211
45193 24237 87232 3117 45211
45189 9898 66570 8441 45211
45196 33555 60512 2116 45211
45190 13236 75384 422 45211
45186 16812 84490 4473 45211
45195 42134 63353 9689 45211
45193 27207 56993 1115 45211
45188 27399 85827 9016 45211
45196 14743 76514 4435 45211
45186 11051 59400 6887 45211
45196 24857 54628 4399 45211
45183 42001 58872 5359 45211
45182 12816 57685 5603 45211
45182 35730 64569 208 45211
45184 38946 79442 8365 45211
45183 16820 86827 1178 45211
45175 40035 72751 1252 45211
45180 32377 66974 382 45211
45177 14367 70358 6745 45211
45183 38697 57195 7887 45211
45178 42209 78853 2086 45211
45182 42489 65806 1881 45211
45179 19309 72173 5095 45211
45176 14678 75374 7865 45211
45174 15207 65943 780 45211
45185 42379 65677 1938 45211
45179 33287 70366 3033 45211
45164 44064 59506 9591 45211
45169 42796 70158 38 45211
45163 40535 75134 473 45211
45167 35506 56537 2838 45211
45170 34328 80035 2818 45211
45171 13709 81626 2287 45211
45173 28529 72230 4842 45211
45166 37679 63244 9639 45211
45164 24091 66875 150 45211
45169 34380 85821 8407 45211
45172 34544 86312 5971 45211
45165 32959 64978 3778 45211
45172 24016 58928 677 45211
45167 37104 56809 5099 45211
45173 21019 74593 7718 45211
45170 40751 55265 6552 45211
45173 14661 73450 2616 45211
45165 21843 87180 877 45211
45170 16491 73156 5902 45211
45170 35884 64088 2534 45211
45170 26331 68148 285 45211
45165 29461 85029 6880 45211
45172 31923 69243 8266 45211
45168 12817 64558 1173 45211
45172 27936 54633 3386 45211
45170 41185 72677 4773 45211
45170 34534 84690 6274 45211
45164 21343 84900 5628 45211
45168 40175 78975 4520 45211
45165 37618 65035 4696 45211
45172 13879 82331 907 45211
45161 28520 65899 2563 45211
45162 28669 70395 4364 45211
45160 19679 86152 5811 45211
45156 16318 68933 2549 45211
45157 33078 63975 369 45211
45161 42119 72772 5259 45211
45159 35646 57713 7882 45211
45161 32671 70840 3998 45211
45159 44027 87893 9333 45211
45157 14164 76531 2135 45211
45158 31630 70731 6325 45211
45158 34624 80803 2209 45211
45155 20755 62313 8499 45211
45156 38240 74800 1795 45211
45159 18071 86073 8948 45211
45155 38631 63804 5022 45211
45155 32441 57009 5817 45211
45162 31176 64978 5304 45211
45161 18273 76872 789 45211
45156 36231 59206 5346 45211
45157 34272 71393 7127 45211
45159 28937 83754 4931 45211
45156 26376 85285 620 45211
45162 19131 85621 7259 45211
45162 43622 64699 3315 45211
45162 44774 70467 857 45211
45159 34447 69480 3302 45211
45159 44881 54899 5778 45211
45160 43251 59831 7413 45211
45155 27653 71153 7459 45211
45162 30026 85287 9325 45211
45161 39493 63005 6672 45211
45158 18138 57421 607 45211
45150 24280 68142 2642 45211
45150 37647 80561 8775 45211
45154 19569 56747 9096 45211
45154 39747 77107 660 45211
45149 32456 73223 2548 45211
45148 43799 71955 7450 45211
45151 11583 57895 2799 45211
45152 10591 58994 1032 45211
45149 14375 57030 1402 45211
45153 42970 54990 7216 45211
45147 35135 79945 5975 45211
45150 16640 69938 4832 45211
45149 41783 62243 6089 45211
45148 45077 83454 4439 45211
45148 13918 63851 1240 45211
45152 13386 60407 4173 45211
45149 30892 56072 8537 45211
45148 43499 86212 2000 45211
45147 34158 81797 110 45211
45154 21142 68548 3046 45211
45151 39898 66287 9397 45211
45154 30911 54986 1097 45211
45149 42080 82151 1328 45211
45151 12085 85909 646 45211
45153 39227 83721 985 45211
45147 14279 64058 1783 45211
45147 38566 56147 1046 45211
45150 34268 67826 7222 45211
45153 26931 61161 6037 45211
45154 14353 62356 4177 45211
45149 39794 76408 3288 45211
45150 23838 86143 1819 45211
45151 16027 72961 3746 45211
45154 25323 78685 1623 45211
45149 25793 57231 2355 45211
45148 25647 54748 7375 45211
45154 31183 64038 8709 45211
45154 13556 57647 8432 45211
45154 35133 76626 5088 45211
45149 43271 77077 9427 45211
45150 28878 68586 4675 45211
45154 12497 60950 5250 45211
45152 11431 78754 2044 45211
45144 25015 59760 4608 45211
45138 19024 66472 5059 45211
45142 24890 87687 9550 45211
45140 20549 61762 593 45211
45140 34685 69174 6749 45211
45142 18685 66560 9533 45211
45146 12124 58056 149 45211
45141 36060 56612 6580 45211
45141 10165 61371 5670 45211
45144 39000 81652 5900 45211
45137 42657 56937 7128 45211
45140 16427 75843 4477 45211
45144 33148 66075 2217 45211
45144 11102 72206 9592 45211
45142 41435 58627 43 45211
45142 33750 82885 7663 45211
45141 19059 60807 453 45211
45146 18857 57504 9160 45211
45139 15783 56303 8044 45211
45146 10278 59479 3904 45211
45143 14021 61404 8372 45211
45144 12120 70508 1212 45211
45143 12053 75174 9422 45211
45142 31666 78605 495 45211
45143 42576 74581 8712 45211
45137 35111 60649 9233 45211
45145 43317 78149 1415 45211
45139 28592 71502 4832 45211
45137 41362 82912 2392 45211
45139 20597 63809 2175 45211
45138 20694 74788 7964 45211
45137 27220 57360 703 45211
45141 41493 70661 3538 45211
45198 28996 63082 7908 45211
45206 23992 70746 4200 45211
45207 25165 57600 9111 45211
45197 41068 70825 1817 45211
45206 31520 56126 8974 45211
45199 14081 55038 9292 45211
45201 42142 65314 496 45211
45197 44394 55867 4 45211
45200 43046 57970 8727 45211
45198 17590 56257 54 45211
45206 15837 55915 6011 45211
45199 14586 79398 5074 45211
45198 34363 58314 2309 45211
45200 42763 67324 4349 45211
45205 10166 59384 27 45211
45204 12321 71479 5102 45211
45199 22651 85179 2449 45211
45200 30572 67537 9120 45211
45203 31786 60540 2501 45211
45203 9727 70387 956 45211
45202 29442 56614 7712 45211
45204 24682 58241 4810 45211
45206 13089 86675 602 45211
45201 32602 83571 4560 45211
45189 23156 86262 7953 45211
45187 41161 71897 7518 45211
45191 20980 57997 5623 45211
45195 40968 78955 3548 45211
45194 34578 85621 6348 45211
45192 36241 58207 3441 45211
45195 43806 86849 4403 45211
45196 24826 84125 1756 45211
45192 32320 83995 912 45211
45191 24947 72807 7996 45211
45188 30036 57852 6760 45211
45186 20381 79562 4060 45211
45193 19142 67727 5645 45211
45195 25562 84530 7779 45211
45189 10721 87524 5949 45211
45191 38688 68409 8646 45211
45186 25249 69139 6531 45211
45189 20885 62780 3298 45211
45192 43955 84155 3305 45211
45188 23763 80608 9270 45211
45196 36863 59202 1291 45211
45189 29443 74925 5259 45211
45192 32244 69394 3775 45211
45190 36289 71427 8596 45211
45194 29756 85446 9189 45211
45190 20119 76836 7673 45211
45187 29167 69094 1482 45211
45192 14626 81186 9157 45211
45194 42091 58802 5546 45211
45196 36906 74026 7007 45211
45181 35042 63455 6903 45211
45185 22304 64809 2017 45211
45181 42708 61744 8335 45211
45185 35500 67968 374 45211
45178 11132 62735 8547 45211
45174 41682 77916 4608 45211
45180 17646 85796 8227 45211
45175 35749 80541 5434 45211
45184 36619 82868 4167 45211
45182 33620 77050 1904 45211
45174 27080 58437 138 45211
45176 32015 77766 5651 45211
45178 27489 63546 3182 45211
45184 41593 78547 7289 45211
45174 21008 77608 9442 45211
45177 10174 78498 3620 45211
45183 21189 71157 1745 45211
45184 15459 63766 1616 45211
45169 34309 75028 8689 45211
45172 35949 71246 6128 45211
45163 13705 87239 8248 45211
45167 17982 65342 166 45211
45166 44734 73102 4730 45211
45168 14501 85032 5550 45211
45173 12628 54991 6647 45211
45168 28109 73565 1577 45211
45172 37029 67179 3955 45211
45165 32506 55325 9048 45211
45169 29768 63466 6132 45211
45169 41904 73308 7896 45211
45163 13201 60240 2534 45211
45170 37991 59531 4667 45211
45165 24994 66583 2458 45211
45165 33267 63582 5153 45211
45167 28611 87653 37 45211
45169 42342 78989 9151 45211
45173 28464 80975 7705 45211
45168 19672 72094 6668 45211
45171 29798 82254 4027 45211
45169 33242 82770 8705 45211
45171 27723 62519 399 45211
45165 36409 69722 8515 45211
45172 35247 61634 1340 45211
45163 21207 59077 4518 45211
45156 30535 68267 933 45211
45155 22207 71887 4839 45211
45156 32295 69613 8824 45211
45158 32812 86457 611 45211
45155 29125 61839 2678 45211
45159 33905 81048 6084 45211
45157 26579 58870 6903 45211
45159 42903 76083 7770 45211
45159 20415 81305 6979 45211
45160 40037 55643 1176 45211
45157 29118 62242 5852 45211
45159 26801 66709 2878 45211
45157 32785 57356 3947 45211
45159 37619 54776 3623 45211
45160 17096 81340 4510 45211
45159 31189 81242 5984 45211
45162 12302 76136 5314 45211
45162 30945 68211 3043 45211
45157 34619 62369 419 45211
45160 18215 81202 8929 45211
45157 10422 63484 2936 45211
45159 17445 79233 3842 45211
45162 37178 60391 8159 45211
45155 23120 74900 9406 45211
45162 29843 81383 3948 45211
45158 24548 56188 6238 45211
45159 29831 86381 1360 45211
45161 11559 61906 1139 45211
45158 15146 65389 9148 45211
45161 33102 60911 1845 45211
45157 39743 63544 3527 45211
45156 22037 64270 6906 45211
45148 25839 77458 4248 45211
45151 26154 63234 846 45211
45150 10329 59676 4567 45211
45150 31680 78846 4368 45211
45152 15006 61484 8026 45211
45149 31526 75429 8277 45211
45151 14017 68022 8528 45211
45149 44908 68870 2264 45211
45154 41936 85543 9589 45211
45147 41887 80959 3264 45211
45148 43472 83966 46 45211
45148 29511 60913 3263 45211
45154 39014 59480 1674 45211
45149 33713 83818 9254 45211
45154 22601 87599 1787 45211
45147 21283 62498 152 45211
45152 44614 72119 3945 45211
45150 32850 78643 5832 45211
45151 38564 84580 2631 45211
45148 17000 59108 6292 45211
45149 43766 62622 6872 45211
45151 12386 70039 4710 45211
45151 22331 69081 1454 45211
45150 30662 72135 2927 45211
45153 43281 73325 397 45211
45151 27073 62090 1505 45211
45151 35994 61052 7511 45211
45147 20500 64334 1321 45211
45151 12897 58404 7626 45211
45150 29302 57446 8020 45211
45152 39955 73954 161 45211
45154 28684 72906 2919 45211
45147 28006 63474 7293 45211
45150 33426 57776 4314 45211
45148 40212 73811 1519 45211
45150 14440 54978 5316 45211
45152 38422 62745 8553 45211
45151 14963 85364 5411 45211
45145 30813 70032 1992 45211
45138 11574 80254 9244 45211
45141 39533 54480 8451 45211
45144 29193 65691 6729 45211
45145 12083 58729 861 45211
45140 23461 62320 827 45211
45137 41507 69634 5793 45211
45145 41997 57859 952 45211
45145 18780 60650 3318 45211
45143 29479 80536 754 45211
45145 41840 58945 4059 45211
45138 45107 68031 6254 45211
45144 21083 57545 9021 45211
45140 31734 84877 9133 45211
45138 37552 60332 300 45211
45138 23326 65645 230 45211
45139 43995 82878 5808 45211
45137 13671 85743 8630 45211
45141 27118 64523 2110 45211
45143 29920 62891 2273 45211
45140 44453 70390 6080 45211
45139 26326 85557 7197 45211
45140 38030 69664 7589 45211
45139 36639 56001 9484 45211
45139 18713 83789 3794 45211
45139 43373 56542 439 45211
45146 32459 70597 8611 45211
45143 33384 55297 1628 45211
45137 37897 72432 2441 45211
45137 22617 60348 8044 45211
45143 30384 56970 3050 45211
45139 37145 87437 4121 45211
45144 14861 55623 9610 45211
45144 23168 59461 8755 45211
45140 15578 76527 508 45211
45139 36888 70249 8356 45211
45146 29643 60283 6954 45211
45143 39774 55082 2889 45211
45145 30134 83877 8672 45211
45144 23598 86360 8828 45211
45141 37300 65888 8737 45211
45207 11816 63656 8558 45211
45198 27526 64454 3055 45211
45203 41230 66629 5619 45211
45198 12599 62556 3854 45211
45202 26335 78280 863 45211
45206 43854 65416 340 45211
45201 41784 67592 2046 45211
45200 18362 64487 456 45211
45199 9960 86712 8196 45211
45207 39958 79481 5926 45211
45198 41608 84217 833 45211
45202 13146 66213 936 45211
45197 27538 65159 3579 45211
45203 16648 80282 8906 45211
45206 41583 87188 3456 45211
45202 14310 64270 7691 45211
45201 24557 55132 3053 45211
45201 19376 71763 3528 45211
45205 41975 86627 5771 45211
45201 22382 59628 1171 45211
45197 40515 84984 671 45211
45203 25311 81182 8676 45211
45207 28991 66934 7324 45211
45202 25106 84187 840 45211
45206 41741 72037 3821 45211
45198 10234 80002 127 45211
45207 45070 80782 4051 45211
45206 34404 72819 318 45211
45199 35366 60027 4434 45211
45203 16696 87145 446 45211
45199 25253 66927 4805 45211
45198 41941 81466 1894 45211
45195 14776 83236 3336 45211
45187 24880 83988 3449 45211
45190 44954 60643 664 45211
45188 9993 56817 4697 45211
45190 39166 76935 2722 45211
45195 25425 78044 2756 45211
45188 33526 86866 3893 45211
45193 14998 60087 1017 45211
45196 10485 60573 8202 45211
45188 13589 86165 8243 45211
45194 31791 79765 255 45211
45195 26157 64158 1970 45211
45190 24251 60164 5621 45211
45196 19198 60983 9441 45211
45187 36200 75692 3852 45211
45193 22001 64488 4592 45211
45190 11019 62744 7074 45211
45189 11437 65797 5726 45211
45189 17148 75315 6800 45211
45195 43808 69805 7853 45211
45192 12972 84226 6511 45211
45194 36805 73669 312 45211
45182 39285 82862 7965 45211
45183 31075 54763 9214 45211
45177 43638 73776 7343 45211
45184 30590 58585 3135 45211
45183 41257 54554 1154 45211
45180 9766 71203 6240 45211
45175 14854 62033 8584 45211
45184 10490 75148 4263 45211
45184 25861 59317 4237 45211
45177 17837 73156 8833 45211
45174 34233 67743 568 45211
45179 36149 66981 742 45211
45178 36172 66950 5683 45211
45180 30257 77047 3035 45211
45177 24498 83743 7969 45211
45182 29865 73668 4845 45211
45182 37095 55707 4353 45211
45183 21914 66704 3626 45211
45185 35950 69762 6009 45211
45185 25289 63323 8473 45211
45185 39977 80808 9245 45211
45174 10000 54541 7268 45211
45183 18368 81238 2767 45211
45175 13303 65590 4668 45211
45178 19909 56781 8312 45211
45177 14812 77524 8078 45211
45168 29785 62604 1591 45211
45169 39732 59944 9249 45211
45169 34565 55810 4804 45211
45168 40736 61971 9058 45211
45164 18551 69262 8552 45211
45165 24566 56462 7843 45211
45168 21125 84407 4760 45211
45168 14348 55000 13 45211
45170 21987 62859 4047 45211
45168 24269 60884 642 45211
45172 18387 86248 3603 45211
45169 37596 57325 4054 45211
45167 43395 72061 3278 45211
45168 28784 79194 2685 45211
45171 20540 79951 2881 45211
45170 34227 66394 5077 45211
45172 35958 60818 5470 45211
45163 15724 75050 1150 45211
45170 39065 70273 4379 45211
45168 13728 80764 2922 45211
45160 39363 87694 7486 45211
45160 37972 87543 3130 45211
45161 10290 79046 1950 45211
45159 35009 80039 5187 45211
45161 41407 86751 9190 45211
45160 41638 85604 6825 45211
45162 18390 85997 589 45211
45159 35099 57785 795 45211
45162 27314 87069 8420 45211
45157 36151 66170 5551 45211
45156 38772 87500 4929 45211
45162 23153 81599 6364 45211
45158 13983 82898 9062 45211
45162 44846 79917 2380 45211
45158 19893 81555 1355 45211
45158 41293 58596 1556 45211
45157 37321 56498 1586 45211
45157 32136 71747 8256 45211
45156 10652 64928 6597 45211
45158 40009 72512 4845 45211
45161 22087 81798 9087 45211
45158 26142 60207 5870 45211
45158 15759 62472 6454 45211
45160 41217 76162 4654 45211
45162 33042 87476 5128 45211
45158 11350 56811 3469 45211
45158 22852 71646 7660 45211
45157 32642 82562 3619 45211
45156 24832 82947 3974 45211
45160 24360 60366 6817 45211
45159 23751 55708 2053 45211
45155 38855 75022 3228 45211
45156 25526 81417 7101 45211
45162 43136 64380 1942 45211
45159 44070 83279 6141 45211
45156 12244 79334 1402 45211
45149 15597 67739 8485 45211
45148 36969 87278 5705 45211
45154 29042 68658 6916 45211
45148 42353 55450 1704 45211
45149 22390 72883 6920 45211
45150 41112 70734 6272 45211
45151 35868 71817 1406 45211
45147 42674 63756 8493 45211
45148 41971 67316 9671 45211
45151 32516 58283 6759 45211
45148 11046 69234 2369 45211
45152 36974 60521 9201 45211
45149 37523 61743 1614 45211
45147 17946 65688 7709 45211
45149 11648 85855 7315 45211
45151 23792 72470 1150 45211
45154 37829 84594 1806 45211
45151 42148 83330 3172 45211
45150 41303 81739 8153 45211
45154 25529 60256 7350 45211
45153 34217 58240 6725 45211
45150 30294 87220 4976 45211
45154 40931 75073 1534 45211
45149 12453 61006 282 45211
45152 16963 70042 899 45211
45152 38533 80457 5178 45211
45137 35286 84539 7367 45211
45146 34159 63640 9668 45211
45142 17223 65052 6921 45211
45141 43296 59492 5492 45211
45146 40511 75931 3332 45211
45145 45060 78801 8688 45211
45143 27784 87072 8169 45211
45145 19120 65407 2081 45211
45142 10638 74402 613 45211
45138 32170 71274 7583 45211
45142 21045 57362 8737 45211
45146 24530 71442 4867 45211
45139 15959 57707 5795 45211
45146 28518 57035 6037 45211
45141 12492 78842 4150 45211
45137 18153 84437 3129 45211
45139 10164 75506 2939 45211
45138 41209 62584 5521 45211
45142 26457 83562 1594 45211
45138 11159 64684 3122 45211
45139 28445 83181 3073 45211
45140 31628 61503 1803 45211
45142 15490 70212 4792 45211
45141 41520 86447 1851 45211
45142 24881 56693 8744 45211
45141 22502 56931 1129 45211
45143 20201 71306 2314 45211
45140 27983 74669 4790 45211
45139 23529 85481 9090 45211
45144 18146 62929 1094 45211
45140 16792 63021 3296 45211
45140 28161 67381 2760 45211
45142 43035 70009 7021 45211
45139 17610 63087 7448 45211
45143 36003 84099 1266 45211
45138 33577 71342 7570 45211
45146 13563 81729 1637 45211
45145 30157 83330 9177 45211
45139 26602 77343 541 45211
45145 35634 59856 3235 45211
45137 19030 56759 1869 45211
45146 10265 69616 5770 45211
45144 18499 59496 8834 45211
45144 44944 82436 2848 45211
45145 27703 87498 989 45211
45146 11255 73098 1873 45211
45139 40438 61820 6643 45211
45140 14420 69856 3225 45211
45146 43315 74964 9599 45211
45137 28438 55403 1274 45211
45141 31148 75811 2370 45211
45140 16766 84534 5559 45211
45138 40080 60193 5554 45211
45144 13326 70614 3012 45211
45198 40777 59453 7972 45211
45204 43256 60017 2304 45211
45200 33017 76187 2359 45211
45205 17306 87854 3224 45211
45201 30763 87771 4266 45211
45207 29969 54572 4143 45211
45200 33115 55660 376 45211
45201 38043 55533 6668 45211
45198 40306 55254 2417 45211
45206 11859 56129 6476 45211
45205 34567 85565 6660 45211
45204 9818 63344 4818 45211
45204 21109 56333 1620 45211
45206 15557 59336 841 45211
45206 34199 62803 5051 45211
45204 27777 61437 8917 45211
45207 26810 87187 6944 45211
45202 14860 85924 1115 45211
45201 26334 58822 2768 45211
45201 15946 55075 5767 45211
45207 20127 87421 2738 45211
45200 44513 65754 9556 45211
45189 15671 78782 8575 45211
45186 35558 85527 3264 45211
45189 17811 55686 777 45211
45189 33605 60560 420 45211
45186 10589 67928 8663 45211
45187 41101 64345 8813 45211
45186 33738 86807 2396 45211
45195 25407 60417 8270 45211
45188 18554 81885 7021 45211
45192 38309 70754 600 45211
45186 14283 77819 6013 45211
45187 40186 70809 5183 45211
45195 42256 54653 864 45211
45188 22754 71669 5770 45211
45186 20962 60979 220 45211
45188 11960 66375 7231 45211
45188 27064 87822 5672 45211
45190 12275 80370 2177 45211
45195 15841 84911 8700 45211
45193 33063 84686 6599 45211
45187 43491 63926 2195 45211
45195 35779 77073 2434 45211
45195 26567 76334 2652 45211
45196 38140 77079 4242 45211
45187 13145 87027 6220 45211
45190 29932 86446 4309 45211
45179 29808 71915 9200 45211
45184 42739 63427 4202 45211
45181 39192 55928 6015 45211
45182 14622 86021 9656 45211
45184 20659 74326 6619 45211
45181 35909 57991 5395 45211
45180 19779 82335 1858 45211
45175 30196 59535 2590 45211
45182 40078 65071 7999 45211
45181 32757 82252 8729 45211
45180 26685 70113 5255 45211
45178 22281 55833 7975 45211
45177 40476 66873 6473 45211
45178 41999 60940 7233 45211
45183 23830 55346 1207 45211
45176 26785 86928 2317 45211
45180 41047 87444 858 45211
45178 45102 73946 6389 45211
45185 32616 55989 9276 45211
45177 9812 85755 1988 45211
45183 23276 64373 2082 45211
45180 22409 55787 2808 45211
45175 18437 74839 7140 45211
45174 11218 76873 300 45211
45179 34614 59447 4763 45211
45180 37298 66898 2508 45211
45184 41474 59385 3263 45211
45175 13822 67094 4639 45211
45170 23650 61843 5114 45211
45172 25549 85372 2785 45211
45165 39455 87868 418 45211
45170 29276 78410 4077 45211
45168 35591 57478 6437 45211
45173 19443 87496 8126 45211
45167 33477 87417 3856 45211
45173 14445 58466 1679 45211
45165 44473 65075 4853 45211
45169 27145 78562 1984 45211
45165 21425 80189 9575 45211
45168 27266 82329 6527 45211
45172 32447 60388 6575 45211
45171 38862 60754 2765 45211
45163 39179 85813 1032 45211
45173 13093 83210 2922 45211
45166 12387 85958 1133 45211
45165 44498 72005 4874 45211
45168 38013 64277 1242 45211
45172 28655 57777 4612 45211
45173 35268 87761 4939 45211
45168 31609 74786 1275 45211
45173 31002 56164 8381 45211
45164 27544 63629 321 45211
45168 14261 63615 5939 45211
45156 13745 84303 4106 45211
45162 20518 68899 4946 45211
45159 34568 59666 9098 45211
45155 41357 59465 4798 45211
45161 17937 79357 2343 45211
45155 34458 59581 6685 45211
45155 40604 59110 7490 45211
45155 39086 69960 4957 45211
45160 19445 76051 348 45211
45162 12946 78574 4563 45211
45156 30373 80476 3429 45211
45162 34099 64474 5445 45211
45160 24042 71098 6694 45211
45160 32760 74049 5314 45211
45158 18119 79628 6698 45211
45156 28335 77922 2395 45211
45156 18883 54568 4241 45211
45159 29624 73500 5747 45211
45161 32631 57394 9054 45211
45160 36249 56189 292 45211
45158 43003 85797 8903 45211
45156 44126 74602 5893 45211
45161 26052 79169 3873 45211
45158 28300 75558 2160 45211
45161 10306 74917 7866 45211
45159 38594 71188 7625 45211
45160 37495 77081 1601 45211
45162 17739 86053 650 45211
45155 42654 67734 4808 45211
45162 40916 57868 2526 45211
45151 17570 71480 9647 45211
45153 33979 77829 3817 45211
45154 28890 84171 4156 45211
45154 22174 57368 1129 45211
45147 19151 66198 4985 45211
45152 27350 86034 863 45211
45151 23704 68312 7692 45211
45149 36940 82779 120 45211
45149 18874 60482 8002 45211
45154 44580 67362 6044 45211
45152 31536 60889 1491 45211
45152 39924 78655 2954 45211
45147 25657 70063 1599 45211
45154 27141 66267 4813 45211
45154 14078 85034 5955 45211
45152 33543 57710 5808 45211
45151 24660 58523 6500 45211
45147 10767 78744 2816 45211
45150 32955 86204 73 45211
45151 43619 84913 2959 45211
45149 16253 78755 1691 45211
45151 42182 80540 1626 45211
45148 31712 62064 6860 45211
45147 25019 83084 8330 45211
45147 23087 67647 585 45211
45154 28059 75709 288 45211
45153 10546 58633 9701 45211
45154 40359 81922 3371 45211
45150 32717 68173 7074 45211
45141 41926 81587 6771 45211
45139 31366 80237 2271 45211
45145 22430 58043 3073 45211
45145 20719 67976 6231 45211
45142 11553 78144 599 45211
45146 36036 86758 8551 45211
45138 42020 80130 9237 45211
45140 43761 64480 7658 45211
45140 32357 72756 5770 45211
45142 36397 75809 2779 45211
45138 11761 63009 1441 45211
45139 14509 78576 4560 45211
45140 15294 81355 3396 45211
45139 21993 78586 6121 45211
45142 21430 85626 1776 45211
45145 24608 78980 2467 45211
45143 42132 57892 4825 45211
45142 36941 62986 2191 45211
45145 18142 64839 5497 45211
45144 41719 82116 9005 45211
45143 42649 86907 1819 45211
45137 13444 58946 8129 45211
45142 38235 69294 8792 45211
45142 38948 84662 2766 45211
45137 26041 57443 7154 45211
45139 33831 61814 7911 45211
45139 38418 80830 1678 45211
45144 34015 86764 6198 45211
45139 31342 71464 9623 45211
45143 19753 77683 8135 45211
45139 11548 55781 5951 45211
45146 40213 75282 2861 45211
45144 11748 61016 6285 45211
45146 25413 87322 7154 45211
45139 25378 78183 9310 45211
45140 19071 60791 1717 45211
45146 18254 55333 1870 45211
45140 18148 57043 3930 45211
45141 41789 66298 5445 45211
45142 24841 59631 250 45211
45143 22245 77511 163 45211
45138 19812 87151 113 45211
45146 32674 61476 1731 45211
45138 27711 64196 7334 45211
45201 43070 66984 3889 45211
45198 14947 66342 8290 45211
45197 16267 58514 7131 45211
45198 11356 55935 995 45211
45204 14750 87824 3598 45211
45203 39426 57623 3924 45211
45203 32125 78454 6688 45211
45197 36931 55732 8018 45211
45202 16069 71493 9573 45211
45202 24300 74425 5639 45211
45199 15548 67367 2948 45211
45200 33680 73811 5500 45211
45197 24494 67268 752 45211
45204 26393 70023 3673 45211
45204 23573 68653 1306 45211
45200 24901 69472 1125 45211
45199 35995 63014 6822 45211
45205 43512 70417 7116 45211
45199 9762 58807 2322 45211
45197 25918 74943 386 45211
45206 18174 71679 1824 45211
45207 39367 72446 909 45211
45206 18519 83549 2308 45211
45195 27034 81607 4420 45211
45187 17885 77792 2522 45211
45192 29210 74427 182 45211
45193 38457 58486 7720 45211
45192 26395 79320 2025 45211
45187 20331 56285 8111 45211
45192 19687 60126 8991 45211
45196 29877 83833 8991 45211
45193 34627 87028 6272 45211
45193 37661 71752 9479 45211
45190 35842 61002 7780 45211
45194 16887 85652 4307 45211
45192 40945 75893 9062 45211
45190 32309 76928 2743 45211
45195 36210 58135 2090 45211
45189 33991 87407 3963 45211
45186 31700 72823 7933 45211
45196 20575 83514 1118 45211
45194 38425 77736 2406 45211
45175 11927 65588 776 45211
45179 10821 76546 5938 45211
45175 22969 67955 3061 45211
45174 17275 66600 3484 45211
45175 35850 82070 9312 45211
45174 38972 76234 4470 45211
45185 40733 70765 1190 45211
45183 13970 57233 4292 45211
45185 12105 65617 5195 45211
45185 36959 68649 7979 45211
45177 43595 75180 6351 45211
45183 18201 70867 4727 45211
45174 30350 76912 3673 45211
45181 20992 62874 6610 45211
45182 14189 71544 4771 45211
45182 18424 54655 4209 45211
45182 25717 81731 8811 45211
45184 14165 63983 2587 45211
45174 21863 67176 185 45211
45176 32825 77288 8845 45211
45180 26653 62962 2764 45211
45175 44644 58725 9670 45211
45180 31840 77420 9241 45211
45178 14042 86728 6779 45211
45175 41279 63363 4340 45211
45177 10696 55922 536 45211
45176 28305 54481 4297 45211
45176 16315 55786 7558 45211
45182 23021 71550 8525 45211
45172 29968 76905 8308 45211
45173 23521 80800 5097 45211
45163 38751 73044 1376 45211
45171 44076 56364 2840 45211
45165 33545 54905 1005 45211
45170 21231 78305 8900 45211
45173 10355 56193 8312 45211
45165 31364 70700 4046 45211
45165 21274 87377 3603 45211
45168 29605 68096 3907 45211
45172 39722 78739 6472 45211
45173 43743 85372 3963 45211
45168 11781 66580 4023 45211
45166 32072 61009 576 45211
45173 19610 81344 5095 45211
45167 14806 54934 3127 45211
45167 39705 76610 1264 45211
45170 15807 74420 3891 45211
45162 20624 84932 7008 45211
45155 18790 74030 1648 45211
45155 44426 80097 6219 45211
45157 30793 70485 5158 45211
45157 23898 65700 1234 45211
45158 21404 58849 7434 45211
45159 22903 73866 5244 45211
45161 39979 83301 5685 45211
45161 15862 58884 6609 45211
45160 43438 74403 7884 45211
45160 25814 65354 5431 45211
45161 37112 80808 2093 45211
45159 31431 70444 2645 45211
45161 26474 59277 7934 45211
45155 25792 82391 134 45211
45157 42907 61861 4640 45211
45160 32908 68647 7767 45211
45157 38769 62614 5897 45211
45155 13816 60416 7729 45211
45160 40803 59823 5796 45211
45162 13641 67795 1010 45211
45161 13811 68731 8487 45211
45158 21171 61487 5513 45211
45157 29535 82723 1731 45211
45155 39941 74669 9529 45211
45159 19903 63701 4339 45211
45155 28858 55273 9028 45211
45158 20654 58103 2532 45211
45160 41770 73689 4739 45211
45159 35956 65835 4159 45211
45161 33809 87125 7739 45211
45158 39569 60499 2211 45211
45162 44014 59683 7987 45211
45158 11806 82900 9601 45211
45158 15330 54488 4304 45211
45155 10695 66194 9552 45211
45160 30534 57569 7915 45211
45162 17674 57465 3701 45211
45154 38369 75582 850 45211
45154 26261 60849 4409 45211
45154 34140 82653 7565 45211
45147 31014 65712 9353 45211
45151 40658 80166 7256 45211
45152 16933 54909 9257 45211
45152 26885 58717 5604 45211
45148 14873 55477 3671 45211
45149 34998 86246 1813 45211
45152 26184 68503 8360 45211
45151 10505 77057 6590 45211
45150 25971 87567 7821 45211
45150 12024 70239 9552 45211
45154 20383 82313 2124 45211
45151 43476 71603 8103 45211
45147 35486 71600 6116 45211
45154 42447 60030 8856 45211
45149 32570 63259 6365 45211
45149 32776 77046 4050 45211
45152 40487 85159 6411 45211
45150 10295 83169 9217 45211
45153 17964 60238 4405 45211
45152 42057 87173 6059 45211
45148 44976 60949 682 45211
45153 11061 73997 3360 45211
45152 30246 70161 506 45211
45147 44683 59697 6685 45211
45154 20198 81438 183 45211
45154 27652 87207 4586 45211
45153 20707 76520 6040 45211
45153 40158 80519 4130 45211
45152 35428 60782 9118 45211
45154 44916 68090 8968 45211
45149 10786 75212 6020 45211
45148 30319 82687 3754 45211
45148 38998 78911 8691 45211
45147 26218 72700 7199 45211
45152 13183 66157 1035 45211
45151 19742 59230 1059 45211
45148 36915 59796 4895 45211
45151 19029 84651 4187 45211
45149 29224 77498 2728 45211
45147 14827 58597 1001 45211
45151 40981 86223 1910 45211
45144 15123 69450 4920 45211
45142 22100 84958 5296 45211
45140 22960 67315 6576 45211
45142 36054 74050 2918 45211
45145 38527 84376 8424 45211
45146 19819 62811 3307 45211
45146 36027 72467 1813 45211
45141 22247 60012 4794 45211
45140 19258 58255 3009 45211
45138 39427 76670 2600 45211
45141 28009 63559 3113 45211
45137 32768 72733 3216 45211
45137 36438 86485 4600 45211
45145 39937 56089 968 45211
45146 18260 84000 6883 45211
45139 24758 56878 6846 45211
45138 43612 63031 517 45211
45143 31111 69876 885 45211
45146 15508 59757 8189 45211
45142 43088 77636 9571 45211
45138 29119 82013 613 45211
45144 41900 54747 1028 45211
45138 45082 64781 681 45211
45137 14700 59184 3503 45211
45142 33766 55791 6286 45211
45144 19677 84431 3035 45211
45142 34930 84517 2688 45211
45145 15487 71883 8810 45211
45144 15639 64382 8876 45211
45146 43326 66189 9653 45211
45140 35047 68968 2888 45211
45141 34421 76560 1759 45211
45144 33364 83795 8424 45211
45144 23116 87548 9187 45211
45200 19033 80542 4521 45211
45200 19752 87804 4052 45211
45198 22384 61954 6993 45211
45201 30152 55570 8071 45211
45199 37387 75204 2575 45211
45199 35170 81855 6476 45211
45206 36841 60604 4620 45211
45199 31512 71993 3691 45211
45201 14551 66073 1604 45211
45197 26848 80610 9374 45211
45206 36569 74531 6241 45211
45206 36161 68191 5708 45211
45201 41454 59877 2422 45211
45207 35333 73500 5960 45211
45201 26316 61355 6126 45211
45204 32789 75614 7484 45211
45200 29096 68422 1222 45211
45198 28560 71133 2932 45211
45205 32378 81727 26 45211
45201 37455 62683 5950 45211
45206 21252 74730 4501 45211
45202 26240 81782 1476 45211
45199 34252 83886 4408 45211
45205 26137 80932 3958 45211
45201 14568 82856 4218 45211
45193 17788 75822 730 45211
45190 12535 55998 333 45211
45195 27938 82115 3847 45211
45194 22929 60291 4464 45211
45195 18814 82821 5065 45211
45195 34666 77223 8621 45211
45191 23665 59080 8052 45211
45190 20137 75182 7887 45211
45188 17214 64014 953 45211
45186 41671 57626 5985 45211
45189 33686 59050 8292 45211
45189 25630 54910 5790 45211
45194 43524 87636 3159 45211
45194 38698 86994 1609 45211
45188 11936 58155 5610 45211
45186 15296 63384 8271 45211
45191 31835 82104 347 45211
45189 40142 77338 7235 45211
45190 35724 71505 7961 45211
45190 27049 65064 1704 45211
45192 24795 77527 9410 45211
45190 27009 60320 5623 45211
45185 20581 62815 6474 45211
45179 36489 76986 842 45211
45184 19408 75424 4008 45211
45174 18032 55281 3555 45211
45174 26765 66181 1196 45211
45185 12368 80849 5659 45211
45180 9980 76651 2279 45211
45181 21360 64261 4943 45211
45183 17034 62501 9330 45211
45175 30566 56107 7507 45211
45176 11586 65028 1029 45211
45176 10878 64823 3076 45211
45176 25026 82553 6896 45211
45178 16609 58495 9237 45211
45178 34005 86795 4047 45211
45176 26271 62348 9591 45211
45175 11728 60495 4518 45211
45184 17045 72576 6450 45211
45175 40058 60400 2265 45211
45185 36451 85242 7127 45211
45185 36494 84202 3234 45211
45178 26021 86038 2657 45211
45177 31007 61810 4327 45211
45183 27599 67076 450 45211
45184 32037 65658 9399 45211
45181 35551 56420 1086 45211
45180 26976 54661 3243 45211
45176 43694 84319 8362 45211
45184 35472 56307 6900 45211
45174 12820 54779 5687 45211
45184 32884 81327 6436 45211
45175 26043 70052 9494 45211
45182 42477 68338 883 45211
45185 34602 59862 895 45211
45176 12716 66486 9610 45211
45172 27461 54495 5779 45211
45163 11713 82850 6155 45211
45171 41831 68165 5834 45211
45169 18635 74307 4921 45211
45169 15025 72819 5965 45211
45172 36278 72974 7025 45211
45169 43977 84904 5516 45211
45165 10380 61114 5477 45211
45172 42915 55276 4404 45211
45169 16561 59254 7765 45211
45173 24755 84648 460 45211
45165 21411 60888 8547 45211
45168 17479 62504 2074 45211
45167 38954 70108 9560 45211
45166 39310 85307 8321 45211
45166 10529 68243 7991 45211
45167 36900 55330 7204 45211
45163 13215 72097 7348 45211
45166 11969 70034 2544 45211
45172 12342 55217 7708 45211
45172 12540 63423 982 45211
45160 31673 60845 8721 45211
45156 39391 81262 3382 45211
45162 43781 64965 959 45211
45155 21267 59477 7975 45211
45159 14905 70493 5145 45211
45156 35505 87230 6227 45211
45155 20219 80320 6550 45211
45155 10395 78874 1964 45211
45157 37706 75717 7225 45211
45159 12808 59700 6787 45211
45158 13533 67410 5768 45211
45157 35479 62707 8016 45211
45158 29078 56319 6814 45211
45157 33049 77570 6745 45211
45161 36306 62849 4692 45211
45156 37087 60975 683 45211
45159 31407 67363 809 45211
45155 29832 68108 8223 45211
45162 38305 86075 6532 45211
45162 16673 74756 664 45211
45156 43630 85754 7686 45211
45159 15869 83637 9456 45211
45157 38632 58169 8611 45211
45156 41485 58562 1257 45211
45162 24258 63111 6283 45211
45157 22305 82485 6727 45211
45158 39884 57565 1206 45211
45160 41063 77574 5908 45211
45160 18093 82257 8185 45211
45157 38824 63403 3091 45211
45158 24389 59173 5704 45211
45158 14693 56393 3078 45211
45158 18231 70837 6650 45211
45151 29072 77106 8145 45211
45154 30001 76344 4127 45211
45153 14149 77894 2626 45211
45151 22996 57935 4438 45211
45150 30907 55558 8777 45211
45149 13618 86636 6013 45211
45151 19691 84164 479 45211
45153 18669 83854 4550 45211
45154 17189 62658 7575 45211
45147 40739 83202 7055 45211
45148 35398 84305 2561 45211
45149 36020 56418 6687 45211
45152 17138 76658 7937 45211
45154 41846 55433 4430 45211
45148 24238 56571 2861 45211
45153 20643 65085 8386 45211
45154 32480 58412 8213 45211
45148 39653 73834 5911 45211
45147 33217 81740 1630 45211
45149 12860 72926 2844 45211
45152 22032 76272 5118 45211
45152 44960 68204 3051 45211
45153 39170 76882 7826 45211
45148 26580 67657 1404 45211
45154 27832 86153 4110 45211
45150 29960 59444 6730 45211
45154 41055 59258 860 45211
45149 27978 70201 3477 45211
45152 18470 84364 3213 45211
45152 37589 85733 1537 45211
45147 13583 66969 5534 45211
45149 15507 70335 3197 45211
45138 12056 56653 8413 45211
45138 40966 77326 8050 45211
45137 28792 55707 9633 45211
45144 19096 87547 4309 45211
45145 20252 83175 3999 45211
45146 36332 74264 9431 45211
45139 33904 64386 1031 45211
45138 17758 60969 5949 45211
45141 23243 55098 5000 45211
45141 15262 58097 1181 45211
45138 20875 65180 4192 45211
45139 24205 66469 961 45211
45145 27249 67510 723 45211
45144 37179 61467 3902 45211
45141 11609 68082 8275 45211
45140 26069 59922 896 45211
45140 17963 67954 3660 45211
45138 37432 61529 5747 45211
45140 19845 70099 8208 45211
45139 38334 54828 412 45211
45146 28397 59924 2729 45211
45138 30775 75584 3313 45211
45142 12756 70693 691 45211
45145 26925 80641 8049 45211
45140 37413 60742 716 45211
45140 33213 58490 8581 45211
45146 10337 76628 2434 45211
45140 19613 63814 6940 45211
45146 36975 57774 9673 45211
45140 17478 70894 9375 45211
45138 27615 81375 2441 45211
45141 36606 73989 4180 45211
45145 37315 84559 8564 45211
45139 42501 86252 1517 45211
45142 33425 58576 2430 45211
45143 37556 87625 8904 45211
45145 31983 70212 4523 45211
45197 29127 85256 1721 45211
45201 44939 62974 2342 45211
45202 27925 83531 7077 45211
45204 35179 85295 310 45211
45201 23834 64605 7418 45211
45206 15049 84933 7027 45211
45201 11366 66565 8631 45211
45197 31442 84639 9109 45211
45206 27165 57068 513 45211
45207 19384 59044 9126 45211
45204 42042 72519 886 45211
45205 11819 55879 1078 45211
45204 17208 71328 6570 45211
45204 10539 67412 4714 45211
45205 36578 69043 6617 45211
45201 32489 59093 9608 45211
45199 36107 60054 6775 45211
45198 27779 61684 5851 45211
45206 32835 67351 4293 45211
45207 28997 60631 7400 45211
45198 35789 60912 6925 45211
45205 22288 62843 8503 45211
45207 25355 63248 9220 45211
45205 33604 63599 8254 45211
45204 22873 62339 3789 45211
45197 41557 57750 4366 45211
45199 30324 87197 3958 45211
45200 12717 63169 8382 45211
45198 44355 86401 5491 45211
45200 28030 77854 8103 45211
45203 20466 77078 6250 45211
45204 32195 73122 5516 45211
45206 18484 80138 1102 45211
45205 43133 63846 6525 45211
45196 30576 86244 9136 45211
45196 17589 75081 721 45211
45196 31276 85928 667 45211
45193 31267 78214 6781 45211
45188 28037 64727 6757 45211
45190 11221 66683 4607 45211
45187 21148 85026 8393 45211
45195 30992 61593 4670 45211
45186 18494 62499 6135 45211
45192 14869 84154 4683 45211
45194 26337 68391 6824 45211
45191 24477 84625 4237 45211
45196 40977 63191 4752 45211
45186 38322 63425 3695 45211
45190 16946 60934 4116 45211
45192 26592 63864 2147 45211
45191 24669 75182 1551 45211
45195 39940 70621 5808 45211
45190 27710 63594 9698 45211
45196 32287 83277 9617 45211
45192 24361 59110 1066 45211
45196 19711 76184 5127 45211
45191 16687 64895 9230 45211
45196 26816 61632 6776 45211
45186 25461 73370 7791 45211
45188 15406 60611 1975 45211
45175 21978 68818 9353 45211
45183 30182 77101 5422 45211
45175 25179 81095 8583 45211
45181 19477 67717 4050 45211
45175 26982 82481 4783 45211
45182 28932 77967 2990 45211
45185 15801 56562 1618 45211
45180 45041 71934 2375 45211
45178 9840 69269 424 45211
45179 11418 56406 665 45211
45180 44234 58528 3413 45211
45178 40095 60794 3509 45211
45184 37273 70136 734 45211
45181 33341 79525 4360 45211
45178 21984 61442 5089 45211
45175 29774 64202 7713 45211
45181 18586 86504 490 45211
45177 23310 85513 4125 45211
45182 39889 62996 7286 45211
45178 34074 54874 8527 45211
45180 25308 59887 7368 45211
45182 18849 68958 5990 45211
45180 9724 84372 3719 45211
45183 38301 83846 3965 45211
45172 36691 63808 4513 45211
45173 29878 73819 4321 45211
45167 19784 63630 2395 45211
45167 29620 86130 249 45211
45168 28658 62708 1099 45211
45163 21145 54861 3280 45211
45163 11580 76533 490 45211
45166 36901 65205 9271 45211
45167 31568 71800 4570 45211
45164 32105 65371 1601 45211
45170 28823 58124 2818 45211
45168 13880 73416 9267 45211
45164 13547 62510 780 45211
45172 34822 71782 4128 45211
45172 11622 54927 2666 45211
45171 35385 64514 9031 45211
45169 39349 62714 6529 45211
45173 17131 69298 2560 45211
45173 12339 68305 9316 45211
45159 42644 80729 9162 45211
45155 31805 76158 9098 45211
45162 10550 82059 807 45211
45158 32974 84308 8908 45211
45159 24802 74357 9192 45211
45155 19535 78575 9388 45211
45156 16962 83738 1302 45211
45160 29733 63324 7282 45211
45160 36150 81807 3552 45211
45162 29598 71703 1129 45211
45162 14731 62837 6411 45211
45162 36563 69724 7416 45211
45159 37052 78599 9475 45211
45160 32873 77880 35 45211
45160 25905 84423 4462 45211
45162 39561 56224 599 45211
45156 33630 80274 399 45211
45155 34353 78199 646 45211
45162 38562 75311 3058 45211
45155 35325 55639 4887 45211
45160 40362 55002 3486 45211
45160 16160 63102 2929 45211
45157 11958 70509 7490 45211
45156 26173 61548 8048 45211
45155 10844 79920 6455 45211
45158 20498 64032 3043 45211
45162 24509 56102 3081 45211
45161 29685 65293 1807 45211
45160 30222 73067 4934 45211
45147 25754 73945 2075 45211
45148 22072 75495 8376 45211
45148 16286 81408 6938 45211
45147 29416 67759 4589 45211
45151 24592 71717 2008 45211
45148 19662 61004 7602 45211
45152 16154 70104 5001 45211
45151 41880 65971 2002 45211
45147 19601 77592 1522 45211
45153 10960 67379 477 45211
45153 40352 87844 4082 45211
45149 39345 82715 1426 45211
45148 9798 54804 6048 45211
45151 16044 70982 6477 45211
45149 26321 60298 5302 45211
45147 23028 84628 847 45211
45149 18820 59725 5790 45211
45148 12200 63479 1060 45211
45154 17028 61195 7821 45211
45148 42569 69329 5480 45211
45154 12204 63582 6495 45211
45150 29551 83376 1474 45211
45151 14676 80183 4694 45211
45147 28319 82878 8308 45211
45147 16745 63029 6794 45211
45152 21063 62784 4385 45211
45148 35905 80937 2615 45211
45147 35713 57870 2645 45211
45150 16194 85581 5008 45211
45154 27061 87078 5389 45211
45154 10081 87332 7523 45211
45147 19928 80415 2788 45211
45150 26596 71531 9048 45211
45153 41022 61227 2943 45211
45145 24842 63312 173 45211
45138 37512 68339 3798 45211
45141 16613 82186 7656 45211
45140 26144 75431 2604 45211
45144 43549 84440 6949 45211
45139 19440 84326 6042 45211
45142 43493 61584 3587 45211
45139 15657 63401 9099 45211
45140 31389 56106 24 45211
45144 24744 83568 874 45211
45140 15530 59319 637 45211
45140 16863 62924 7499 45211
45139 39588 65879 7519 45211
45143 37133 55399 2329 45211
45145 23265 87260 2425 45211
45138 11566 58919 3009 45211
45140 21197 72897 8453 45211
45140 40806 65894 5905 45211
45144 21284 61809 6803 45211
45142 42202 75428 6722 45211
45144 18889 56384 3354 45211
45137 17858 68713 1977 45211
45141 26274 69473 8897 45211
45139 30613 72350 9404 45211
45143 23210 85295 5344 45211
45140 32301 80347 3449 45211
45142 31199 64710 9157 45211
45141 17522 86250 509 45211
45140 13153 74058 3115 45211
45144 22487 54883 3772 45211
45139 41225 78339 2530 45211
45137 40670 84845 8908 45211
45142 19041 61575 4575 45211
45139 28633 80906 3109 45211
45139 22386 76740 2269 45211
45205 12689 73678 4882 45211
45203 17540 70343 2886 45211
45198 12748 65264 9267 45211
45198 15792 87023 5046 45211
45207 41501 67626 714 45211
45197 35704 83253 7489 45211
45204 43850 80789 1249 45211
45198 28301 86529 3267 45211
45207 42979 66631 8915 45211
45198 33090 79130 4718 45211
45205 14628 61946 1975 45211
45207 15572 55187 8407 45211
45205 22644 86281 291 45211
45205 22427 85420 2116 45211
45198 38069 74539 8144 45211
45206 29076 64486 2938 45211
45203 11944 65213 7534 45211
45202 19636 83284 1699 45211
45188 38802 85749 7154 45211
45193 9897 74569 3568 45211
45193 20799 79027 363 45211
45195 23131 63106 9384 45211
45196 22505 62933 160 45211
45194 11514 56902 1880 45211
45187 12013 85417 3530 45211
45186 43788 54531 5685 45211
45193 30975 67037 6104 45211
45189 36368 59970 3765 45211
45190 22738 58452 5456 45211
45190 43851 84638 2933 45211
45194 38453 68178 9201 45211
45186 12928 59427 2769 45211
45191 27001 78402 5124 45211
45187 12908 61158 8812 45211
45187 35896 75967 2238 45211
45178 18416 61994 7499 45211
45175 39343 71250 5539 45211
45183 36640 76688 7237 45211
45175 19365 68710 1962 45211
45181 18913 68716 5622 45211
45184 14339 78206 8349 45211
45176 31074 55365 7420 45211
45184 11957 82504 7814 45211
45177 28194 79624 8457 45211
45182 14595 58398 8796 45211
45175 33674 77208 3927 45211
45176 30371 62283 4402 45211
45185 26299 57928 1687 45211
45185 13456 87791 3104 45211
45178 34785 65192 8712 45211
45183 10104 76879 4422 45211
45165 31152 76458 927 45211
45171 41973 87425 4741 45211
45173 44007 70058 296 45211
45173 24542 74370 306 45211
45167 43235 80395 3278 45211
45166 28568 80825 3792 45211
45163 24060 61060 2991 45211
45170 29927 57752 4782 45211
45163 18006 74663 2546 45211
45168 11987 84528 5475 45211
45171 12538 63731 7401 45211
45170 10532 64742 2013 45211
45171 16758 83494 959 45211
45169 37288 61574 8712 45211
45169 19842 56823 7486 45211
45165 43754 61592 3170 45211
45172 28652 57185 807 45211
45165 22751 81540 8211 45211
45168 11047 63006 1870 45211
45170 38356 59872 1426 45211
45168 43311 83477 5301 45211
45167 37054 62401 8223 45211
45163 23620 83011 8704 45211
45166 15437 83289 7995 45211
45173 34286 60029 4440 45211
45165 34224 72580 996 45211
45155 28517 69929 8474 45211
45155 30402 59662 4056 45211
45162 44266 72708 8385 45211
45155 12765 75181 7339 45211
45162 29513 58107 78 45211
45159 15566 87781 3565 45211
45162 20366 55248 4364 45211
45160 19295 81700 9308 45211
45158 33295 55840 968 45211
45155 14961 82511 5714 45211
45155 18546 62179 28 45211
45160 24708 81988 5299 45211
45156 27640 64449 4318 45211
45156 43550 76962 7241 45211
45156 28541 84263 1900 45211
45160 33130 66005 5596 45211
45160 19873 81936 6339 45211
45161 26782 56041 8894 45211
45155 24431 68448 7370 45211
45156 39267 84054 5036 45211
45158 20634 73804 6820 45211
45156 12698 64041 4957 45211
45159 14775 82969 7260 45211
45157 19028 85195 6645 45211
45155 33107 69008 2557 45211
45156 14051 65283 7607 45211
45157 27434 82092 3463 45211
45155 36713 68610 4776 45211
45162 14798 55970 1127 45211
45158 35627 56873 3691 45211
45155 44067 65305 6899 45211
45156 36192 71453 6206 45211
45162 38332 63515 7300 45211
45155 43122 75093 14 45211
45155 23945 57850 4839 45211
45157 24445 72853 8907 45211
45156 38007 73342 2588 45211
45159 19087 76482 1138 45211
45156 14493 84973 4389 45211
45162 42419 76156 7207 45211
45156 36949 80886 2103 45211
45154 19420 75119 8608 45211
45154 37294 83151 4918 45211
45151 28389 84623 2459 45211
45153 22232 70004 3777 45211
45153 30905 76778 1822 45211
45154 34656 75522 7449 45211
45151 39554 67109 4571 45211
45154 40961 64468 8847 45211
45150 17196 68274 788 45211
45150 11435 56348 4785 45211
45149 17733 62740 6857 45211
45147 39430 73441 9596 45211
45154 41130 56663 2551 45211
45149 44778 70360 7177 45211
45152 14634 56535 4677 45211
45149 36091 75448 9632 45211
45150 24574 73166 9694 45211
45154 35768 63702 8367 45211
45150 35513 60086 936 45211
45149 26156 67465 1656 45211
45149 19421 67541 6629 45211
45153 37296 63210 7020 45211
45150 32443 86099 5968 45211
45152 16746 58831 9354 45211
45151 15371 87458 6379 45211
45148 43945 55375 3771 45211
45152 10857 87209 4644 45211
45151 20293 75193 6678 45211
45149 24069 69849 8700 45211
45153 21840 67633 3908 45211
45151 39408 57704 6628 45211
45150 12338 62785 7464 45211
45151 15158 85916 7740 45211
45150 35459 84124 1416 45211
45153 15307 55754 6626 45211
45154 44181 59132 6695 45211
45141 24983 72742 4565 45211
45144 27980 54853 2180 45211
45142 31186 85907 6745 45211
45143 28400 77273 2034 45211
45144 29794 87063 2440 45211
45145 35000 85337 4632 45211
45142 16333 67598 2333 45211
45137 19487 64974 6853 45211
45143 16795 81208 7709 45211
45138 23914 75244 8849 45211
45143 17945 70855 4423 45211
45137 39637 57494 6495 45211
45145 27729 63115 5858 45211
45140 15354 55688 5584 45211
45139 26106 79059 6191 45211
45145 11235 77523 5652 45211
45146 42781 80218 7080 45211
45141 22699 55518 6586 45211
45146 10597 64168 6557 45211
45143 11140 58380 1966 45211
45138 19020 73274 2831 45211
45140 16173 82616 3420 45211
45142 45010 74217 5631 45211
45143 33353 55313 4752 45211
45138 33609 57328 218 45211
45144 23076 58832 7793 45211
45139 37140 86942 6043 45211
45138 21389 67046 7412 45211
45143 39877 55528 1426 45211
45139 23523 54829 1617 45211
45146 23323 56297 6119 45211
45141 31811 56220 6999 45211
45140 37854 85588 722 45211
45144 31011 78679 5448 45211
45139 41611 72880 3922 45211
45138 39237 64778 1915 45211
45141 43968 86121 4785 45211
45145 40384 83579 8756 45211
45137 10545 71442 2071 45211
45205 29532 58111 841 45211
45203 15013 81653 161 45211
45198 11493 61736 8137 45211
45206 16241 54660 2295 45211
45204 29190 59991 2833 45211
45207 23987 71379 9224 45211
45204 43513 74735 5621 45211
45199 38233 87275 3728 45211
45202 10624 56671 8805 45211
45205 14999 83215 3779 45211
45207 30255 69378 5864 45211
45198 21918 64938 6719 45211
45198 36106 85516 1731 45211
45205 10101 60741 6672 45211
45199 14391 55761 846 45211
45207 28855 64832 6476 45211
45201 12071 64120 505 45211
45207 37070 78802 430 45211
45202 35741 68468 8466 45211
45206 36075 61555 1372 45211
45206 14171 64801 3168 45211
45199 38913 59064 2045 45211
45197 24650 64373 2676 45211
45204 18092 75551 1349 45211
45204 19911 70654 3140 45211
45206 13886 60163 3333 45211
45204 32649 67229 3968 45211
45198 37758 82042 8721 45211
45187 37813 85320 2115 45211
45186 18898 77274 8396 45211
45188 25239 62927 7871 45211
45194 31024 56938 6133 45211
45196 16487 79841 3249 45211
45190 11788 69456 3078 45211
45195 25285 79909 5200 45211
45187 27901 87505 6007 45211
45187 30792 62492 6078 45211
45192 39752 62568 9356 45211
45186 27294 58920 1065 45211
45188 44499 58274 4670 45211
45190 23541 78224 1524 45211
45193 44766 62366 2542 45211
45191 29200 60520 9033 45211
45194 32248 80490 9650 45211
45190 22843 65061 64 45211
45193 38902 87291 1424 45211
45188 13417 65066 98 45211
45192 43469 63877 596 45211
45196 22204 83770 9546 45211
45196 9955 81053 2701 45211
45188 44474 72576 3975 45211
45179 19796 82180 3184 45211
45182 36551 55548 3825 45211
45182 34510 63647 4939 45211
45184 35028 59356 3204 45211
45181 27237 58957 6606 45211
45177 36128 57383 6079 45211
45184 10854 69594 8944 45211
45178 23007 66251 9639 45211
45181 36866 72144 6466 45211
45177 15650 65928 4826 45211
45184 20900 85784 1248 45211
45184 35680 72798 7034 45211
45177 17980 76547 3453 45211
45185 18379 70566 4451 45211
45184 42543 66610 6406 45211
45175 21852 59606 1418 45211
45183 39005 59370 5135 45211
45175 18634 57531 5732 45211
45176 14967 55880 9315 45211
45175 17290 76895 2209 45211
45185 45097 86949 2579 45211
45182 40315 86628 5831 45211
45165 27129 85143 7451 45211
45167 30682 55454 4720 45211
45164 22758 61445 4953 45211
45167 17848 80131 1476 45211
45173 12787 55621 415 45211
45166 28544 78957 5026 45211
45168 36384 76522 1835 45211
45163 22446 63338 7902 45211
45169 35196 81653 1759 45211
45170 9908 77749 5912 45211
45168 37111 74372 9186 45211
45168 20187 62228 6431 45211
45171 19670 60260 8812 45211
45169 23377 79584 1522 45211
45170 13701 61152 3080 45211
45163 27183 69258 9562 45211
45169 29102 76140 8050 45211
45166 26397 85881 2022 45211
45168 41132 85789 7105 45211
45172 16305 84786 5561 45211
45168 25035 86773 2525 45211
45165 10434 59293 4220 45211
45163 37611 64889 1501 45211
45165 37747 72124 6766 45211
45172 25335 67975 8125 45211
45170 30206 61557 4974 45211
45164 31110 60517 6608 45211
45168 34111 68652 1606 45211
45160 16949 79391 3841 45211
45155 19465 55978 913 45211
45157 27072 82096 6402 45211
45161 19010 55758 5791 45211
45156 38813 58144 4609 45211
45157 34533 57354 2669 45211
45155 18520 61902 6468 45211
45160 23171 59708 3318 45211
45158 13891 55128 1788 45211
45156 28920 70438 915 45211
45155 41325 66456 6542 45211
45160 13528 60639 7238 45211
45160 16294 66613 3042 45211
45157 26126 68139 5403 45211
45159 23973 54591 1509 45211
45158 20767 77925 7468 45211
45158 43365 74353 1405 45211
45157 23581 62705 364 45211
45161 15740 73052 9291 45211
45157 30304 55765 3817 45211
45155 32756 87176 9619 45211
45158 33520 78644 400 45211
45159 34388 70802 35 45211
45162 21434 84122 7247 45211
45156 45047 62853 521 45211
45158 43802 69220 3681 45211
45160 45084 84928 6580 45211
45162 29430 74196 4099 45211
45157 25775 70886 9592 45211
45155 39312 58880 3713 45211
45158 18195 84138 382 45211
45158 26363 55014 29 45211
45157 34167 54959 6296 45211
45151 27695 58328 3221 45211
45153 22469 87688 5627 45211
45151 11980 85504 322 45211
45152 30745 69912 4567 45211
45151 43698 86974 852 45211
45152 34218 54908 5129 45211
45152 9710 68335 4679 45211
45150 43511 60417 7772 45211
45152 38700 68277 4754 45211
45151 23036 57502 8324 45211
45152 10533 73141 8515 45211
45154 34922 58740 593 45211
45154 15821 66450 5591 45211
45152 34850 56174 6352 45211
45148 40229 55725 318 45211
45150 35158 87490 5767 45211
45147 35521 60319 6904 45211
45150 28403 70530 422 45211
45153 38172 83562 2664 45211
45153 44805 73013 2239 45211
45152 39916 65222 2549 45211
45147 31052 68049 6931 45211
45154 37687 73425 2464 45211
45147 13656 66224 2970 45211
45148 17395 73366 7992 45211
45149 15640 69686 8296 45211
45148 20735 64900 9358 45211
45147 33871 72401 5995 45211
45153 25651 78360 4205 45211
45137 30150 70568 4748 45211
45144 43670 86363 9051 45211
45144 32721 71110 6112 45211
45145 18042 68065 7249 45211
45140 29176 61259 3867 45211
45138 19056 86743 462 45211
45142 39505 61645 1849 45211
45139 25358 68092 4053 45211
45144 22125 64629 684 45211
45144 12945 75068 4815 45211
45143 41004 85002 4772 45211
45140 45033 56372 170 45211
45144 22217 78197 2381 45211
45145 35539 65014 9203 45211
45146 28024 65479 8438 45211
45146 32220 68393 1400 45211
45146 32230 84421 8250 45211
45138 31390 57321 6486 45211
45141 19097 68898 9370 45211
45139 12462 76669 254 45211
45142 24006 64052 4869 45211
45144 15648 65714 986 45211
45145 43198 65787 9259 45211
45146 40479 59411 468 45211
45140 43398 65560 3825 45211
45139 21856 68723 2264 45211
45140 41873 60459 4630 45211
45144 45013 76215 3728 45211
45143 33088 87302 4130 45211
45137 18016 56610 4254 45211
45203 38658 70836 7710 45211
45205 32409 82939 1082 45211
45203 25476 58519 2101 45211
45201 17016 76292 3408 45211
45205 33921 56343 7374 45211
45206 11094 62011 8503 45211
45205 42260 54926 115 45211
45204 20871 55295 4618 45211
45201 36526 63963 2589 45211
45199 33381 62577 7293 45211
45206 35269 55354 3600 45211
45207 43464 55392 1065 45211
45199 36553 82741 7689 45211
45206 13569 73116 4977 45211
45198 23067 59008 5811 45211
45197 11454 67016 9179 45211
45199 41359 59505 1985 45211
45197 22920 76610 7327 45211
45206 40377 59891 4672 45211
45205 29109 62940 6783 45211
45192 15930 71355 4987 45211
45191 36063 64433 4815 45211
45191 40942 83758 9031 45211
45196 33031 79838 6933 45211
45195 15601 58421 2769 45211
45188 22800 57010 387 45211
45193 16765 70074 5343 45211
45188 15076 56095 929 45211
45193 41378 74135 4959 45211
45196 13084 82793 3044 45211
45191 32281 78940 7249 45211
45187 24305 73447 2580 45211
45191 18970 61366 2681 45211
45187 36638 56916 9275 45211
45193 24888 75560 220 45211
45193 28989 63468 9286 45211
45187 40996 63646 2816 45211
45191 28965 55177 4399 45211
45189 18752 77364 1676 45211
45188 22508 63616 3344 45211
45190 35759 81295 3118 45211
45195 34838 69436 5193 45211
45190 43969 63511 2549 45211
45194 12499 72054 1952 45211
45194 13366 70958 1829 45211
45188 44199 71488 3494 45211
45177 40134 84850 8995 45211
45177 37682 77900 9232 45211
45183 39292 68091 7996 45211
45178 17771 78074 6706 45211
45174 11491 62787 9003 45211
45176 39624 87095 8817 45211
45181 10590 78004 3532 45211
45179 26817 85399 5837 45211
45178 24933 75001 5601 45211
45184 16045 69628 517 45211
45184 24596 56534 3826 45211
45179 30987 69560 1844 45211
45176 10057 78035 1206 45211
45182 41744 61758 4993 45211
45176 42242 66325 7258 45211
45182 22831 56840 8700 45211
45184 25108 56582 8966 45211
45181 18821 61693 9537 45211
45184 11028 87777 6542 45211
45174 24345 80539 7847 45211
45175 19011 73478 8388 45211
45184 22445 73604 5429 45211
45180 10180 60439 5444 45211
45163 41247 60330 1886 45211
45167 35983 55768 3662 45211
45163 34254 68486 71 45211
45170 35386 70591 3927 45211
45164 23597 63134 3836 45211
45172 21951 55561 5327 45211
45170 26647 55125 8148 45211
45173 30347 71710 161 45211
45168 38868 56391 2317 45211
45166 33328 56140 1801 45211
45173 31096 58770 8603 45211
45169 42388 75042 9438 45211
45169 29355 75521 4069 45211
45165 22249 61441 5744 45211
45169 27881 57176 2762 45211
45169 34642 77368 2166 45211
45168 27274 68413 5593 45211
45173 18187 79231 8426 45211
45170 21288 84670 3665 45211
45172 29901 80201 3636 45211
45171 25601 69335 1466 45211
45162 29445 71939 81 45211
45155 38113 57695 558 45211
45161 28096 56564 866 45211
45160 32784 66323 8860 45211
45162 42325 65108 4258 45211
45159 18474 66482 8351 45211
45160 36443 75321 7801 45211
45155 21412 82045 4766 45211
45155 19499 79600 5510 45211
45161 30649 60175 5306 45211
45158 26284 65223 5226 45211
45157 35207 74904 562 45211
45161 14880 60361 4487 45211
45157 36572 63041 3382 45211
45160 15939 82378 4788 45211
45157 39087 59114 6345 45211
45160 16282 87344 5632 45211
45160 14578 80755 3369 45211
45157 22756 62281 6941 45211
45160 15492 86236 7735 45211
45162 37385 77109 9080 45211
45156 42888 65640 1350 45211
45161 18471 60503 1826 45211
45158 34511 84652 4559 45211
45162 15608 58463 6988 45211
45157 27041 86150 717 45211
45157 42136 73470 1062 45211
45155 27016 74848 2353 45211
45158 39833 57573 2849 45211
45157 14730 74393 6101 45211
45158 32803 62595 6538 45211
45155 44757 57311 8210 45211
45158 16633 58733 5411 45211
45154 21299 68859 8142 45211
45149 25284 63144 2193 45211
45153 34512 77890 9090 45211
45147 11115 68936 9472 45211
45148 21089 79305 2630 45211
45152 13684 67628 7060 45211
45147 15621 54555 4244 45211
45152 12722 61389 162 45211
45147 19069 78429 8647 45211
45153 23764 54596 1690 45211
45150 34539 85085 259 45211
45153 41244 65431 5702 45211
45147 36288 64383 2140 45211
45150 41070 74097 6461 45211
45153 30215 63947 399 45211
45152 23449 80425 6334 45211
45152 13808 70478 1326 45211
45153 13125 78882 2198 45211
45154 14629 87482 9097 45211
45153 42572 69413 3976 45211
45151 14290 68008 596 45211
45149 35150 55923 9126 45211
45147 24058 58382 5744 45211
45147 38706 77898 6107 45211
45147 43020 76066 3122 45211
45153 32874 84221 2509 45211
45149 21426 86306 4238 45211
45154 17841 75031 1935 45211
45150 27108 77337 7663 45211
45147 26556 61005 233 45211
45138 31976 71844 882 45211
45144 44873 69494 4692 45211
45139 40129 67882 991 45211
45137 30329 74720 1500 45211
45142 28274 84650 4644 45211
45142 29860 71504 2655 45211
45142 29797 80364 2896 45211
45139 33433 65197 1747 45211
45139 17267 64080 7859 45211
45139 24870 59690 4926 45211
45144 26771 84906 6952 45211
45141 31933 85608 3796 45211
45144 14395 54547 2230 45211
45141 32188 76887 4719 45211
45138 26324 58389 143 45211
45140 16591 75271 4876 45211
45141 23395 54484 7642 45211
45142 32787 79743 9308 45211
45138 12558 79957 5953 45211
45143 35267 60061 2848 45211
45143 17547 56913 6924 45211
45144 41447 66757 9551 45211
45138 39249 87008 5026 45211
45137 29649 68019 3911 45211
45143 33607 59539 1638 45211
45139 34412 58141 8827 45211
45139 44517 63489 7061 45211
45139 29934 62221 4793 45211
45139 39457 86781 781 45211
45140 17693 66098 8006 45211
45144 36524 84857 6237 45211
45144 19495 56319 7772 45211
45145 42827 57869 2497 45211
45144 34101 87518 7280 45211
45139 36067 62635 7247 45211
45142 15799 85977 7930 45211
45144 30753 55884 330 45211
45141 17783 67391 8724 45211
45139 24055 67870 1312 45211
45141 32332 61878 8863 45211
45138 17607 85661 6351 45211
45144 43163 80429 9505 45211
45205 28054 72451 3917 45211
45201 17730 78716 8686 45211
45206 36326 58453 2178 45211
45199 32929 77587 6161 45211
45206 24632 58715 9627 45211
45207 37741 76208 546 45211
45205 32260 83824 4831 45211
45189 43403 75341 9569 45211
45190 19612 59533 6030 45211
45187 36184 58087 5495 45211
45186 35531 64908 5156 45211
45194 20242 78734 3049 45211
45190 21099 65081 6420 45211
45187 36928 78455 8123 45211
45194 12836 55660 9088 45211
45196 31254 87811 7722 45211
45194 17640 55561 6972 45211
45177 40132 58262 3854 45211
45179 27945 83371 5490 45211
45181 17316 58877 4236 45211
