36293 18672 56739 1298 36297
36293 18672 63475 1298 36296
36293 18672 67879 1298 36296
36293 18672 68334 1298 36296
36293 18672 62122 1298 36296
36293 18672 57977 1298 36296
36293 18672 51281 1298 36297
36293 18672 70249 1298 36296
36293 18672 48729 1298 36297
36293 18672 67003 1298 36296
36293 18672 71584 1298 36296
36293 18672 60161 1298 36296
36293 18672 70673 1298 36296
36293 18672 57746 1298 36296
36293 18672 65690 1298 36296
36293 18672 58014 1298 36297
36293 18672 69969 1298 36296
36293 18672 67668 1298 36296
36293 18672 56830 1298 36296
36293 18672 61631 1298 36296
36293 18672 74273 1298 36296
36293 18672 73940 1298 36296
36293 18672 61091 1298 36297
36293 18672 58000 1298 36296
36293 18672 67846 1298 36296
36293 18672 69427 1298 36296
36293 18672 59923 1298 36296
36293 18672 74262 1298 36296
36293 18672 70870 1298 36296
36293 18672 72720 1298 36296
36293 18672 72850 1298 36296
36293 18672 67389 1298 36296
36293 18672 65198 1298 36296
36293 18672 62701 1298 36296
36293 18672 70635 1298 36296
36293 18672 63840 1298 36297
36293 18672 62985 1298 36296
36293 18672 72794 1298 36296
36293 18672 73372 1298 36296
36293 18672 46192 1298 36297
36293 18672 62783 1298 36296
36293 18672 70764 1298 36296
36293 18672 57908 1298 36296
36293 18672 67263 1298 36296
36293 18672 58330 1298 36296
36293 18672 61775 1298 36296
36293 18672 64486 1298 36296
36293 18672 62582 1298 36296
36293 18672 56622 1298 36296
36293 18672 49789 1298 36297
36293 18672 69317 1298 36296
36293 18672 59438 1298 36296
36293 18672 64769 1298 36296
36293 18672 59557 1298 36297
36293 18672 62331 1298 36296
36293 18672 66252 1298 36296
36293 18672 56556 1298 36296
36293 18672 56585 1298 36296
36293 18672 57358 1298 36296
36293 18672 48607 1298 36297
36293 18672 48047 1298 36297
36293 18672 63024 1298 36296
36293 18672 62197 1298 36297
36293 18672 72579 1298 36297
36293 18672 74295 1298 36296
36293 18672 65037 1298 36296
36293 18672 61609 1298 36296
36293 18672 67451 1298 36296
36293 18672 63760 1298 36296
36293 18672 67460 1298 36296
36293 18672 63188 1298 36296
36293 18672 71422 1298 36296
36293 18672 60719 1298 36296
36293 18672 70982 1298 36296
36293 18672 62933 1298 36296
36293 18672 58361 1298 36296
36293 18672 67156 1298 36296
36293 18672 59070 1298 36296
36293 18672 56984 1298 36296
36293 18672 74015 1298 36296
36293 18672 66239 1298 36297
36293 18672 68439 1298 36296
36293 18672 65438 1298 36297
36293 18672 72284 1298 36296
36293 18672 60609 1298 36296
36293 18672 72473 1298 36296
36293 18672 47513 1298 36297
36293 18672 58124 1298 36296
36293 18672 61268 1298 36296
36293 18672 53056 1298 36297
36293 18672 62969 1298 36296
36293 18672 69533 1298 36297
36293 18672 57531 1298 36296
36293 18672 64336 1298 36296
36293 18672 77397 1298 36297
36293 18672 63279 1298 36296
36293 18672 47761 1298 36297
36293 18672 66919 1298 36296
36293 18672 73899 1298 36296
36293 18672 65616 1298 36296
36293 18672 63667 1298 36296
36293 18672 64409 1298 36296
36293 18672 72563 1298 36296
36293 18672 51074 1298 36297
36293 18672 65109 1298 36296
36293 18672 61243 1298 36296
36293 18672 50566 1298 36297
36293 18672 64768 1298 36297
36293 18672 45736 1298 36297
36293 18672 66278 1298 36296
36293 18672 62649 1298 36296
36293 18672 57191 1298 36296
36293 18672 74407 1298 36297
36293 18672 60746 1298 36296
36293 18672 71671 1298 36296
36293 18672 56825 1298 36296
36293 18672 72221 1298 36296
36293 18672 50852 1298 36297
36293 18672 63747 1298 36297
36293 18672 46694 1298 36297
36293 18672 57313 1298 36296
36293 18672 56745 1298 36296
36293 18672 58842 1298 36297
36293 18672 65736 1298 36296
36293 18672 57888 1298 36296
36293 18672 49402 1298 36297
36293 18672 67810 1298 36296
36293 18672 64622 1298 36296
36293 18672 70948 1298 36297
36293 18672 50812 1298 36297
36293 18672 67756 1298 36296
36293 18672 72275 1298 36296
36293 18672 46549 1298 36297
36293 18672 64600 1298 36297
36293 18672 74307 1298 36296
36293 18672 59570 1298 36296
36293 18672 50041 1298 36297
36293 18672 60151 1298 36296
36293 18672 68965 1298 36296
36293 18672 50614 1298 36297
36293 18672 74320 1298 36296
36293 18672 59745 1298 36296
36293 18672 73335 1298 36296
36293 18672 73771 1298 36296
36293 18672 63382 1298 36297
36293 18672 65401 1298 36296
36293 18672 67548 1298 36296
36293 18672 60106 1298 36296
36293 18672 69275 1298 36296
36293 18672 56684 1298 36296
36293 18672 53896 1298 36297
36293 18672 56672 1298 36296
36293 18672 67466 1298 36296
36293 18672 57322 1298 36296
36293 18672 58250 1298 36296
36293 18672 57174 1298 36296
36293 18672 63727 1298 36296
36293 18672 72662 1298 36297
36293 18672 67205 1298 36296
36293 18672 67382 1298 36296
36293 18672 64129 1298 36296
36293 18672 56593 1298 36297
36293 18672 65417 1298 36296
36293 18672 67732 1298 36296
36293 18672 57490 1298 36296
36293 18672 60254 1298 36296
36293 18672 67154 1298 36296
36293 18672 71636 1298 36296
36293 18672 57087 1298 36296
36293 18672 57979 1298 36296
36293 18672 68693 1298 36296
36293 18672 57876 1298 36296
36293 18672 69753 1298 36296
36293 18672 58644 1298 36296
36293 18672 63836 1298 36296
36293 18672 68912 1298 36296
36293 18672 62268 1298 36296
36293 18672 62480 1298 36296
36293 18672 69770 1298 36296
36293 18672 57710 1298 36296
36293 18672 71051 1298 36296
36293 18672 71654 1298 36296
36293 18672 61487 1298 36296
36293 18672 46887 1298 36297
36293 18672 59323 1298 36296
36293 18672 59634 1298 36296
36293 18672 67261 1298 36296
36293 18672 58995 1298 36296
36293 18672 69393 1298 36296
36293 18672 68291 1298 36296
36293 18672 67627 1298 36296
36293 18672 57528 1298 36297
36293 18672 63679 1298 36296
36293 18672 59336 1298 36296
36293 18672 61683 1298 36296
36293 18672 68482 1298 36297
36293 18672 57099 1298 36296
36293 18672 66195 1298 36296
36293 18672 57011 1298 36296
36293 18672 70865 1298 36296
36293 18672 62520 1298 36296
36293 18672 62385 1298 36296
36293 18672 64973 1298 36296
36293 18672 57508 1298 36296
36293 18672 69657 1298 36296
36293 18672 61453 1298 36296
36293 18672 63079 1298 36296
36293 18672 71671 1298 36296
36293 18672 59799 1298 36296
36293 18672 60709 1298 36296
36293 18672 65873 1298 36296
36293 18672 64672 1298 36296
36293 18672 61905 1298 36296
36293 18672 60420 1298 36297
36293 18672 64317 1298 36296
36293 18672 69336 1298 36296
36293 18672 65186 1298 36296
36293 18672 68531 1298 36296
36293 18672 56319 1298 36296
36293 18672 56616 1298 36296
36293 18672 53631 1298 36297
36293 18672 68281 1298 36297
36293 21937 71637 3846 36296
36293 21937 67981 3846 36296
36293 21937 56207 3846 36296
36293 21937 56548 3846 36296
36293 21937 71637 3846 36296
36293 21937 72063 3846 36296
36293 21937 56207 3846 36296
36293 21937 56548 3846 36296
36293 21937 71637 3846 36296
36293 21937 72063 3846 36296
36293 21937 71902 3846 36296
36293 21937 56548 3846 36296
36293 21937 64542 3846 36296
36293 21937 72063 3846 36296
36293 21937 71902 3846 36296
36293 21937 56548 3846 36296
36293 21937 72063 3846 36296
36293 21937 71902 3846 36296
36293 21937 56548 3846 36296
36293 21937 56743 3846 36296
36293 21937 64934 3846 36296
36293 21937 72063 3846 36296
36293 21937 56207 3846 36296
36293 21937 56548 3846 36296
36293 21937 56743 3846 36296
36293 21937 60274 3846 36296
36293 21937 72063 3846 36296
36293 21937 56207 3846 36296
36293 21937 60274 3846 36296
36293 21937 56207 3846 36296
36293 21937 62918 3846 36296
36293 21937 56680 3846 36296
36293 21937 60274 3846 36296
36293 21937 56207 3846 36296
36293 21937 56680 3846 36296
36293 21937 60274 3846 36296
36293 21937 56207 3846 36296
36293 21937 56680 3846 36296
36293 21937 56207 3846 36296
36293 21937 62918 3846 36296
36293 21937 62918 3846 36296
36293 21937 64542 3846 36296
36293 21937 56743 3846 36296
36293 21937 62918 3846 36296
36293 21937 64542 3846 36296
36293 21937 57865 3846 36296
36293 21937 67981 3846 36296
36293 21937 56743 3846 36296
36293 21937 62918 3846 36296
36293 21937 64542 3846 36296
36293 21937 57865 3846 36296
36293 21937 67981 3846 36296
36293 21937 56743 3846 36296
36293 21937 62918 3846 36296
36293 21937 57865 3846 36296
