36293 14465 48448 616 36297
36293 17616 49536 1342 36297
36293 24483 59393 6740 36297
36293 34129 63961 1255 36297
36293 26917 53720 2255 36297
36293 18829 56885 5466 36297
36293 34261 70802 1880 36297
36293 13481 56637 766 36297
36293 20194 73302 7294 36297
36293 30287 47245 7142 36297
36293 34141 69470 7087 36297
36293 27139 69552 8287 36297
36293 27175 45386 1829 36297
36293 15405 52136 3347 36297
36293 32061 77007 2093 36297
36293 11561 68234 4748 36297
36293 26614 52282 2667 36297
36293 34657 58168 3329 36297
36293 22507 57918 649 36297
36293 21284 67817 4896 36297
36293 34604 46759 3073 36297
36293 24341 69659 3436 36297
36293 22942 55193 6478 36297
36293 26232 75712 704 36297
36293 26070 75535 5871 36297
36293 33870 46057 9668 36297
36293 11898 49219 8646 36297
36293 19391 68811 665 36297
36293 25128 74730 266 36297
36293 25916 67297 5074 36297
36293 28820 64721 7202 36297
36293 20711 73478 9214 36297
36293 35471 75705 6416 36297
36293 20875 58363 3391 36297
36293 27452 55720 716 36297
36293 32817 49670 1755 36297
36293 26570 50189 3945 36297
36293 11431 55458 8904 36297
36293 34347 56646 4640 36297
36293 29087 48701 407 36297
36293 24576 51089 1893 36297
36293 12277 76818 2550 36297
36293 30576 60781 6673 36297
36293 32764 64879 9500 36297
36293 35384 54850 2784 36297
36293 36003 60326 3430 36297
36293 24631 63770 606 36297
36293 25017 66057 5457 36297
36293 16864 67333 2413 36297
36293 32076 76693 2448 36297
36293 31074 53537 1322 36297
36293 27878 74070 483 36297
36293 18895 53535 8357 36297
36293 24169 65212 7158 36297
36293 10177 74927 5137 36297
36293 14967 67296 5367 36297
36293 24385 55004 7938 36297
36293 23101 60006 3331 36297
36293 16823 50145 701 36297
36293 24781 45800 7733 36297
36293 25766 68347 4433 36297
36293 26470 77217 2269 36297
36293 34026 78050 8597 36297
36293 9962 49997 2241 36297
36293 16711 59062 2526 36297
36293 23827 73659 7393 36297
36293 19396 57527 5449 36297
36293 13063 51521 9592 36297
36293 27663 48179 1080 36297
36293 10474 49180 8565 36297
36293 29388 52221 7300 36297
36293 29005 64887 5893 36297
36293 30606 68849 2159 36297
36293 13455 69564 436 36297
36293 36199 66984 431 36297
36293 22237 53454 3491 36297
36293 12257 75867 4088 36297
36293 30989 52565 7421 36297
36293 11382 61616 7322 36297
36293 34683 47719 7137 36297
36293 25448 71322 3066 36297
36293 25539 48219 6820 36297
36293 20447 69054 8624 36297
36293 11200 52790 6618 36297
36293 9765 75427 3052 36297
36293 15273 56479 6152 36297
36293 23788 54507 3088 36297
36293 19217 57265 4084 36297
36293 11225 67248 4804 36297
36293 18645 72405 1061 36297
36293 32632 56736 4109 36297
36293 26147 47456 4276 36297
36293 12634 48305 1038 36297
36293 31332 55678 2761 36297
36293 13035 47360 6052 36297
36293 22941 73666 3837 36297
36293 16480 45214 9641 36297
36293 31731 71641 3232 36297
36293 10981 72630 5980 36297
36293 14763 74414 174 36297
36293 20798 52984 6709 36297
36293 22843 49129 6516 36297
36293 18584 45425 5840 36297
36293 10655 75844 4732 36297
36293 18499 65311 6600 36297
36293 35467 74111 6691 36297
36293 33810 62417 258 36297
36293 22244 53795 9644 36297
36293 30734 50850 3838 36297
36293 18703 73818 9178 36297
36293 22150 48045 1375 36297
36293 10039 45354 3504 36297
36293 17145 77017 8823 36297
36293 28437 65455 7723 36297
36293 19546 75014 8993 36297
36293 34661 58550 6214 36297
36293 29695 46707 9146 36297
36293 27225 67927 4862 36297
36293 25908 55433 6534 36297
36293 26309 55976 1645 36297
36293 10653 77086 7952 36297
36293 10079 66420 7066 36297
36293 19636 55278 6715 36297
36293 25783 62489 52 36297
36293 35511 67604 914 36297
36293 35494 67328 8901 36297
36293 20314 50330 6959 36297
36293 19506 56634 4026 36297
36293 23233 66696 3401 36297
36293 35954 75284 8043 36297
36293 10422 76932 8546 36297
36293 29427 63148 7048 36297
36293 9873 54523 2085 36297
36293 33881 49638 2844 36297
36293 12524 66034 7917 36297
36293 11552 57337 8675 36297
36293 35674 60203 6326 36297
36293 27483 50380 708 36297
36293 24845 77125 6339 36297
36293 23983 49084 7564 36297
36293 29073 54310 6835 36297
36293 14417 58621 2063 36297
36293 13193 76315 7572 36297
36293 22331 54137 2006 36297
36293 35141 75813 397 36297
36293 19062 56331 8286 36297
36293 31025 49167 6532 36297
36293 30980 57074 7819 36297
36293 10836 58531 4102 36297
36293 34562 68177 8532 36297
36293 27641 50544 5306 36297
36293 12269 45378 4358 36297
36293 22123 55722 1448 36297
36293 13828 45530 6427 36297
36293 31177 71949 3679 36297
36293 23750 50149 3268 36297
36293 25870 56761 2550 36297
36293 13258 67459 2498 36297
36293 23421 73526 3039 36297
36293 24608 49845 3758 36297
36293 33970 75539 8594 36297
36293 26229 60793 5518 36297
36293 29960 50876 321 36297
36293 18974 76691 9680 36297
36293 23224 75054 779 36297
36293 32273 75066 3901 36297
36293 11865 57066 4010 36297
36293 30887 50294 8230 36297
36293 20998 60119 7614 36297
36293 35670 64514 4018 36297
36293 25380 52642 5464 36297
36293 33289 74943 6906 36297
36293 32491 64031 9262 36297
36293 26795 62594 7660 36297
36293 24351 74742 1248 36297
36293 31854 74723 4725 36297
36293 23249 48627 7376 36297
36293 35886 60294 3037 36297
36293 26050 56656 6493 36297
36293 20376 53731 9129 36297
36293 29910 48189 2751 36297
36293 17729 49518 9171 36297
36293 33215 54929 5485 36297
36293 32882 56787 8083 36297
36293 35084 74437 5268 36297
36293 31860 59547 7767 36297
36293 13448 47864 4065 36297
36293 31278 48082 1494 36297
36293 12662 63300 1017 36297
36293 13109 60715 2174 36297
36293 16409 72518 2044 36297
36293 12186 69195 5236 36297
36293 34369 62623 707 36297
36293 25749 54964 4678 36297
36293 30002 59122 7508 36297
36293 16796 70637 1643 36297
36293 32829 75258 6824 36297
36293 32836 70442 3689 36297
36293 29964 56560 332 36297
36293 22986 69981 144 36297
36293 19186 60623 1715 36297
36293 33291 62064 4316 36297
36293 20733 53404 61 36297
36293 25688 57610 3901 36297
36293 13329 59076 830 36297
36293 32048 74181 4192 36297
36293 10651 76816 220 36297
36293 21807 60270 9601 36297
36293 24897 72995 7353 36297
36293 12796 68429 5672 36297
36293 11735 68823 2643 36297
36293 34922 76993 1848 36297
36293 20845 52675 2800 36297
36293 17464 76687 668 36297
36293 33075 53235 8015 36297
36293 16657 49526 7324 36297
36293 26258 77641 4621 36297
36293 21549 53482 6144 36297
36293 12217 59211 5739 36297
36293 22240 76150 4954 36297
36293 13637 66201 4759 36297
36293 34853 75084 163 36297
36293 21485 75018 4799 36297
36293 11366 65590 6605 36297
36293 27389 59977 4314 36297
36293 16964 77748 888 36297
36293 30273 50225 8330 36297
36293 19262 64891 3067 36297
36293 17865 69828 3945 36297
36293 20410 56009 8079 36297
36293 22606 71968 50 36297
36293 25625 65255 8606 36297
36293 18966 55932 9330 36297
36293 18004 57983 2293 36297
36293 25717 71182 2028 36297
36293 30879 66574 4260 36297
36293 25185 47468 7076 36297
36293 24274 60312 2006 36297
36293 11532 67040 8170 36297
36293 24172 59401 1987 36297
36293 10095 56790 7459 36297
36293 31141 53965 5926 36297
36293 27800 75361 4395 36297
36293 19880 70696 2286 36297
36293 16555 67028 6550 36297
36293 16070 73592 3345 36297
36293 15142 54502 965 36297
36293 22004 50536 5692 36297
36293 32277 54477 6130 36297
36293 23848 73978 2206 36297
36293 22726 48460 6360 36297
36293 18988 57234 4871 36297
36293 24136 72605 7101 36297
36293 32442 48870 6921 36297
36293 12922 68346 1729 36297
36293 32445 60402 5386 36297
36293 14552 76257 9532 36297
36293 32218 72607 5729 36297
36293 25342 53964 4840 36297
36293 22943 48062 4524 36297
36293 12225 61797 5600 36297
36293 17066 46585 3016 36297
36293 16643 62646 793 36297
36293 32709 47525 678 36297
36293 10237 51237 6494 36297
36293 31018 67804 3808 36297
36293 28068 47536 1382 36297
36293 21710 77401 2669 36297
36293 31084 58331 5801 36297
36293 32700 51617 7376 36297
36293 28457 55587 4607 36297
36293 10074 77129 870 36297
36293 17986 68915 4112 36297
36293 12841 66785 7761 36297
36293 11525 74090 7515 36297
36293 32377 52359 4734 36297
36293 28561 60724 1862 36297
36293 33848 52880 4217 36297
36293 15935 67254 8816 36297
36293 14557 47103 5923 36297
36293 13331 63825 7937 36297
36293 24778 74577 4736 36297
36293 13136 45077 38 36297
36293 10778 63161 7774 36297
36293 14237 68076 2501 36297
36293 13589 65955 3167 36297
36293 25494 68427 3717 36297
36293 12892 57181 8379 36297
36293 34860 70812 6539 36297
36293 35442 50460 6848 36297
36293 16772 45317 4403 36297
36293 10775 60475 2512 36297
36293 31643 54657 5534 36297
36293 15767 55479 6629 36297
36293 30275 69861 4581 36297
36293 29510 70954 2525 36297
36293 26869 49396 5463 36297
36293 33089 46256 2839 36297
36293 29805 49231 8670 36297
36293 21206 47027 1513 36297
36293 25309 64038 6984 36297
36293 22856 69623 5276 36297
36293 26373 71664 3647 36297
36293 24942 73463 3358 36297
36293 16207 71828 1208 36297
36293 24262 54176 9161 36297
36293 27119 67200 8755 36297
36293 10380 54993 3508 36297
36293 17751 60210 4488 36297
36293 28876 57908 1099 36297
36293 32308 76787 367 36297
36293 15147 49558 891 36297
36293 23094 51569 8547 36297
36293 14528 72400 7620 36297
36293 34012 72094 3291 36297
36293 31087 63411 5336 36297
36293 25660 68559 3919 36297
36293 19596 72032 5749 36297
36293 32732 75031 7034 36297
36293 34876 50757 6037 36297
36293 20729 76965 9151 36297
36293 24868 62987 7109 36297
36293 33846 77852 7456 36297
36293 11943 68298 8421 36297
36293 11177 69258 8844 36297
36293 33061 69141 572 36297
36293 23881 71717 7478 36297
36293 25441 60494 7152 36297
36293 13271 76301 1173 36297
36293 32159 72012 7839 36297
36293 10885 53036 6426 36297
36293 21256 68167 642 36297
36293 13260 74663 1041 36297
36293 24876 67526 3483 36297
36293 20404 67459 9100 36297
36293 12474 64875 2056 36297
36293 33239 52369 8818 36297
36293 29987 51391 7984 36297
36293 29797 53370 5238 36297
36293 30689 68199 7407 36297
36293 27143 76499 4020 36297
36293 16945 50438 7285 36297
36293 27295 67713 9286 36297
36293 27727 76289 2035 36297
36293 19641 54275 3099 36297
36293 22464 54427 980 36297
36293 15124 63836 1668 36297
36293 29922 52914 4788 36297
36293 14124 60580 1424 36297
36293 15187 74828 5189 36297
36293 26226 77043 5022 36297
36293 23521 55732 892 36297
36293 11256 50863 4512 36297
36293 27239 53694 4374 36297
36293 23063 77827 1082 36297
36293 20968 75326 2827 36297
36293 16000 58972 1601 36297
36293 17565 53510 1694 36297
36293 24365 62878 7374 36297
36293 28952 49887 1627 36297
36293 24183 78115 6511 36297
36293 22537 71768 3138 36297
36293 32885 56104 9249 36297
36293 12466 69002 5080 36297
36293 16014 65010 5463 36297
36293 14751 55892 7706 36297
36293 20169 70407 2347 36297
36293 25702 73673 8142 36297
36293 35333 47330 5057 36297
36293 9758 55276 2562 36297
36293 17944 48487 9165 36297
36293 23749 63797 3855 36297
36293 20426 51532 3916 36297
36293 22682 54249 7933 36297
36293 11754 56171 1946 36297
36293 28262 64985 4073 36297
36293 16493 46173 5980 36297
36293 28395 59121 7316 36297
36293 31774 56334 402 36297
36293 20673 63748 2499 36297
36293 15887 75071 5672 36297
36293 18821 51951 9053 36297
36293 15207 48957 3089 36297
36293 29588 53418 7111 36297
36293 25553 58189 1561 36297
36293 12170 69647 5804 36297
36293 9807 77184 2445 36297
36293 14675 73497 4051 36297
36293 23602 63527 7084 36297
36293 21824 78079 2215 36297
36293 15961 49263 6231 36297
36293 25741 71388 1312 36297
36293 28695 45102 9592 36297
36293 25334 50613 3103 36297
36293 31194 76613 9383 36297
36293 32198 66863 5027 36297
36293 31018 65604 6409 36297
36293 13849 77863 7690 36297
36293 20110 74590 1930 36297
36293 17002 63896 3597 36297
36293 12677 76580 2987 36297
36293 30158 76669 6920 36297
36293 31859 57314 8503 36297
36293 12210 74635 9150 36297
36293 23577 54291 905 36297
36293 16329 46130 1890 36297
36293 11615 68169 4905 36297
36293 21254 72732 3676 36297
36293 15500 63167 7206 36297
36293 29829 65039 9532 36297
36293 11775 68052 5464 36297
36293 33175 73040 1243 36297
36293 35463 57770 1748 36297
36293 12977 53465 3987 36297
36293 30964 54017 5529 36297
36293 16201 72076 2824 36297
36293 11033 77352 9610 36297
36293 25671 60341 1513 36297
36293 34455 46152 2409 36297
36293 19325 65149 7748 36297
36293 22965 74470 6590 36297
36293 16078 59885 1714 36297
36293 13619 61240 7158 36297
36293 11289 71714 7960 36297
36293 33730 51712 4808 36297
36293 17004 50303 5669 36297
36293 16171 45660 728 36297
36293 20791 57227 9683 36297
36293 26233 73744 4409 36297
36293 12512 48707 7776 36297
36293 18319 65222 8520 36297
36293 29002 46828 6408 36297
36293 30992 74933 2027 36297
36293 20978 61587 2716 36297
36293 33186 64568 3955 36297
36293 31834 64346 7228 36297
36293 28803 66725 1798 36297
36293 35120 57616 363 36297
36293 35024 55309 9216 36297
36293 10837 51961 2031 36297
36293 27000 77494 875 36297
36293 21208 77298 8791 36297
36293 27037 71474 8486 36297
36293 12367 52750 1278 36297
36293 16252 68788 5608 36297
36293 27736 65677 8767 36297
36293 18658 66312 9406 36297
36293 32991 77807 8404 36297
36293 12576 48579 2622 36297
36293 18673 58304 753 36297
36293 19467 62159 6853 36297
36293 13433 49000 2512 36297
36293 13494 57459 5263 36297
36293 13238 77870 3189 36297
36293 21376 52066 5294 36297
36293 29216 67580 4574 36297
36293 25462 46480 4165 36297
36293 35740 59472 8457 36297
36293 29984 49484 3598 36297
36293 14324 77925 6733 36297
36293 27679 48977 7577 36297
36293 19936 57619 2331 36297
36293 16894 74387 1586 36297
36293 28732 58026 4370 36297
36293 16238 46342 2188 36297
36293 9775 48671 4767 36297
36293 12565 45770 336 36297
36293 34892 46453 1107 36297
36293 13742 77519 5241 36297
36293 15969 74958 6506 36297
36293 10541 50865 9056 36297
36293 33836 58123 3125 36297
36293 35859 63237 8078 36297
36293 31209 46165 7325 36297
36293 23476 76964 6317 36297
36293 13110 76851 7094 36297
36293 14293 49306 8763 36297
36293 27488 62954 7852 36297
36293 18536 68176 7144 36297
36293 33709 69934 8192 36297
36293 26685 57669 7104 36297
36293 16858 59475 2281 36297
36293 25829 52207 4205 36297
36293 27387 73273 6632 36297
36293 15062 69689 3598 36297
36293 19395 72989 6440 36297
36293 21481 65882 397 36297
36293 35843 52673 8938 36297
36293 24695 67150 2815 36297
36293 29307 65680 818 36297
36293 11690 63069 7708 36297
36293 25109 53236 1427 36297
36293 31770 50529 8223 36297
36293 24433 64425 8094 36297
36293 33589 64846 4502 36297
36293 12935 59828 7819 36297
36293 30112 69762 4683 36297
36293 34165 55930 4127 36297
36293 16233 55507 9049 36297
36293 30981 50690 6043 36297
36293 12368 66989 7093 36297
36293 27065 52605 7609 36297
36293 26816 60525 7408 36297
36293 34267 49706 4341 36297
36293 14238 55082 1121 36297
36293 12663 50417 8761 36297
36293 21487 49122 6371 36297
36293 15307 51975 8931 36297
36293 30494 52217 5286 36297
36293 36102 47143 5667 36297
36293 14608 59103 7179 36297
36293 11537 57032 2541 36297
36293 29900 62770 5094 36297
36293 16065 55854 8240 36297
36293 33851 71038 7222 36297
36293 24086 46612 7864 36297
36293 19816 76053 119 36297
36293 26817 55841 4913 36297
36293 35791 74211 1083 36297
36293 14550 46027 5528 36297
36293 20326 76019 175 36297
36293 12419 61556 80 36297
36293 28351 67940 693 36297
36293 16145 69689 4438 36297
36293 24603 53776 9205 36297
36293 10312 72755 8282 36297
36293 26456 64649 8676 36297
36293 21560 72190 476 36297
36293 29485 52184 8117 36297
36293 24452 74931 1147 36297
36293 22329 58556 6679 36297
36293 15139 75363 2205 36297
36293 33459 57425 4009 36297
36293 28795 46422 8755 36297
36293 27011 59912 2490 36297
36293 10587 58080 2683 36297
36293 29386 53482 9368 36297
36293 26200 55902 1469 36297
36293 31634 75524 699 36297
36293 27351 66565 7217 36297
36293 34921 60365 1174 36297
36293 26052 75882 7650 36297
36293 29276 47620 2454 36297
36293 19561 60200 7497 36297
36293 16997 47231 609 36297
36293 15163 74624 1671 36297
36293 17040 57475 9007 36297
36293 11057 64000 890 36297
36293 20197 76198 4697 36297
36293 11039 50131 1151 36297
36293 28475 61808 3380 36297
36293 12853 48600 6952 36297
36293 29459 48000 1326 36297
36293 15176 75500 9649 36297
36293 14630 56126 7701 36297
36293 19497 71500 6548 36297
36293 26549 45607 827 36297
36293 10581 71920 243 36297
36293 30581 75574 1592 36297
36293 34308 47178 4801 36297
36293 25118 72234 8195 36297
36293 17498 47388 7359 36297
36293 18737 62860 7288 36297
36293 14192 50830 5134 36297
36293 10589 73091 1763 36297
36293 24588 45552 2581 36297
36293 20347 66646 5761 36297
36293 32273 72365 322 36297
36293 12993 72137 3285 36297
36293 10447 51796 3718 36297
36293 25451 56348 2984 36297
36293 16047 73317 7833 36297
36293 27700 48368 878 36297
36293 28222 48023 8933 36297
36293 28966 63749 2002 36297
36293 35324 52149 8048 36297
36293 34129 57485 9600 36297
36293 34142 62304 7427 36297
36293 31622 72209 3335 36297
36293 28072 61475 5602 36297
36293 26838 69052 7533 36297
36293 27475 77113 9035 36297
36293 12065 53220 3139 36297
36293 32752 74843 7079 36297
36293 12965 77479 5838 36297
36293 22476 48828 2143 36297
36293 34420 73742 1266 36297
36293 32869 63532 4551 36297
36293 34067 56674 7283 36297
36293 32798 54781 5566 36297
36293 16663 68293 5641 36297
36293 32144 45350 7142 36297
36293 11812 62303 4856 36297
36293 28229 77318 2850 36297
36293 35730 45691 4366 36297
36293 22780 59464 1346 36297
36293 31008 66822 8087 36297
36293 11829 77644 3572 36297
36293 27163 52133 1212 36297
36293 29722 73171 1547 36297
36293 27643 61679 9143 36297
36293 17993 58237 828 36297
36293 14266 49539 222 36297
36293 11433 69509 5920 36297
36293 29015 47679 9542 36297
36293 23515 59693 9166 36297
36293 12776 67644 3713 36297
36293 28421 45066 7510 36297
36293 26433 75262 1039 36297
36293 25659 49071 7851 36297
36293 30676 49532 2495 36297
36293 33980 73962 4468 36297
36293 22549 65030 261 36297
36293 15793 69824 2542 36297
36293 11942 66789 1214 36297
36293 10427 61112 1737 36297
36293 13810 77044 1660 36297
36293 24923 74572 8558 36297
36293 32073 48197 5019 36297
36293 34164 65891 8750 36297
36293 33209 73802 8688 36297
36293 26060 67271 1291 36297
36293 26427 58222 3393 36297
36293 9757 67575 7886 36297
36293 17970 50682 8228 36297
36293 11960 59775 8390 36297
36293 33793 59948 6400 36297
36293 24339 76940 2791 36297
36293 25705 45369 3539 36297
36293 12219 52486 7662 36297
36293 24040 59662 8142 36297
36293 12435 58733 4329 36297
36293 35140 68065 8119 36297
36293 33482 65271 1713 36297
36293 21288 55787 5031 36297
36293 24568 76946 3903 36297
36293 19085 67225 8287 36297
36293 19268 56320 2442 36297
36293 22932 48200 8625 36297
36293 17811 70110 5296 36297
36293 26118 48709 3214 36297
36293 10889 72672 3790 36297
36293 20062 67633 7096 36297
36293 35192 51960 1163 36297
36293 23728 69002 4307 36297
36293 26921 61766 5486 36297
36293 26230 57883 4131 36297
36293 31101 53178 9571 36297
36293 16259 66154 9625 36297
36293 34005 54665 7530 36297
36293 19274 62832 3508 36297
36293 14184 54294 4891 36297
36293 23095 50622 2670 36297
36293 13807 47471 94 36297
36293 28028 53948 8780 36297
36293 27986 73393 5858 36297
36293 19475 61988 8670 36297
36293 15250 74232 7862 36297
36293 18700 54795 1088 36297
36293 20311 63363 4446 36297
36293 13687 48628 4827 36297
36293 16377 52471 9108 36297
36293 31803 67155 9655 36297
36293 14730 70402 6325 36297
36293 21983 54652 8632 36297
36293 11507 63542 6677 36297
36293 24009 52293 6324 36297
36293 10648 67017 9671 36297
36293 13272 77946 6069 36297
36293 13064 64990 502 36297
36293 27155 46772 930 36297
36293 27761 59008 3458 36297
36293 17697 69382 5822 36297
36293 31756 52022 9495 36297
36293 26539 58569 8558 36297
36293 32428 51100 2416 36297
36293 10070 59321 1409 36297
36293 17567 60378 6108 36297
36293 35454 51312 6586 36297
36293 16728 60156 6537 36297
36293 35832 69166 2767 36297
36293 17535 74671 465 36297
36293 27430 58290 1117 36297
36293 13320 77106 3276 36297
36293 22737 63788 7540 36297
36293 27722 77775 380 36297
36293 33113 45301 2427 36297
36293 10254 61314 4148 36297
36293 22446 49169 5079 36297
36293 25886 54906 4203 36297
36293 24243 57875 9084 36297
36293 33425 64050 3323 36297
36293 13097 52545 579 36297
36293 16423 76857 5772 36297
36293 11945 50665 4206 36297
36293 15686 78196 5360 36297
36293 27599 70922 2359 36297
36293 20758 67702 6974 36297
36293 10466 68010 8697 36297
36293 11559 77332 9212 36297
36293 30159 65234 4150 36297
36293 27259 47570 5923 36297
36293 17591 66892 364 36297
36293 28494 72731 2498 36297
36293 16958 49209 1842 36297
36293 23441 52762 5690 36297
36293 30425 51437 1410 36297
36293 28541 64100 1861 36297
36293 29372 74512 7843 36297
36293 17754 59871 3021 36297
36293 34610 57853 2555 36297
36293 35549 45119 5132 36297
36293 27815 62698 2807 36297
36293 24490 50290 8301 36297
36293 27466 66172 6915 36297
36293 22029 61622 7672 36297
36293 10826 66448 1528 36297
36293 32620 59517 3989 36297
36293 12191 73756 9363 36297
36293 23477 48118 3834 36297
36293 15009 70731 1392 36297
36293 12566 54996 7367 36297
36293 10945 71660 4415 36297
36293 10741 74443 1886 36297
36293 14818 70459 4746 36297
36293 13694 75143 2351 36297
36293 18934 51554 2108 36297
36293 32548 65012 6977 36297
36293 31380 76237 7133 36297
36293 11181 62415 3361 36297
36293 24065 61553 3494 36297
36293 15432 51519 8212 36297
36293 15132 48895 8615 36297
36293 32185 60629 7093 36297
36293 32123 62990 7209 36297
36293 17222 68509 3298 36297
36293 35571 58857 9520 36297
36293 30650 46169 2176 36297
36293 15578 52185 5369 36297
36293 27061 62696 9629 36297
36293 34649 70054 1909 36297
36293 19331 57029 4924 36297
36293 21248 76440 6266 36297
36293 13914 45897 4417 36297
36293 12487 56179 3113 36297
36293 10309 70074 1783 36297
36293 27840 48004 6391 36297
36293 33555 55690 8678 36297
36293 31586 47090 5906 36297
36293 21346 49721 4315 36297
36293 29771 53249 1274 36297
36293 16828 64532 6858 36297
36293 24800 69781 5787 36297
36293 13334 45627 2983 36297
36293 14447 70710 3581 36297
36293 34361 51337 6085 36297
36293 20380 74584 9460 36297
36293 19586 69529 7461 36297
36293 20129 57154 7587 36297
36293 32041 77502 3632 36297
36293 29182 56125 2843 36297
36293 28497 49486 3924 36297
36293 9963 63317 8993 36297
36293 29319 47163 3898 36297
36293 14867 71190 9294 36297
36293 19488 59904 7837 36297
36293 19121 46718 4341 36297
36293 35350 63953 3780 36297
36293 30233 61533 8895 36297
36293 27717 72640 7201 36297
36293 23539 49087 9159 36297
36293 24720 65970 7214 36297
36293 30245 74736 6661 36297
36293 16269 58541 3158 36297
36293 14176 65590 2987 36297
36293 28925 49838 6850 36297
36293 23712 62688 430 36297
36293 15545 64337 5403 36297
36293 17123 57291 4912 36297
36293 19160 76855 2723 36297
36293 33311 65175 5366 36297
36293 30183 75206 6116 36297
36293 24251 60479 6695 36297
36293 25408 53293 3003 36297
36293 18822 45589 5415 36297
36293 9899 69789 5117 36297
36293 25556 55369 9101 36297
36293 11549 70062 1995 36297
36293 32606 51681 5334 36297
36293 32388 61830 6964 36297
36293 27423 50277 2423 36297
36293 24027 72789 2123 36297
36293 30146 60494 9454 36297
36293 30550 49906 6228 36297
36293 22280 75504 6699 36297
36293 13855 65589 2389 36297
36293 27962 67374 2911 36297
36293 35213 54786 1003 36297
36293 30798 45254 653 36297
36293 23044 77347 8910 36297
36293 16561 54188 8040 36297
36293 22754 71518 8417 36297
36293 17461 75002 5765 36297
36293 17670 52807 1769 36297
36293 20330 75122 4489 36297
36293 23136 60255 4882 36297
36293 33783 72206 9269 36297
36293 14462 75842 4377 36297
36293 32738 66535 4191 36297
36293 24534 67095 8220 36297
36293 15912 60411 4689 36297
36293 18074 75913 967 36297
36293 16492 50660 4356 36297
36293 33904 76259 4079 36297
36293 33509 54952 3872 36297
36293 34609 50321 1715 36297
36293 16991 49678 6227 36297
36293 22132 75699 5802 36297
36293 27365 47028 6171 36297
36293 23033 55866 45 36297
36293 18714 48081 4092 36297
36293 17396 48698 8488 36297
36293 23013 52645 8927 36297
36293 17512 47307 8508 36297
36293 25423 76007 2198 36297
36293 36141 66099 7511 36297
36293 32657 61852 6750 36297
36293 19536 50522 6814 36297
36293 33202 55324 2013 36297
36293 24390 61218 1119 36297
36293 22868 55331 1811 36297
36293 30350 49774 8603 36297
36293 13804 45179 8500 36297
36293 12555 50434 3629 36297
36293 20363 72509 8713 36297
36293 21123 51051 3975 36297
36293 25338 73987 7711 36297
36293 21283 67919 3702 36297
36293 13266 46741 468 36297
36293 32968 53685 9078 36297
36293 30942 68184 8671 36297
36293 11813 64680 1953 36297
36293 10078 75612 5009 36297
36293 15811 52825 1858 36297
36293 25257 60218 7520 36297
36293 35177 58899 4948 36297
36293 23807 70613 9467 36297
36293 24296 45439 6225 36297
36293 32808 46251 7934 36297
36293 17824 71312 6144 36297
36293 24078 49259 2830 36297
36293 10957 58499 7563 36297
36293 31522 58808 7771 36297
36293 29947 69179 7978 36297
36293 30698 78022 1860 36297
36293 33692 72967 757 36297
36293 16572 54879 3658 36297
36293 28118 76802 1813 36297
36293 21111 54942 2338 36297
36293 35435 73321 7909 36297
36293 15330 66360 8973 36297
36293 33530 69856 5693 36297
36293 12857 77508 2155 36297
36293 11492 74132 2304 36297
36293 12877 61152 1020 36297
36293 30888 73567 9030 36297
36293 14699 48240 3529 36297
36293 17905 72287 316 36297
36293 17377 58042 4949 36297
36293 32069 78047 9265 36297
36293 12746 78024 5278 36297
36293 17787 45050 5855 36297
36293 10076 50429 6669 36297
36293 21358 54183 8163 36297
36293 25262 72490 2964 36297
36293 10573 74840 881 36297
36293 11310 69378 9331 36297
36293 12027 68662 1742 36297
36293 19275 55966 992 36297
36293 27098 53880 6553 36297
36293 18757 49926 5036 36297
36293 15214 69937 6340 36297
36293 29871 59355 8191 36297
36293 30831 71910 6773 36297
36293 24494 52406 5145 36297
36293 26661 54563 7055 36297
36293 29592 53957 4475 36297
36293 22955 73136 4110 36297
36293 30899 74752 1106 36297
36293 30777 77078 5394 36297
36293 24356 63127 1499 36297
36293 23518 65558 860 36297
36293 36286 69909 6516 36297
36293 17066 63611 7212 36297
36293 12952 50045 2960 36297
36293 15568 53959 142 36297
36293 30940 64779 5227 36297
36293 13405 46280 375 36297
36293 19759 50891 833 36297
36293 27584 77392 4981 36297
36293 11639 58433 1562 36297
36293 23298 56367 902 36297
36293 22230 57400 8448 36297
36293 9878 68345 7896 36297
36293 15903 76385 6234 36297
36293 33913 76681 8690 36297
36293 33954 56869 2702 36297
36293 32813 75907 296 36297
36293 19098 73228 1028 36297
36293 12969 72802 2267 36297
36293 12178 53222 1351 36297
36293 15289 45086 6081 36297
36293 36091 72837 4093 36297
36293 33966 61476 2401 36297
36293 15662 72522 6053 36297
36293 32775 76254 861 36297
36293 35572 57296 6116 36297
36293 31546 60223 9415 36297
36293 33148 65571 2781 36297
36293 12237 75344 8988 36297
36293 33164 59524 3947 36297
36293 18108 52425 3607 36297
36293 10019 66269 1706 36297
36293 21837 69677 584 36297
36293 32895 57150 8450 36297
36293 22434 52004 8506 36297
36293 33802 51980 8378 36297
36293 15997 48309 1011 36297
36293 33871 45906 8850 36297
36293 30995 46650 6230 36297
36293 17392 57610 8074 36297
36293 34256 63153 5048 36297
36293 27637 47863 781 36297
36293 21560 67693 8883 36297
36293 19739 49917 3883 36297
36293 30411 48291 7334 36297
36293 32790 49692 4968 36297
36293 23748 48691 8281 36297
36293 11320 77233 5644 36297
36293 16902 65863 7273 36297
36293 16391 53447 5187 36297
36293 19290 67027 8913 36297
36293 23473 61088 4004 36297
36293 28674 63836 1631 36297
36293 27732 61278 5059 36297
36293 12319 61561 4119 36297
36293 22202 51852 7731 36297
36293 25164 60870 7450 36297
36293 32560 50642 6831 36297
36293 33488 48476 7736 36297
36293 20004 65869 922 36297
36293 26494 75653 60 36297
36293 29648 75103 5412 36297
36293 29835 46566 3457 36297
36293 26732 47820 9548 36297
36293 11535 57105 5451 36297
36293 33424 67798 2408 36297
36293 31311 69169 4163 36297
36293 21502 71825 8489 36297
36293 24245 76865 4142 36297
36293 10002 68735 6238 36297
36293 32591 67284 1277 36297
36293 12002 52017 5606 36297
36293 33055 64307 3746 36297
36293 17085 77972 8056 36297
36293 16338 75685 3329 36297
36293 20244 69013 8888 36297
36293 16405 67707 4312 36297
36293 35860 52270 5420 36297
36293 30617 77258 4752 36297
36293 31777 61829 6166 36297
36293 21968 53437 1673 36297
36293 33180 58869 4819 36297
36293 20846 49097 1691 36297
36293 24765 61377 3353 36297
36293 32915 50110 7358 36297
36293 25091 70964 8759 36297
36293 12058 50196 1781 36297
36293 29649 49693 6780 36297
36293 34121 62161 3541 36297
36293 11997 47088 7119 36297
36293 17747 72152 7704 36297
36293 14460 64670 6658 36297
36293 26956 47135 6388 36297
36293 30801 51699 7399 36297
36293 24192 57050 7353 36297
36293 14187 56747 124 36297
36293 15447 52266 8558 36297
36293 30286 46288 5937 36297
36293 33096 54832 7777 36297
36293 11983 73588 511 36297
36293 31699 76067 3759 36297
36293 28241 69650 4342 36297
36293 29009 56563 4404 36297
36293 28434 63932 2535 36297
36293 16817 46308 8719 36297
36293 15338 50897 8957 36297
36293 19967 46243 3650 36297
36293 14117 50916 1076 36297
36293 32780 68139 7886 36297
36293 22217 54529 2505 36297
36293 30045 61095 4718 36297
36293 33360 66958 924 36297
36293 17092 58458 4297 36297
36293 30172 62882 5975 36297
36293 21058 53987 6750 36297
36293 13234 54802 6995 36297
36293 18501 63774 9030 36297
36293 32059 64938 9529 36297
36293 22375 62389 3133 36297
36293 13917 55058 2547 36297
36293 13972 74956 3414 36297
36293 28275 47032 9480 36297
36293 11612 54111 7599 36297
36293 17693 49890 9108 36297
36293 13686 46267 6821 36297
36293 30071 72590 6609 36297
36293 15462 65642 4538 36297
36293 24185 77072 5129 36297
36293 14590 77057 5859 36297
36293 14285 50888 2175 36297
36293 30378 77868 5445 36297
36293 28245 65826 5615 36297
36293 30739 73822 5274 36297
36293 19374 51590 384 36297
36293 27249 75137 919 36297
36293 18852 48786 4823 36297
36293 13010 73240 4634 36297
36293 15160 63423 8471 36297
36293 14725 45377 9504 36297
36293 12635 68493 5365 36297
36293 18860 51382 9372 36297
36293 10229 50359 7699 36297
36293 29473 73740 5911 36297
36293 26222 76587 892 36297
36293 34231 67190 2000 36297
36293 28213 50766 6646 36297
36293 12301 77285 2034 36297
36293 26778 77469 5953 36297
36293 18767 48114 2815 36297
36293 26480 75605 6924 36297
36293 11000 48754 98 36297
36293 22287 55020 504 36297
36293 19028 75053 2226 36297
36293 13080 67573 7348 36297
36293 22957 57799 9227 36297
36293 22518 56576 1456 36297
36293 20737 48939 6411 36297
36293 30975 71534 777 36297
36293 22099 63574 2888 36297
36293 18532 56119 3229 36297
36293 16384 47650 828 36297
36293 18309 47145 143 36297
36293 13823 47134 2881 36297
36293 35950 50822 7956 36297
36293 11428 50428 2933 36297
36293 32216 51405 6224 36297
36293 19031 74203 7614 36297
36293 32038 63830 921 36297
36293 10331 52054 9601 36297
36293 33769 63586 4808 36297
36293 33121 61949 6072 36297
36293 10657 49052 2592 36297
36293 25637 76064 681 36297
36293 21863 54923 1271 36297
36293 16879 51528 2935 36297
36293 18490 75534 3114 36297
36293 12050 46221 1245 36297
36293 32367 70725 1259 36297
36293 12016 64931 6111 36297
36293 33998 52568 4257 36297
36293 24896 69490 5299 36297
36293 26101 46199 1723 36297
36293 19339 74261 7897 36297
36293 27993 67578 8356 36297
36293 24649 77817 9376 36297
36293 20556 54421 7453 36297
36293 31221 67383 4233 36297
36293 11668 50000 8480 36297
36293 28018 67334 3080 36297
36293 25121 60961 9470 36297
36293 25907 58559 8563 36297
36293 18897 69443 7710 36297
36293 26208 75541 7166 36297
36293 30128 65011 5813 36297
36293 20566 45106 569 36297
36293 29632 78147 9059 36297
36293 22000 74229 1222 36297
36293 31666 78124 9065 36297
36293 13792 69246 7772 36297
36293 17432 45498 7135 36297
36293 32612 75379 3324 36297
36293 12794 50916 3917 36297
36293 26652 61257 9378 36297
36293 16593 58816 7056 36297
36293 11198 48210 8917 36297
36293 12119 49404 5521 36297
36293 12615 74822 4953 36297
36293 14043 73377 3492 36297
36293 30657 46520 9491 36297
36293 31053 78215 3369 36297
36293 24952 74152 1703 36297
36293 28699 45255 4579 36297
36293 33204 70932 9510 36297
36293 28516 50129 2613 36297
36293 12528 74333 4729 36297
36293 22616 54820 6845 36297
36293 24082 65957 8224 36297
36293 29280 69198 8342 36297
36293 31887 64553 2126 36297
36293 30567 47666 1212 36297
36293 18036 53348 7757 36297
36293 26216 54829 4536 36297
36293 11827 56330 3551 36297
36293 10627 66513 2154 36297
36293 35965 45357 4347 36297
36293 14653 65140 2 36297
36293 19896 71758 1267 36297
36293 34304 48434 9473 36297
36293 33152 51197 8498 36297
36293 30331 58167 3239 36297
36293 25656 63498 6499 36297
36293 28061 66902 1816 36297
36293 9966 50372 2784 36297
36293 31379 65950 6344 36297
36293 25985 57737 5170 36297
36293 30154 54913 3621 36297
36293 17895 75006 3521 36297
36293 31540 52632 5964 36297
36293 14331 59108 1799 36297
36293 27074 58810 6282 36297
36293 21618 50248 8751 36297
36293 12808 46114 8856 36297
36293 18385 70612 2850 36297
36293 26251 63369 9234 36297
36293 24202 51008 7645 36297
36293 23503 71846 8094 36297
36293 9961 49166 1998 36297
36293 31413 65772 3992 36297
36293 32245 61773 286 36297
36293 25028 70385 6801 36297
36293 23499 76012 71 36297
36293 35761 46213 7510 36297
36293 14722 45729 3111 36297
36293 27823 65961 8604 36297
36293 22578 52116 656 36297
36293 33047 49394 4052 36297
36293 12584 54517 6530 36297
36293 27186 77284 3388 36297
36293 27871 58829 9405 36297
36293 35934 63806 780 36297
36293 25119 46419 3194 36297
36293 12957 53982 3171 36297
36293 23756 45682 437 36297
36293 20682 61760 5976 36297
36293 26155 50413 5116 36297
36293 35039 64240 52 36297
36293 34158 75673 7896 36297
36293 34779 51370 1150 36297
36293 31002 55304 1943 36297
36293 13254 77369 7741 36297
36293 10159 57519 8233 36297
36293 21345 46746 8135 36297
36293 29400 75142 3071 36297
36293 29114 46843 6756 36297
36293 30474 70785 9040 36297
36293 15069 59203 5745 36297
36293 29867 64994 2963 36297
36293 11629 50623 6289 36297
36293 32625 65216 5010 36297
36293 22072 51594 2280 36297
36293 19288 60073 5080 36297
36293 23443 53269 9238 36297
36293 29371 62746 3069 36297
36293 30128 66824 196 36297
36293 12804 54851 1693 36297
36293 24945 54297 4 36297
36293 36277 66736 4785 36297
36293 19545 70219 6835 36297
36293 9928 45209 1338 36297
36293 25515 71053 679 36297
36293 22340 65484 9039 36297
36293 36014 46022 6614 36297
36293 16163 46807 8588 36297
36293 21804 49333 413 36297
36293 31368 49955 1032 36297
36293 25716 76559 2647 36297
36293 14423 62848 9013 36297
36293 27706 45696 7097 36297
36293 11599 64786 2002 36297
36293 14464 60892 8975 36297
36293 23069 61211 8842 36297
36293 18879 55182 7094 36297
36293 24804 45886 7232 36297
36293 24675 57728 935 36297
36293 23343 75719 9683 36297
36293 10686 60323 1105 36297
36293 12920 54927 8025 36297
36293 21514 45164 3614 36297
36293 30498 65749 2422 36297
36293 29654 48741 6534 36297
36293 24794 72628 2003 36297
36293 22193 47084 4497 36297
36293 34958 46132 3792 36297
36293 32189 76454 6846 36297
36293 28284 57020 5392 36297
36293 35153 60245 2023 36297
36293 22521 76135 8868 36297
36293 10902 76144 1539 36297
36293 33649 61692 681 36297
36293 20195 58311 4504 36297
36293 34039 72942 9158 36297
36293 11826 53006 4146 36297
36293 21946 51916 4557 36297
36293 29041 48084 1960 36297
36293 32800 59443 4715 36297
36293 20890 51054 67 36297
36293 15338 64939 3340 36297
36293 15522 77521 559 36297
36293 26302 54545 1374 36297
36293 16316 61547 4920 36297
36293 11848 46746 7002 36297
36293 31667 47673 2465 36297
36293 11981 48651 4575 36297
36293 28982 51283 5715 36297
36293 12101 74782 2284 36297
36293 22491 57864 5981 36297
36293 23885 47835 2410 36297
36293 30581 53071 8800 36297
36293 18430 61787 78 36297
36293 27212 68761 223 36297
36293 18723 65718 5724 36297
36293 14146 64615 6919 36297
36293 18430 73604 8624 36297
36293 28392 45079 2761 36297
36293 31853 75790 8407 36297
36293 20050 77512 1813 36297
36293 31066 54911 1485 36297
36293 19751 49401 2364 36297
36293 32160 49715 3620 36297
36293 17598 68149 3637 36297
36293 32609 77713 7095 36297
36293 18504 59121 9644 36297
36293 32850 56737 3647 36297
36293 24394 50174 6461 36297
36293 32140 57418 3443 36297
36293 21359 57311 9429 36297
36293 14631 57362 6212 36297
36293 20252 48276 8540 36297
36293 22101 50095 3430 36297
36293 29520 55638 317 36297
36293 23741 72721 6368 36297
36293 31882 66213 1785 36297
36293 14431 77211 6355 36297
36293 24516 68819 3622 36297
36293 10980 73276 1192 36297
36293 16933 61666 2233 36297
36293 11831 68671 632 36297
36293 27929 57715 6275 36297
36293 31498 62118 40 36297
36293 9885 67041 3994 36297
36293 13226 47981 4819 36297
36293 33070 59501 791 36297
36293 21730 65267 7270 36297
36293 16751 50694 4307 36297
36293 35678 50827 1045 36297
36293 25214 49550 6595 36297
36293 34083 65984 4176 36297
36293 11538 56078 3463 36297
36293 26748 47912 8050 36297
36293 24322 46475 6902 36297
36293 20249 72069 7478 36297
36293 28779 76304 2934 36297
36293 20316 69869 1579 36297
36293 13964 45645 5008 36297
36293 34529 72717 758 36297
36293 29468 67256 1335 36297
36293 25737 60831 1087 36297
36293 19773 69108 6676 36297
36293 23968 69624 2225 36297
36293 18343 59290 5388 36297
36293 18534 58428 2782 36297
36293 33533 53961 1595 36297
36293 12801 50480 1195 36297
36293 33720 47741 7798 36297
36293 26486 55778 6736 36297
36293 33759 47046 8958 36297
36293 31691 46011 3467 36297
36293 12976 78180 6516 36297
36293 15454 58626 670 36297
36293 21215 65317 1948 36297
36293 24810 49225 6167 36297
36293 28010 56509 2299 36297
36293 12284 65900 5109 36297
36293 25305 60839 8910 36297
36293 33532 73677 8717 36297
36293 12271 60802 7760 36297
36293 27327 46504 1535 36297
36293 11395 77433 1280 36297
36293 30076 67774 4887 36297
36293 12907 49897 6740 36297
36293 35698 62333 4658 36297
36293 19526 46354 6756 36297
36293 28352 50685 9306 36297
36293 31037 49227 6948 36297
36293 16337 54588 8358 36297
36293 15538 49402 9283 36297
36293 32988 49373 984 36297
36293 34759 76925 2965 36297
36293 34000 74690 3925 36297
36293 23601 67561 4443 36297
36293 31415 49060 7296 36297
36293 15039 50915 6952 36297
36293 30045 63643 952 36297
36293 29038 54355 4910 36297
36293 11290 62043 1412 36297
36293 13861 50221 7100 36297
36293 12354 74994 9125 36297
36293 9858 66518 7530 36297
36293 26839 48288 148 36297
36293 20272 53580 26 36297
36293 24064 76919 5854 36297
36293 34368 54399 9702 36297
36293 13293 57316 6389 36297
36293 11416 75726 6601 36297
36293 28918 58200 4996 36297
36293 23207 74349 7334 36297
36293 15671 46997 5130 36297
36293 21748 68605 8235 36297
36293 24524 62131 6412 36297
36293 25080 60625 1868 36297
36293 13163 46480 7224 36297
36293 20713 70646 2312 36297
36293 16545 73209 232 36297
36293 22288 53190 7347 36297
36293 19103 48076 5062 36297
36293 25481 64669 7711 36297
36293 31990 75480 8879 36297
36293 34355 52254 7212 36297
36293 30827 74806 7461 36297
36293 15852 46925 6256 36297
36293 24537 47428 6589 36297
36293 28709 55275 269 36297
36293 15050 58741 7609 36297
36293 32322 57072 1553 36297
36293 23130 61758 4999 36297
36293 26533 57768 3901 36297
36293 15347 73196 5198 36297
36293 28445 53239 280 36297
36293 20320 59137 3504 36297
36293 12775 77643 4476 36297
36293 30271 47200 1301 36297
36293 17684 70308 8226 36297
36293 33937 47041 7285 36297
36293 26813 57139 8503 36297
36293 13364 62257 2028 36297
36293 31355 74127 4579 36297
36293 26531 65593 3385 36297
36293 13901 51869 8519 36297
36293 10861 76488 8535 36297
36293 32171 69337 1237 36297
36293 18223 72546 5534 36297
36293 19887 51340 6056 36297
36293 9992 48088 7253 36297
36293 33992 73995 2537 36297
36293 31078 76510 9557 36297
36293 22374 72317 9688 36297
36293 14399 54855 3014 36297
36293 16314 71590 7814 36297
36293 11048 69363 4138 36297
36293 13322 73643 9325 36297
36293 14291 62756 5682 36297
36293 19811 68516 8575 36297
36293 15148 74010 6508 36297
36293 10402 66526 2142 36297
36293 36001 74988 2274 36297
36293 16448 62168 2144 36297
36293 11828 66562 2584 36297
36293 12909 63625 2847 36297
36293 10374 73711 4683 36297
36293 11890 46384 3730 36297
36293 29953 52357 2411 36297
36293 12582 53333 3510 36297
36293 29563 71670 4964 36297
36293 16537 55660 6101 36297
36293 19442 69859 3526 36297
36293 26120 73777 8639 36297
36293 34798 55840 4904 36297
36293 25153 46189 7805 36297
36293 24425 71398 6598 36297
36293 29435 45048 4445 36297
36293 32760 69448 6686 36297
36293 12924 55287 8316 36297
36293 22469 63014 8152 36297
36293 18280 49591 1449 36297
36293 10321 71647 32 36297
36293 29394 51670 5769 36297
36293 10625 57081 1745 36297
36293 35784 47942 7561 36297
36293 21586 60375 3886 36297
36293 27874 67895 8484 36297
36293 15991 62940 3464 36297
36293 26866 55200 147 36297
36293 25702 69946 3181 36297
36293 35995 50648 1589 36297
36293 23485 62329 2827 36297
36293 22076 45704 1257 36297
36293 27202 74961 7285 36297
36293 15706 61648 5449 36297
36293 15890 77172 7346 36297
36293 26084 77058 7165 36297
36293 25976 73644 3271 36297
36293 13583 76507 5161 36297
36293 15495 76417 8418 36297
36293 14190 48413 8753 36297
36293 11644 60244 1323 36297
36293 19211 70978 698 36297
36293 27922 62562 5764 36297
36293 27106 49398 7259 36297
36293 27753 48959 4882 36297
36293 23122 57162 477 36297
36293 18877 52454 7795 36297
36293 28219 59497 9427 36297
36293 29288 56315 2512 36297
36293 35003 54383 8845 36297
36293 21727 54762 7077 36297
36293 16147 67024 2554 36297
36293 20905 67854 7434 36297
36293 32399 61467 6287 36297
36293 35303 55696 7313 36297
36293 17148 77506 5661 36297
36293 17000 74149 9195 36297
36293 21570 60225 3843 36297
36293 28483 71539 8684 36297
36293 32510 47600 2758 36297
36293 34645 74860 4965 36297
36293 32183 49013 4291 36297
36293 22017 64803 2034 36297
36293 19452 66175 7888 36297
36293 13176 49183 2598 36297
36293 17190 77096 4358 36297
36293 32779 62115 9404 36297
36293 29288 75305 308 36297
36293 22877 52212 5228 36297
36293 25094 54190 4615 36297
36293 18585 51032 3633 36297
36293 34392 58137 9054 36297
36293 23918 74009 136 36297
36293 15388 48576 9424 36297
36293 16613 54106 3938 36297
36293 35345 73232 811 36297
36293 33441 54025 2052 36297
36293 34521 68260 6687 36297
36293 23075 76590 7947 36297
36293 19023 58988 2640 36297
36293 10807 46174 7608 36297
36293 17901 47971 3596 36297
36293 24374 48483 2679 36297
36293 11117 57731 1977 36297
36293 27385 51455 2343 36297
36293 20627 53852 4423 36297
36293 33566 62585 2033 36297
36293 20928 54915 6831 36297
36293 28487 59669 1172 36297
36293 15896 66384 3738 36297
36293 21416 53300 2528 36297
36293 28242 74082 4611 36297
36293 25483 58998 4666 36297
36293 15962 71601 8290 36297
36293 14026 45892 879 36297
36293 30815 55283 547 36297
36293 14438 49179 6743 36297
36293 21662 52130 7701 36297
36293 12242 70267 7387 36297
36293 24499 47594 8077 36297
36293 22919 64607 7823 36297
36293 33751 57397 8742 36297
36293 27070 60457 6876 36297
36293 9774 47929 2786 36297
36293 19969 47498 150 36297
36293 16349 54242 4271 36297
36293 16713 76731 7582 36297
36293 23785 45763 4647 36297
36293 13512 58141 9637 36297
36293 34695 61987 3136 36297
36293 19806 75218 7417 36297
36293 33647 55149 2493 36297
36293 27224 60446 9680 36297
36293 16773 48024 293 36297
36293 16382 76820 2501 36297
36293 26820 74429 4715 36297
36293 23913 77952 3579 36297
36293 28993 57240 1446 36297
36293 11905 52373 8440 36297
36293 15454 66496 4876 36297
36293 20800 46373 5711 36297
36293 30396 76681 1339 36297
36293 11270 45255 3027 36297
36293 35530 56839 7938 36297
36293 11804 59485 1098 36297
36293 27794 54351 2173 36297
36293 25494 54492 5818 36297
36293 22083 55192 2415 36297
36293 27354 55832 5168 36297
36293 13969 50245 3604 36297
36293 19773 73949 4885 36297
36293 26988 52982 8646 36297
36293 14587 61334 2418 36297
36293 22593 63666 5780 36297
36293 28119 73063 7608 36297
36293 28886 61949 3810 36297
36293 28186 64245 175 36297
36293 17409 66930 3166 36297
36293 23986 58597 9173 36297
36293 28985 77648 704 36297
36293 11036 72853 4857 36297
36293 20598 67868 8364 36297
36293 20109 51976 7356 36297
36293 35844 77171 5 36297
36293 26168 49789 9635 36297
36293 18558 56493 6933 36297
36293 31222 77927 5852 36297
36293 31537 53737 5228 36297
36293 25516 70632 7232 36297
36293 19240 62825 3808 36297
36293 10792 78207 124 36297
36293 28254 52592 1584 36297
36293 12595 56960 7601 36297
36293 10215 61335 5300 36297
36293 26798 65376 5537 36297
36293 23026 47761 6392 36297
36293 19119 73241 2342 36297
36293 24272 73119 5747 36297
36293 13083 73754 2526 36297
36293 24438 60554 8884 36297
36293 23699 70750 8018 36297
36293 23659 66113 9191 36297
36293 10011 66130 6191 36297
36293 27162 47383 369 36297
36293 9707 48323 9559 36297
36293 19803 69326 8032 36297
36293 10630 65230 6046 36297
36293 28068 75197 4503 36297
36293 32964 47062 9255 36297
36293 16193 50311 3160 36297
36293 32213 48541 6222 36297
36293 14884 60089 6423 36297
36293 12172 77097 5673 36297
36293 13728 48984 7896 36297
36293 28475 63118 7003 36297
36293 17306 48379 2064 36297
36293 10994 52208 1181 36297
36293 29381 74937 5557 36297
36293 11854 54109 3772 36297
36293 17921 68483 4880 36297
36293 18136 48305 4518 36297
36293 26458 59421 9157 36297
36293 23744 58871 1723 36297
36293 20679 59847 5097 36297
36293 31250 61440 1780 36297
36293 13274 56911 8709 36297
36293 23949 53355 1448 36297
36293 26166 49918 7018 36297
36293 20177 53451 3646 36297
36293 17555 49695 4826 36297
36293 22582 76205 8343 36297
36293 13737 62037 8277 36297
36293 34473 47078 388 36297
36293 27314 65149 1820 36297
36293 21073 58166 8423 36297
36293 27028 76082 4097 36297
36293 31829 77593 7749 36297
36293 27780 61847 1111 36297
36293 21037 53366 8626 36297
36293 23926 63596 71 36297
36293 23798 62188 6835 36297
36293 20868 73041 6742 36297
36293 10967 50120 1179 36297
36293 15858 70938 1759 36297
36293 14644 68101 2056 36297
36293 35921 58889 8408 36297
36293 29116 74375 4306 36297
36293 21951 53966 3460 36297
36293 16057 50408 5197 36297
36293 18117 66955 2143 36297
36293 33834 52023 5440 36297
36293 17615 60118 5131 36297
36293 23922 73736 5731 36297
36293 14873 68940 9407 36297
36293 24842 47051 7839 36297
36293 28366 54139 2290 36297
36293 10733 46673 5768 36297
36293 27372 45041 7796 36297
36293 16745 61641 6541 36297
36293 20291 53270 7386 36297
36293 13376 64027 3030 36297
36293 24170 76122 7649 36297
36293 19557 62486 3842 36297
36293 12715 72674 7511 36297
36293 14599 59415 4018 36297
36293 23484 63048 1576 36297
36293 27458 73533 5628 36297
36293 20868 58380 516 36297
36293 11703 48670 9308 36297
36293 34126 77764 6805 36297
36293 19265 55641 7515 36297
36293 27418 60746 2051 36297
36293 27953 46578 3122 36297
36293 26060 76942 6302 36297
36293 13345 76416 7203 36297
36293 24085 69586 7957 36297
36293 22952 76570 1524 36297
36293 14946 77287 2553 36297
36293 15471 48494 8080 36297
36293 17313 58230 9264 36297
36293 12988 45313 5152 36297
36293 11766 70243 2130 36297
36293 18443 76154 2585 36297
36293 21552 51273 3149 36297
36293 10492 45654 4752 36297
36293 17458 56294 42 36297
36293 24030 77900 3806 36297
36293 16984 65540 5916 36297
36293 24842 54604 4266 36297
36293 11533 55163 3860 36297
36293 20206 61094 9142 36297
36293 36161 72827 2108 36297
36293 20335 68220 4012 36297
36293 10061 54880 4017 36297
36293 23509 52066 5158 36297
36293 19965 74559 1114 36297
36293 31252 54559 7988 36297
36293 27005 51332 7737 36297
36293 23068 60235 6520 36297
36293 14144 73871 4915 36297
36293 21805 49395 9561 36297
36293 33113 68049 7368 36297
36293 12472 62160 3587 36297
36293 34646 47986 5970 36297
36293 23184 69356 4295 36297
36293 32541 59998 3538 36297
36293 29402 54236 1494 36297
36293 21655 50941 9407 36297
36293 25336 60273 1751 36297
36293 12282 71766 8100 36297
36293 33068 65057 372 36297
36293 35066 75636 4450 36297
36293 11438 73078 8659 36297
36293 26387 71725 6201 36297
36293 27901 64872 676 36297
36293 33735 75752 924 36297
36293 18141 58989 6446 36297
36293 31557 74979 7573 36297
36293 31544 47300 9572 36297
36293 20309 65178 8189 36297
36293 34130 57654 4601 36297
36293 17023 50505 3021 36297
36293 25487 77954 2289 36297
36293 35937 47527 2939 36297
36293 29329 51827 1142 36297
36293 33135 56454 9541 36297
36293 11852 48682 4355 36297
36293 17360 72174 3698 36297
36293 24602 47229 4915 36297
36293 31146 57330 9024 36297
36293 10441 51970 3122 36297
36293 27910 54026 6360 36297
36293 23073 61898 2905 36297
36293 22061 62404 2900 36297
36293 24699 60666 1927 36297
36293 26446 47325 612 36297
36293 33063 46134 4718 36297
36293 12846 54112 5506 36297
36293 13814 66566 5418 36297
36293 30711 52876 8675 36297
36293 11475 52818 8583 36297
36293 18041 71818 4761 36297
36293 36093 51034 7085 36297
36293 13709 51276 4579 36297
36293 12003 53681 7890 36297
36293 19579 46474 1720 36297
36293 30908 75302 2821 36297
36293 10283 68289 3225 36297
36293 11009 69534 9130 36297
36293 20956 48771 2044 36297
36293 31390 73159 6919 36297
36293 31840 54249 1914 36297
36293 22727 69798 6466 36297
36293 17546 66402 293 36297
36293 20671 76163 7224 36297
36293 16612 65228 329 36297
36293 10217 49314 9086 36297
36293 9762 71586 8263 36297
36293 14458 53769 8638 36297
36293 30830 69268 5293 36297
36293 34501 68451 7392 36297
36293 26048 76228 3328 36297
36293 10095 65578 3993 36297
36293 30285 53772 923 36297
36293 12173 46318 8359 36297
36293 19617 65944 4912 36297
36293 19735 45132 7060 36297
36293 18820 47924 4964 36297
36293 32080 72542 5646 36297
36293 13747 73128 9199 36297
36293 18535 66121 8919 36297
36293 10571 72135 1438 36297
36293 26020 77934 4411 36297
36293 13862 48762 9148 36297
36293 12935 68139 9243 36297
36293 32139 52006 8927 36297
36293 15151 53285 4692 36297
36293 29692 77401 9526 36297
36293 13755 53853 5086 36297
36293 17028 61844 4655 36297
36293 23077 68164 5449 36297
36293 19001 67858 2086 36297
36293 25393 67936 2722 36297
36293 24786 76208 7961 36297
36293 24387 63810 2110 36297
36293 17606 68556 916 36297
36293 11692 72859 4732 36297
36293 20371 57908 1254 36297
36293 16896 46748 66 36297
36293 18151 73279 7965 36297
36293 25454 71733 1890 36297
36293 19633 48838 5866 36297
36293 35200 48284 373 36297
36293 21869 51068 103 36297
36293 11962 74379 1412 36297
36293 25629 46031 6488 36297
36293 9927 73969 3311 36297
36293 19616 47448 3797 36297
36293 14126 56094 1779 36297
36293 31805 53345 7488 36297
36293 12175 65352 7345 36297
36293 30064 54676 137 36297
36293 10668 54339 2432 36297
36293 11359 59963 1622 36297
36293 32545 51740 6177 36297
36293 10621 75340 4209 36297
36293 13451 65160 5065 36297
36293 23732 57299 1010 36297
36293 34949 50099 3694 36297
36293 33839 49076 1346 36297
36293 16732 54318 472 36297
36293 32778 50045 7428 36297
36293 26735 59034 9345 36297
36293 35063 58781 2822 36297
36293 13352 45263 748 36297
36293 17480 49842 3649 36297
36293 9961 49356 9613 36297
36293 21575 53248 899 36297
36293 25266 73507 3809 36297
36293 35573 51795 3114 36297
36293 19142 72445 7578 36297
36293 32014 56408 4828 36297
36293 24008 47885 2380 36297
36293 33340 48085 2239 36297
36293 14950 65129 4150 36297
36293 13135 51459 8692 36297
36293 21409 53779 4630 36297
36293 12159 46639 7989 36297
36293 19939 76196 8721 36297
36293 32017 73326 1531 36297
36293 32429 71769 1531 36297
36293 24468 77101 4997 36297
36293 13429 53969 998 36297
36293 14401 52967 1273 36297
36293 18976 76902 4370 36297
36293 10915 57695 715 36297
36293 15974 47769 9482 36297
36293 31341 46974 1271 36297
36293 22559 52900 4934 36297
36293 26277 69037 5135 36297
36293 18349 77826 9123 36297
36293 23486 58303 4404 36297
36293 23312 73762 3776 36297
36293 9993 59429 9462 36297
36293 14896 66493 5646 36297
36293 22367 77270 8844 36297
36293 18899 45637 6094 36297
36293 13502 73099 4287 36297
36293 19512 55287 803 36297
36293 26485 72077 5656 36297
36293 15603 48776 7531 36297
36293 16702 47464 32 36297
36293 28071 72067 619 36297
36293 22644 77457 2121 36297
36293 27483 60415 5 36297
36293 27630 78066 5088 36297
36293 28422 51881 9151 36297
36293 22843 62784 2578 36297
36293 10417 66618 625 36297
36293 33843 53377 9173 36297
36293 29790 47613 2610 36297
36293 33948 60836 1003 36297
36293 10699 58269 2853 36297
36293 29521 65132 1857 36297
36293 22694 61208 5014 36297
36293 34140 48053 1659 36297
36293 19261 72584 2350 36297
36293 17942 75754 5387 36297
36293 17506 50828 1051 36297
36293 22401 54901 6376 36297
36293 33829 50079 162 36297
36293 29404 60759 2387 36297
36293 14374 78042 407 36297
36293 26895 68774 7449 36297
36293 32279 55234 2828 36297
36293 23666 45796 5231 36297
36293 14725 46914 2306 36297
36293 19110 68931 1100 36297
36293 25555 61118 7469 36297
36293 30731 69602 7260 36297
36293 12266 77003 8699 36297
36293 13581 53618 3344 36297
36293 13165 67124 4039 36297
36293 21490 49052 2268 36297
36293 9940 59427 7146 36297
36293 35946 50113 9348 36297
36293 26577 66931 764 36297
36293 24662 73893 6018 36297
36293 23847 56238 7851 36297
36293 17119 46330 5596 36297
36293 12703 57975 1085 36297
36293 34410 52538 7092 36297
36293 29437 76073 8472 36297
36293 22960 59100 5371 36297
36293 35903 74638 1808 36297
36293 24954 66793 6772 36297
36293 15482 74653 5075 36297
36293 17087 53605 7506 36297
36293 22339 66073 5945 36297
36293 30934 47520 8936 36297
36293 28430 68757 4937 36297
36293 26749 46689 3049 36297
36293 24284 65683 4738 36297
36293 14675 48447 1031 36297
36293 18683 56262 7558 36297
36293 30021 60762 5313 36297
36293 13496 48868 3922 36297
36293 21259 75779 8655 36297
36293 35496 48270 5239 36297
36293 33973 55646 1321 36297
36293 34167 50642 3735 36297
36293 13870 50105 9086 36297
36293 23617 77088 905 36297
36293 24067 74143 711 36297
36293 26977 59776 6814 36297
36293 16192 56328 5578 36297
36293 30304 57445 4732 36297
36293 34523 51742 8375 36297
36293 11522 50740 5937 36297
36293 19676 69352 2004 36297
36293 12338 57054 7777 36297
36293 30450 72002 8703 36297
36293 11770 56395 4436 36297
36293 13557 46536 4350 36297
36293 25478 63770 9280 36297
36293 34533 74619 9442 36297
36293 29674 60462 2119 36297
36293 31187 65276 7275 36297
36293 23919 66058 2339 36297
36293 18396 62737 2516 36297
36293 14843 76729 748 36297
36293 33645 46832 7754 36297
36293 15286 70111 7716 36297
36293 30487 77830 4460 36297
36293 33292 64641 1944 36297
36293 32238 67915 8011 36297
36293 23424 58880 5686 36297
36293 17287 76637 7692 36297
36293 14239 55509 2502 36297
36293 19376 77785 8571 36297
36293 31196 68554 8388 36297
36293 30436 48572 2167 36297
36293 30098 67295 2465 36297
36293 34177 54881 5702 36297
36293 22073 72742 6579 36297
36293 12317 53466 4264 36297
36293 23633 51080 8776 36297
36293 30830 69268 5293 36297
36293 19772 49936 1786 36297
36293 28150 77757 3439 36297
36293 24102 64475 2248 36297
36293 21157 51992 5385 36297
36293 28521 75104 2425 36297
36293 30083 51746 6923 36297
36293 21432 50620 8570 36297
36293 19787 60860 817 36297
36293 22398 50345 870 36297
36293 10612 56522 3760 36297
36293 15832 55354 6310 36297
36293 16582 66210 7652 36297
36293 18008 73178 3696 36297
36293 35032 73670 4669 36297
36293 20382 75444 8078 36297
36293 22767 66032 4413 36297
36293 12518 67965 1871 36297
36293 18616 57641 8991 36297
36293 32117 70711 5517 36297
36293 21263 65726 3244 36297
36293 13013 77919 8070 36297
36293 12938 45505 5842 36297
36293 19552 68043 1831 36297
36293 21349 52601 5036 36297
36293 25091 64144 4564 36297
36293 26804 53926 4476 36297
36293 11545 73613 9100 36297
36293 32448 77888 7641 36297
36293 24621 60836 2995 36297
36293 26461 60889 9246 36297
36293 11489 46149 6361 36297
36293 27965 66840 5876 36297
36293 25079 54772 9642 36297
36293 26129 50133 3249 36297
36293 20043 50032 3258 36297
36293 10002 60070 9244 36297
36293 21617 45926 3174 36297
36293 29718 53739 4997 36297
36293 24987 55886 5069 36297
36293 20957 62657 6393 36297
36293 31006 74738 2955 36297
36293 12025 72792 5423 36297
36293 33905 77394 3581 36297
36293 14410 54116 3800 36297
36293 19276 77520 6648 36297
36293 30608 65920 6759 36297
36293 19338 66303 4120 36297
36293 33267 72234 7229 36297
36293 16657 54876 1085 36297
36293 31644 71906 6829 36297
36293 33744 51868 4756 36297
36293 17676 52474 1191 36297
36293 24113 65685 2786 36297
36293 29225 69341 880 36297
36293 22601 46760 8662 36297
36293 29857 49104 8917 36297
36293 25732 47709 407 36297
36293 23458 68271 4312 36297
36293 34404 75521 3239 36297
36293 15938 64967 5153 36297
36293 31495 52577 8878 36297
36293 28408 65054 7801 36297
36293 15918 53848 8122 36297
36293 28578 74817 8069 36297
36293 29506 74409 6885 36297
36293 24714 61045 3508 36297
36293 33315 59228 7645 36297
36293 17249 72483 4536 36297
36293 13115 62913 4580 36297
36293 29121 65800 2899 36297
36293 15420 56610 6220 36297
36293 21670 46495 2724 36297
36293 11625 61870 3051 36297
36293 16190 57123 8284 36297
36293 30141 45224 6528 36297
36293 12845 69887 7812 36297
36293 17304 62487 2992 36297
36293 11747 66357 29 36297
36293 26207 54705 2270 36297
36293 28038 64316 670 36297
36293 29345 68457 8920 36297
36293 34438 75709 2041 36297
36293 18748 68497 838 36297
36293 24502 62026 5536 36297
36293 13803 51192 610 36297
36293 33334 54486 5708 36297
36293 23535 51057 9423 36297
36293 21904 56687 9017 36297
36293 20591 74963 4220 36297
36293 30278 55479 3570 36297
36293 15115 58915 8777 36297
36293 17724 56069 3987 36297
36293 21740 48285 3707 36297
36293 18471 73683 4785 36297
36293 30393 75256 6489 36297
36293 35795 56894 5398 36297
36293 25302 64751 4472 36297
36293 16185 73892 6832 36297
36293 31264 75803 5499 36297
36293 26722 55118 7648 36297
36293 24833 63469 1910 36297
36293 35247 72554 4206 36297
36293 23792 68054 3040 36297
36293 14092 75666 7013 36297
36293 11068 53894 4220 36297
36293 22173 76341 6873 36297
36293 23656 73615 6346 36297
36293 13843 75747 546 36297
36293 12932 68097 1275 36297
36293 26624 53596 7727 36297
36293 19464 50590 5807 36297
36293 24358 66173 8105 36297
36293 32440 58296 7166 36297
36293 25284 59733 6828 36297
36293 24700 56922 5431 36297
36293 11179 58041 1911 36297
36293 24779 53453 8912 36297
36293 13704 77099 3212 36297
36293 21245 51090 4305 36297
36293 29142 78071 6444 36297
36293 33976 52635 5554 36297
36293 14409 63098 52 36297
36293 31473 47338 896 36297
36293 22832 78114 6773 36297
36293 17079 59719 8205 36297
36293 18294 68058 4491 36297
36293 15776 54997 1365 36297
36293 25033 71115 4847 36297
36293 34714 60283 2660 36297
36293 21761 45386 5260 36297
36293 21277 54907 3009 36297
36293 27095 68481 1874 36297
36293 23570 57480 1569 36297
36293 26715 68549 386 36297
36293 15190 59030 928 36297
36293 11670 70130 5628 36297
36293 25077 53686 3906 36297
36293 32162 54524 4650 36297
36293 30242 70658 6395 36297
36293 35123 49518 9591 36297
36293 23465 53577 5999 36297
36293 29749 66411 1385 36297
36293 26763 56624 9245 36297
36293 33405 77218 4984 36297
36293 25164 47643 36 36297
36293 34771 56901 1021 36297
36293 16891 70181 4529 36297
36293 33020 76853 6534 36297
36293 10247 67645 750 36297
36293 12933 76077 4696 36297
36293 33125 70013 4923 36297
36293 20787 68720 4553 36297
36293 10544 50978 2939 36297
36293 35066 74784 9220 36297
36293 11927 72978 5285 36297
36293 10954 65988 3074 36297
36293 29164 73874 1511 36297
36293 27771 46543 5956 36297
36293 29271 49736 5672 36297
36293 35979 68898 6001 36297
36293 17808 62004 7127 36297
36293 14841 56321 7977 36297
36293 20485 52620 9254 36297
36293 32516 73132 4788 36297
36293 11799 72764 11 36297
36293 14728 69865 1226 36297
36293 9732 69225 5925 36297
36293 19999 54447 2666 36297
36293 15136 54680 5098 36297
36293 29616 56351 5200 36297
36293 22000 64814 2371 36297
36293 30473 65002 3818 36297
36293 27522 52229 841 36297
36293 19166 74255 1219 36297
36293 33906 69410 425 36297
36293 31873 77905 19 36297
36293 16208 69472 7141 36297
36293 26552 53796 5983 36297
36293 25859 71316 2016 36297
36293 28524 49301 8275 36297
36293 30753 55949 2954 36297
36293 18979 53576 2542 36297
36293 26477 50653 1682 36297
36293 29259 47468 6011 36297
36293 27218 71484 9160 36297
36293 30486 78121 1094 36297
36293 29690 47604 1842 36297
36293 33316 53041 8557 36297
36293 21050 66756 3304 36297
36293 24017 77798 8753 36297
36293 30873 55864 8593 36297
36293 11708 52484 4510 36297
36293 32008 52375 3481 36297
36293 33246 75477 8441 36297
36293 19612 66071 9250 36297
36293 10848 68625 9375 36297
36293 28791 50608 5148 36297
36293 28720 50599 2926 36297
36293 19844 62820 562 36297
36293 11594 64070 8135 36297
36293 11953 54518 4215 36297
36293 35998 49572 8337 36297
36293 18549 70055 5469 36297
36293 17732 59490 4398 36297
36293 28303 63660 6442 36297
36293 15638 62227 5676 36297
36293 10706 54065 3433 36297
36293 29061 52574 549 36297
36293 21437 63441 2054 36297
36293 16125 48502 5432 36297
36293 15753 46077 993 36297
36293 29843 57382 710 36297
36293 24759 51988 150 36297
36293 31793 73548 3165 36297
36293 24148 55465 5505 36297
36293 17786 73773 3002 36297
36293 33564 73118 2078 36297
36293 23862 63008 6424 36297
36293 24328 67683 9116 36297
36293 27759 62461 8037 36297
36293 22626 65114 5836 36297
36293 28801 46375 2485 36297
36293 10789 61181 827 36297
36293 31921 45529 7036 36297
36293 18454 69922 8085 36297
36293 19589 51605 6643 36297
36293 35410 46592 8191 36297
36293 33435 46042 2434 36297
36293 18300 49080 2903 36297
36293 26635 74247 4164 36297
36293 23061 77083 7178 36297
36293 25477 64942 7042 36297
36293 11590 72917 9703 36297
36293 12547 56658 1551 36297
36293 22491 71984 8436 36297
36293 13131 76966 6283 36297
36293 28303 55054 665 36297
36293 22381 67351 2268 36297
36293 14990 45620 7168 36297
36293 25929 67191 8090 36297
36293 20964 71004 6589 36297
36293 18086 57650 8095 36297
36293 18690 48393 8267 36297
36293 28142 48961 3515 36297
36293 23836 68945 1345 36297
36293 11151 61138 8367 36297
36293 19719 72359 1881 36297
36293 29162 50917 5161 36297
36293 33101 53501 7707 36297
36293 9816 50239 4693 36297
36293 19034 58587 3872 36297
36293 32173 49371 7610 36297
36293 28807 46805 4700 36297
36293 20657 75587 3216 36297
36293 34275 46162 4361 36297
36293 18281 52973 1656 36297
36293 12599 53752 567 36297
36293 16159 71131 9360 36297
36293 17295 64046 7995 36297
36293 27843 57450 6826 36297
36293 29693 68254 3377 36297
36293 30547 56113 1248 36297
36293 19022 46491 6283 36297
36293 35516 54420 8418 36297
36293 20387 55050 3659 36297
36293 16917 67322 214 36297
36293 18696 73376 8988 36297
36293 27624 71197 2336 36297
36293 28026 59614 2724 36297
36293 27635 53406 768 36297
36293 30456 54532 3464 36297
36293 26321 58885 616 36297
36293 11752 64753 5477 36297
36293 35159 67224 8623 36297
36293 32773 48537 9133 36297
36293 27752 72482 3398 36297
36293 35892 45604 8294 36297
36293 13144 51783 8863 36297
36293 11421 46443 6402 36297
36293 16760 48556 4207 36297
36293 13051 58899 1072 36297
36293 12004 47251 5194 36297
36293 21123 75528 108 36297
36293 29945 69186 2448 36297
36293 10793 69807 1855 36297
36293 33835 66951 7072 36297
36293 11334 70659 8877 36297
36293 35998 75429 55 36297
36293 22264 65081 1508 36297
36293 9719 48452 3484 36297
36293 29568 57111 6574 36297
36293 15676 76100 2128 36297
36293 20507 68572 6865 36297
36293 20604 45430 6349 36297
36293 21354 65107 699 36297
36293 29919 74489 2817 36297
36293 23407 45142 4485 36297
36293 11053 74722 8610 36297
36293 24087 52787 5542 36297
36293 13770 77046 4475 36297
36293 17737 47982 395 36297
36293 34727 57563 5418 36297
36293 22745 70270 9390 36297
36293 18356 57391 4915 36297
36293 23163 77345 493 36297
36293 28759 53816 8177 36297
36293 23682 47257 902 36297
36293 34908 62430 270 36297
36293 25809 46698 8412 36297
36293 32889 58801 1760 36297
36293 25145 77073 3087 36297
36293 35865 58913 1920 36297
36293 24512 62866 1583 36297
36293 20909 48734 2758 36297
36293 20279 56030 6496 36297
36293 35686 45452 4678 36297
36293 31316 54904 6923 36297
36293 13660 68412 1525 36297
36293 29883 46377 9646 36297
36293 30718 50089 8806 36297
36293 24753 66305 8809 36297
36293 15370 55588 3902 36297
36293 10888 72652 5065 36297
36293 19417 68255 8854 36297
36293 12071 56207 806 36297
36293 21053 59462 497 36297
36293 30014 73523 4401 36297
36293 18494 63456 1597 36297
36293 21325 57190 2357 36297
36293 34906 64705 6767 36297
36293 14095 64600 3776 36297
36293 22760 48386 7030 36297
36293 31096 77930 6108 36297
36293 23836 55772 6037 36297
36293 22495 54382 3828 36297
36293 20665 62232 8678 36297
36293 31019 57420 2213 36297
36293 26073 56541 4852 36297
36293 14816 71843 1452 36297
36293 17767 76377 2725 36297
36293 11098 73474 1243 36297
36293 18147 69673 5603 36297
36293 11193 52543 3801 36297
36293 17207 63259 9657 36297
36293 11654 55272 3713 36297
36293 29172 51425 8903 36297
36293 35781 50775 3575 36297
36293 16138 68051 1265 36297
36293 20498 54999 7482 36297
36293 26846 46808 2130 36297
36293 16425 54304 337 36297
36293 14651 71376 3307 36297
36293 19899 62384 8341 36297
36293 16985 72567 6907 36297
36293 33733 51974 8857 36297
36293 11911 71628 994 36297
36293 16456 75161 8438 36297
36293 18169 59412 8848 36297
36293 20730 68408 4306 36297
36293 25212 65734 5625 36297
36293 29337 54871 6520 36297
36293 25970 70963 8951 36297
36293 26837 50536 711 36297
36293 22488 55160 7403 36297
36293 29880 45900 8059 36297
36293 24209 47472 7085 36297
36293 17760 68574 4308 36297
36293 35254 49438 3956 36297
36293 24320 77080 1315 36297
36293 23738 72290 8495 36297
36293 21683 51533 603 36297
36293 25907 57577 3729 36297
36293 13725 57440 190 36297
36293 30422 58688 5762 36297
36293 18034 63861 5039 36297
36293 33512 47080 8372 36297
36293 15337 48609 4271 36297
36293 32698 62494 5074 36297
36293 29408 66554 4769 36297
36293 35455 66494 1710 36297
36293 13520 72990 6834 36297
36293 14615 46139 3659 36297
36293 31159 58141 8201 36297
36293 14797 71980 8159 36297
36293 23208 53708 5878 36297
36293 31472 70411 5850 36297
36293 33102 58349 7945 36297
36293 31253 69905 991 36297
36293 22778 46730 6417 36297
36293 27908 51143 3934 36297
36293 10987 62062 1063 36297
36293 34400 76495 510 36297
36293 9974 51043 3657 36297
36293 34716 50410 4512 36297
36293 20316 72144 3265 36297
36293 24876 67248 8706 36297
36293 19648 50032 5867 36297
36293 18542 55528 973 36297
36293 22663 52797 1589 36297
36293 17056 71279 5177 36297
36293 18295 59237 93 36297
36293 19713 77290 7534 36297
36293 19418 74987 1299 36297
36293 22512 47514 2035 36297
36293 13843 48377 5885 36297
36293 11765 68668 4789 36297
36293 32462 55163 7200 36297
36293 23266 55247 9059 36297
36293 20910 55277 4711 36297
36293 29431 64547 9276 36297
36293 31238 61780 28 36297
36293 36045 52974 251 36297
36293 12610 65976 1971 36297
36293 30713 53870 7959 36297
36293 19287 51031 3168 36297
36293 25525 70680 8134 36297
36293 13977 68871 7754 36297
36293 14783 53628 9599 36297
36293 18284 47405 157 36297
36293 30134 74112 4504 36297
36293 30697 51563 6075 36297
36293 31720 51969 130 36297
36293 29414 57868 3600 36297
36293 24243 76718 7300 36297
36293 12628 58884 8427 36297
36293 35970 75282 8748 36297
36293 17025 46336 1627 36297
36293 22151 67536 135 36297
36293 32499 50347 8597 36297
36293 17794 60851 3772 36297
36293 15723 61478 2651 36297
36293 23408 59457 7306 36297
36293 14449 48918 4244 36297
36293 10416 67116 9361 36297
36293 23276 53613 316 36297
36293 17849 69690 1657 36297
36293 19213 50177 8995 36297
36293 9945 68713 672 36297
36293 23643 66299 993 36297
36293 25598 51059 4233 36297
36293 27703 58834 2878 36297
36293 18625 73027 3955 36297
36293 14410 75890 4539 36297
36293 19574 57037 5068 36297
36293 17307 74724 131 36297
36293 13696 55260 4567 36297
36293 28836 51258 3839 36297
36293 22003 55972 1323 36297
36293 16872 62503 5751 36297
36293 15488 61929 4046 36297
36293 11275 58494 5705 36297
36293 21772 76278 3313 36297
36293 18242 46438 2170 36297
36293 28808 50484 8551 36297
36293 15881 74561 513 36297
36293 13328 65375 2472 36297
36293 19804 77030 9526 36297
36293 33059 67681 8308 36297
36293 30797 46008 5999 36297
36293 10340 71491 3285 36297
36293 31322 73434 2468 36297
36293 12193 49229 3236 36297
36293 34317 51361 8236 36297
36293 31999 65610 952 36297
36293 12161 66738 7794 36297
36293 25701 74621 5399 36297
36293 23696 50363 2385 36297
36293 20127 77311 4772 36297
36293 27964 57657 7505 36297
36293 13885 77771 8750 36297
36293 20612 60340 195 36297
36293 34515 64279 7799 36297
36293 29314 73364 3852 36297
36293 25042 45094 4140 36297
36293 20740 52321 2865 36297
36293 33073 64682 6282 36297
36293 10830 65306 9224 36297
36293 31948 65314 3844 36297
36293 18838 73676 1667 36297
36293 23159 64735 4918 36297
36293 19737 57398 3801 36297
36293 27044 77722 5494 36297
36293 20738 71163 1940 36297
36293 18061 47540 2720 36297
36293 20851 63707 1417 36297
36293 30245 45616 8653 36297
36293 15043 49065 6716 36297
36293 21189 66786 8822 36297
36293 12160 48119 7562 36297
36293 16245 51696 2804 36297
36293 14528 49722 3460 36297
36293 29171 55178 8703 36297
36293 18935 45874 2323 36297
36293 26654 71455 9089 36297
36293 25193 64101 827 36297
36293 27520 48435 984 36297
36293 28574 72549 4400 36297
36293 14580 60439 43 36297
36293 21568 77357 4728 36297
36293 9790 55063 5780 36297
36293 29349 74908 2806 36297
36293 32513 60329 1558 36297
36293 23873 49037 2549 36297
36293 30847 77212 3806 36297
36293 16834 51291 2579 36297
36293 12243 63685 4804 36297
36293 32268 60513 6875 36297
36293 18622 75723 2716 36297
36293 11133 57460 8423 36297
36293 14275 61063 7868 36297
36293 23181 77319 9669 36297
36293 30637 51781 291 36297
36293 22866 48913 5154 36297
36293 18626 56211 6244 36297
36293 19901 49505 5986 36297
36293 23808 46512 72 36297
36293 20514 57173 3948 36297
36293 27460 62445 9638 36297
36293 9882 68978 5221 36297
36293 21603 48016 5719 36297
36293 24175 57327 3842 36297
36293 17000 73869 3615 36297
36293 18499 77160 2637 36297
36293 10912 75766 3066 36297
36293 19027 73664 4731 36297
36293 31313 54009 977 36297
36293 16160 71568 793 36297
36293 18844 61583 8719 36297
36293 19019 74644 666 36297
36293 34446 67194 6181 36297
36293 35530 70543 2458 36297
36293 28420 66134 8062 36297
36293 12005 55257 9037 36297
36293 15688 71706 8949 36297
36293 18486 64394 4631 36297
36293 10934 63494 6389 36297
36293 32305 77001 6860 36297
36293 30240 54552 2777 36297
36293 25619 72564 2512 36297
36293 35475 77376 5272 36297
36293 22999 47636 6536 36297
36293 11221 66863 8582 36297
36293 25929 74468 2508 36297
36293 10221 65697 6579 36297
36293 13378 68636 7734 36297
36293 13347 65155 6272 36297
36293 34658 50206 3 36297
36293 17962 75276 3316 36297
36293 14899 45311 8678 36297
36293 31539 49403 762 36297
36293 23009 48396 2952 36297
36293 23732 74599 328 36297
36293 14973 49514 2991 36297
36293 35067 49786 7428 36297
36293 31323 63160 1516 36297
36293 21940 74883 3331 36297
36293 16915 66824 3774 36297
36293 16142 67617 4813 36297
36293 10185 59311 3436 36297
36293 14830 76384 1040 36297
36293 18170 63454 8351 36297
36293 31512 74374 635 36297
36293 28807 49357 6135 36297
36293 30441 46036 6339 36297
36293 31340 57435 5016 36297
36293 15591 55937 4705 36297
36293 15024 45173 3593 36297
36293 22637 68415 3806 36297
36293 20995 57895 1876 36297
36293 17813 51147 8603 36297
36293 19091 78048 5772 36297
36293 19276 70853 1061 36297
36293 34080 78069 2920 36297
36293 19344 66941 743 36297
36293 12173 58042 6580 36297
36293 9741 63271 8966 36297
36293 15121 63867 1720 36297
36293 19456 57388 8662 36297
36293 25476 55083 1721 36297
36293 21102 65184 8464 36297
36293 23452 62133 2166 36297
36293 20406 77766 1026 36297
36293 17703 72029 7803 36297
36293 20085 50274 1846 36297
36293 30962 76786 8592 36297
36293 27955 74060 7578 36297
36293 10923 76054 1091 36297
36293 36100 71444 973 36297
36293 20554 76979 8766 36297
36293 29936 73334 7970 36297
36293 11598 60176 4622 36297
36293 34864 75321 1111 36297
36293 12199 68440 3353 36297
36293 15683 60685 2148 36297
36293 23612 63057 2312 36297
36293 32740 67892 7102 36297
36293 34878 78131 3968 36297
36293 31610 74942 3769 36297
36293 19324 63059 9682 36297
36293 11409 54022 6857 36297
36293 25377 50078 5005 36297
36293 34802 76297 5767 36297
36293 11072 64132 3875 36297
36293 12099 66126 214 36297
36293 16006 75976 130 36297
36293 30472 48961 5910 36297
36293 36221 52963 5305 36297
36293 19273 55759 4659 36297
36293 32946 53446 4499 36297
36293 18234 75618 2565 36297
36293 10804 56286 3376 36297
36293 16593 53867 6976 36297
36293 27479 52847 5894 36297
36293 10454 49235 5328 36297
36293 14957 49042 5869 36297
36293 10822 72176 7689 36297
36293 22850 77552 4842 36297
36293 16140 55140 9703 36297
36293 30182 66151 3896 36297
36293 12317 49132 5864 36297
36293 15295 48947 3162 36297
36293 15396 56685 522 36297
36293 27136 46184 7011 36297
36293 31447 76505 3774 36297
36293 32319 56143 6499 36297
36293 22436 70030 7380 36297
36293 32336 45212 7657 36297
36293 30179 72146 8857 36297
36293 12135 77254 1146 36297
36293 30522 72517 3061 36297
36293 31357 54366 8531 36297
36293 21847 72637 4900 36297
36293 13225 66198 8650 36297
36293 28253 67468 8160 36297
36293 19951 49537 8951 36297
36293 33949 69811 9650 36297
36293 10060 45138 6839 36297
36293 26537 54253 3848 36297
36293 13210 66050 2571 36297
36293 29610 52343 2793 36297
36293 31437 45727 6336 36297
36293 32284 53382 2655 36297
36293 15450 51684 6772 36297
36293 15512 65809 4576 36297
36293 23636 76038 2499 36297
36293 16211 48930 3882 36297
36293 29892 45042 6642 36297
36293 26502 46996 3282 36297
36293 32819 55613 2247 36297
36293 26818 70312 6018 36297
36293 26560 63596 1236 36297
36293 11159 60733 7602 36297
36293 11443 64005 2313 36297
36293 26887 48840 3413 36297
36293 20269 49130 5552 36297
36293 11508 74282 2651 36297
36293 19267 59955 6147 36297
36293 12427 52319 4793 36297
36293 9846 76671 7889 36297
36293 17964 54464 6883 36297
36293 26954 49255 1730 36297
36293 24362 58102 3478 36297
36293 27121 69964 8654 36297
36293 15120 73288 958 36297
36293 23308 52851 6919 36297
36293 14727 62575 2749 36297
36293 30669 60566 3961 36297
36293 31014 75292 1977 36297
36293 21885 70992 8029 36297
36293 35981 54761 7580 36297
36293 23791 51803 2633 36297
36293 24651 63283 5655 36297
36293 30859 50589 7295 36297
36293 24264 64435 5689 36297
36293 32456 49765 6730 36297
36293 15403 73627 460 36297
36293 32391 50225 2169 36297
36293 13761 55738 3074 36297
36293 25368 73988 5701 36297
36293 27014 52589 4525 36297
36293 31672 77118 7539 36297
36293 35960 59582 2380 36297
36293 34861 71475 3677 36297
36293 18489 59591 5742 36297
36293 29887 77439 397 36297
36293 14395 48223 579 36297
36293 15165 65608 5343 36297
36293 33870 57178 8614 36297
36293 28081 54751 3326 36297
36293 29178 75270 5191 36297
36293 34485 75626 9444 36297
36293 14861 72127 6358 36297
36293 19953 47682 6674 36297
36293 9880 72846 4528 36297
36293 11907 61234 7487 36297
36293 33619 53416 2703 36297
36293 34611 55771 9508 36297
36293 34706 53753 828 36297
36293 13668 75939 1941 36297
36293 25843 66494 709 36297
36293 28263 77250 6855 36297
36293 29367 52910 1804 36297
36293 23123 76506 9171 36297
36293 34091 51142 2904 36297
36293 15028 68098 3587 36297
36293 11901 49742 4905 36297
36293 33795 48919 9509 36297
36293 30107 72655 4087 36297
36293 12261 64986 5890 36297
36293 36075 74592 6599 36297
36293 26516 46736 5193 36297
36293 13608 49594 6050 36297
36293 12893 51639 7448 36297
36293 21949 54891 9500 36297
36293 24504 78045 6702 36297
36293 26398 45064 8614 36297
36293 31684 67826 8368 36297
36293 21217 78189 5326 36297
36293 15514 53378 6019 36297
36293 25148 51007 9131 36297
36293 20466 64173 8236 36297
36293 32083 60062 4395 36297
36293 29086 47036 6493 36297
36293 25056 68808 8633 36297
36293 12037 76850 4199 36297
36293 30561 48914 3042 36297
36293 20230 53689 2729 36297
36293 26596 56618 7393 36297
36293 10052 66581 7776 36297
36293 16914 49860 8149 36297
36293 24912 60074 8652 36297
36293 21419 62956 6037 36297
36293 30739 70742 8676 36297
36293 17224 66181 2269 36297
36293 24611 50128 5229 36297
36293 29698 74785 7726 36297
36293 33083 45213 5533 36297
36293 27118 52577 6403 36297
36293 28244 46477 4824 36297
36293 18056 50238 5460 36297
36293 19336 75786 1204 36297
36293 23859 52097 1801 36297
36293 21851 45946 1239 36297
36293 16996 56441 8940 36297
36293 13887 78070 4637 36297
36293 35968 51041 4184 36297
36293 15100 63540 8923 36297
36293 26401 75211 9025 36297
36293 24111 66834 2454 36297
36293 10040 77554 831 36297
36293 18641 46305 8783 36297
36293 29094 45548 175 36297
36293 20205 50627 8503 36297
36293 20234 67929 7949 36297
36293 28224 63642 9027 36297
36293 27320 73962 5310 36297
36293 23470 64949 6056 36297
36293 9818 59997 3518 36297
36293 12368 55247 6202 36297
36293 23228 59683 1395 36297
36293 35165 57950 7405 36297
36293 27497 60226 540 36297
36293 30825 68505 7866 36297
36293 15455 58767 6056 36297
36293 34162 48182 2572 36297
36293 15390 74052 5911 36297
36293 29842 54119 3810 36297
36293 10590 70791 6846 36297
36293 20665 67073 9541 36297
36293 11839 57720 593 36297
36293 20074 62258 3060 36297
36293 17618 62915 4117 36297
36293 20832 71705 6909 36297
36293 12642 51676 8286 36297
36293 16277 76396 4673 36297
36293 28357 53228 5912 36297
36293 28968 54671 5226 36297
36293 26856 50812 5145 36297
36293 25312 68024 8520 36297
36293 25202 58047 5342 36297
36293 17569 75577 2141 36297
36293 31001 73958 2903 36297
36293 30699 63973 2738 36297
36293 33991 66604 6301 36297
36293 17187 67259 6190 36297
36293 16651 75473 625 36297
36293 13070 62112 2262 36297
36293 21072 75672 4718 36297
36293 28077 58071 1296 36297
36293 24678 67925 2301 36297
36293 32226 60956 1484 36297
36293 19492 62294 9353 36297
36293 19681 46945 5555 36297
36293 36171 69113 8962 36297
36293 32092 52384 3487 36297
36293 17283 52879 6129 36297
36293 32136 52077 3185 36297
36293 22664 56028 4582 36297
36293 27573 75430 1461 36297
36293 25003 46886 5418 36297
36293 20631 76160 4534 36297
36293 14436 49777 712 36297
36293 31072 64118 1052 36297
36293 28880 73671 3034 36297
36293 28622 77333 1312 36297
36293 13593 71243 8921 36297
36293 15028 45697 8211 36297
36293 19875 61497 5809 36297
36293 36112 58198 4383 36297
36293 33022 72479 3458 36297
36293 30397 71422 1572 36297
36293 23695 56475 9277 36297
36293 16918 59907 8870 36297
36293 27769 54530 4345 36297
36293 22811 56431 493 36297
36293 22139 58386 4796 36297
36293 15294 52505 8111 36297
36293 20943 58830 9618 36297
36293 19821 52834 1279 36297
36293 35961 46093 3025 36297
36293 31958 72093 8162 36297
36293 29549 47746 621 36297
36293 35457 59520 9663 36297
36293 9828 56106 7539 36297
36293 33306 49862 749 36297
36293 23912 53069 5141 36297
36293 35322 48530 4800 36297
36293 25269 54984 2135 36297
36293 25964 52362 2782 36297
36293 20927 75613 31 36297
36293 14986 45322 5234 36297
36293 32741 70795 2470 36297
36293 20605 67471 8372 36297
36293 35762 70163 314 36297
36293 31848 59605 4404 36297
36293 22207 46269 6884 36297
36293 14532 55423 3080 36297
36293 25524 59050 6660 36297
36293 28304 70681 8512 36297
36293 32973 45426 2233 36297
36293 10077 63755 6019 36297
36293 13880 61354 4779 36297
36293 12706 76287 9508 36297
36293 20428 46115 9008 36297
36293 34767 71301 3052 36297
36293 19477 50454 1261 36297
36293 24436 77164 5354 36297
36293 10783 75110 2349 36297
36293 23528 45914 6454 36297
36293 24638 61007 7441 36297
36293 28771 76221 2850 36297
36293 20826 67807 1090 36297
36293 26878 52922 2868 36297
36293 29915 53093 5602 36297
36293 14668 47101 2590 36297
36293 15138 47528 6705 36297
36293 19502 49580 5360 36297
36293 21002 70474 5336 36297
36293 15367 51125 4788 36297
36293 35874 68998 3339 36297
36293 16190 54091 6436 36297
36293 25161 52746 7812 36297
36293 21502 57599 5183 36297
36293 11931 65111 2602 36297
36293 12734 65633 2688 36297
36293 35317 53891 9322 36297
36293 15605 51200 516 36297
36293 11858 51302 1231 36297
36293 29331 56750 92 36297
36293 34665 74994 799 36297
36293 32176 48885 126 36297
36293 14369 76464 1732 36297
36293 32571 76985 629 36297
36293 10078 73193 8520 36297
36293 18363 69895 8103 36297
36293 33029 74953 495 36297
36293 13578 67089 7344 36297
36293 12070 63592 8978 36297
36293 15372 47945 34 36297
36293 18243 59090 6384 36297
36293 33030 65740 5661 36297
36293 27799 77368 7069 36297
36293 26664 52471 6352 36297
36293 10562 61145 7341 36297
36293 31075 52388 3766 36297
36293 33727 55906 6947 36297
36293 34855 53233 5976 36297
36293 34518 77539 4404 36297
36293 14793 51901 8475 36297
36293 17125 64700 4854 36297
36293 20016 69479 7942 36297
36293 14011 75625 8647 36297
36293 14094 69067 6072 36297
36293 17278 70876 1812 36297
36293 34229 50729 284 36297
36293 27262 69288 4145 36297
36293 34764 76411 9583 36297
36293 16719 73736 4457 36297
36293 22993 61339 8419 36297
36293 34834 73303 9030 36297
36293 35414 60242 7408 36297
36293 32207 63519 584 36297
36293 35105 68444 3866 36297
36293 20626 67279 8702 36297
36293 20705 53822 2053 36297
36293 21597 51345 6361 36297
36293 10373 62622 5083 36297
36293 20725 73059 5298 36297
36293 31863 74862 9357 36297
36293 18528 49824 4404 36297
36293 25242 50315 7232 36297
36293 22467 45625 2950 36297
36293 35683 57237 5612 36297
36293 17544 66430 2057 36297
36293 20622 60852 1455 36297
36293 23015 61401 6145 36297
36293 20746 75030 4777 36297
36293 20265 74802 7305 36297
36293 29628 50152 6607 36297
36293 20611 76861 2088 36297
36293 30008 47380 1108 36297
36293 26136 48725 2188 36297
36293 25206 64896 4202 36297
36293 27076 64125 4498 36297
36293 26554 75463 8440 36297
36293 32352 73393 7807 36297
36293 17175 51929 2344 36297
36293 31425 62560 1256 36297
36293 24470 51394 4846 36297
36293 30526 45792 4699 36297
36293 23605 76056 4941 36297
36293 14883 68766 1050 36297
36293 32917 71063 4006 36297
36293 15195 50901 2508 36297
36293 15990 62492 1554 36297
36293 10017 50546 7077 36297
36293 33941 59842 5886 36297
36293 13758 56751 9200 36297
36293 17781 76409 7329 36297
36293 15344 59021 877 36297
36293 32813 50213 3977 36297
36293 27804 59978 8973 36297
36293 24131 61142 7529 36297
36293 25438 53409 4204 36297
36293 18747 51324 2263 36297
36293 21317 77302 4692 36297
36293 21878 67044 7252 36297
36293 35280 73645 5748 36297
36293 16351 66318 2076 36297
36293 24409 56317 9129 36297
36293 26826 77595 2185 36297
36293 31670 49347 364 36297
36293 33109 49806 98 36297
36293 17346 70480 6144 36297
36293 17385 53005 4364 36297
36293 15227 72073 513 36297
36293 16343 72603 5073 36297
36293 31354 57189 1543 36297
36293 28629 52575 7629 36297
36293 25489 68613 3945 36297
36293 25803 49579 8222 36297
36293 27230 62018 9641 36297
36293 11247 62773 9610 36297
36293 26197 66427 8230 36297
36293 29993 69680 2471 36297
36293 13661 75039 1922 36297
36293 22977 67689 8889 36297
36293 28875 50958 7682 36297
36293 20633 69864 3694 36297
36293 15251 72790 7975 36297
36293 25935 56203 4866 36297
36293 25649 67410 7389 36297
36293 30632 48934 7924 36297
36293 29571 46693 6410 36297
36293 18333 47127 5513 36297
36293 12250 45458 1088 36297
36293 27145 55988 8853 36297
36293 11652 65674 3431 36297
36293 12991 74256 5096 36297
36293 21769 47591 9407 36297
36293 26519 77101 4721 36297
36293 35560 53573 3702 36297
36293 31118 50798 7196 36297
36293 35085 45541 9075 36297
36293 17771 63023 883 36297
36293 20350 69201 9308 36297
36293 21978 57179 877 36297
36293 10707 50272 5252 36297
36293 22596 77799 5068 36297
36293 25808 69839 3915 36297
36293 28468 62948 3403 36297
36293 25919 59132 7265 36297
36293 19323 73608 896 36297
36293 34528 59192 5726 36297
36293 22487 52686 4930 36297
36293 13869 52579 2989 36297
36293 12999 75987 1351 36297
36293 16838 46586 8577 36297
36293 28919 57789 652 36297
