36293 18672 60701 1298 36297
36293 18672 64881 1298 36297
36293 18672 65986 1298 36296
36293 18672 63896 1298 36296
36293 18672 63775 1298 36296
36293 18672 66329 1298 36296
36293 18672 67603 1298 36296
36293 18672 64449 1298 36296
36293 18672 65762 1298 36297
36293 18672 70410 1298 36296
36293 18672 56303 1298 36296
36293 18672 58609 1298 36296
36293 18672 66129 1298 36296
36293 18672 74315 1298 36297
36293 18672 68389 1298 36296
36293 18672 52200 1298 36297
36293 18672 70662 1298 36296
36293 18672 58912 1298 36296
36293 18672 73830 1298 36296
36293 18672 57449 1298 36296
36293 18672 67589 1298 36296
36293 18672 53229 1298 36297
36293 18672 70643 1298 36296
36293 18672 63016 1298 36296
36293 18672 64108 1298 36296
36293 18672 70698 1298 36297
36293 18672 71062 1298 36296
36293 18672 58444 1298 36296
36293 18672 67039 1298 36296
36293 18672 61757 1298 36296
36293 18672 55922 1298 36297
36293 18672 61818 1298 36297
36293 18672 57017 1298 36296
36293 18672 59670 1298 36296
36293 18672 68746 1298 36296
36293 18672 61577 1298 36296
36293 18672 68855 1298 36296
36293 18672 66607 1298 36296
36293 18672 72647 1298 36296
36293 18672 71885 1298 36296
36293 18672 64883 1298 36296
36293 18672 57380 1298 36296
36293 18672 70984 1298 36296
36293 18672 64958 1298 36296
36293 18672 73849 1298 36296
36293 18672 56722 1298 36296
36293 18672 65669 1298 36296
36293 18672 65080 1298 36296
36293 18672 73774 1298 36296
36293 18672 70018 1298 36296
36293 18672 64713 1298 36296
36293 18672 74248 1298 36296
36293 18672 75065 1298 36297
36293 18672 56564 1298 36296
36293 18672 68692 1298 36296
36293 18672 68589 1298 36296
36293 18672 59589 1298 36296
36293 18672 61940 1298 36296
36293 18672 72342 1298 36296
36293 18672 66329 1298 36296
36293 18672 59894 1298 36296
36293 18672 71059 1298 36296
36293 18672 57159 1298 36296
36293 18672 66348 1298 36296
36293 18672 63528 1298 36296
36293 18672 61596 1298 36296
36293 18672 71665 1298 36296
36293 18672 57992 1298 36296
36293 18672 57693 1298 36296
36293 18672 67795 1298 36296
36293 18672 63909 1298 36296
36293 18672 54834 1298 36297
36293 18672 60078 1298 36296
36293 18672 57041 1298 36296
36293 18672 72424 1298 36296
36293 18672 61648 1298 36296
36293 18672 77186 1298 36297
36293 18672 63620 1298 36296
36293 18672 76736 1298 36297
36293 18672 62635 1298 36296
36293 18672 50571 1298 36297
36293 18672 64990 1298 36296
36293 18672 62735 1298 36296
36293 18672 57371 1298 36296
36293 18672 56375 1298 36296
36293 18672 59799 1298 36296
36293 18672 71769 1298 36296
36293 18672 74133 1298 36297
36293 18672 57934 1298 36296
36293 18672 64470 1298 36296
36293 18672 74126 1298 36296
36293 18672 74136 1298 36296
36293 18672 56214 1298 36296
36293 18672 58582 1298 36296
36293 18672 64581 1298 36296
36293 18672 64194 1298 36296
36293 18672 67163 1298 36296
36293 18672 55797 1298 36297
36293 18672 64650 1298 36296
36293 18672 64071 1298 36296
36293 18672 59746 1298 36296
36293 18672 60037 1298 36296
36293 18672 56852 1298 36296
36293 18672 64021 1298 36296
36293 18672 71807 1298 36296
36293 18672 58804 1298 36296
36293 18672 56710 1298 36296
36293 18672 71771 1298 36296
36293 18672 65277 1298 36296
36293 18672 65557 1298 36296
36293 18672 69726 1298 36296
36293 18672 73221 1298 36296
36293 18672 64072 1298 36296
36293 18672 61614 1298 36296
36293 18672 57856 1298 36296
36293 18672 60963 1298 36297
36293 18672 68094 1298 36296
36293 18672 73405 1298 36296
36293 18672 53294 1298 36297
36293 18672 59589 1298 36296
36293 18672 73686 1298 36296
36293 18672 68542 1298 36296
36293 18672 70511 1298 36296
36293 18672 62692 1298 36296
36293 18672 62742 1298 36296
36293 18672 65420 1298 36297
36293 18672 62334 1298 36296
36293 18672 56859 1298 36297
36293 18672 58975 1298 36296
36293 18672 68028 1298 36296
36293 18672 71629 1298 36296
36293 18672 71432 1298 36296
36293 18672 66557 1298 36296
36293 18672 46319 1298 36297
36293 18672 61734 1298 36297
36293 18672 70324 1298 36297
36293 18672 60435 1298 36296
36293 18672 71369 1298 36296
36293 18672 71450 1298 36296
36293 18672 71661 1298 36297
36293 18672 67932 1298 36296
36293 18672 61140 1298 36296
36293 18672 65844 1298 36296
36293 18672 66300 1298 36296
36293 18672 67767 1298 36296
36293 18672 64949 1298 36296
36293 18672 75623 1298 36297
36293 18672 62217 1298 36297
36293 18672 68650 1298 36296
36293 18672 64732 1298 36296
36293 18672 62397 1298 36296
36293 18672 74111 1298 36296
36293 18672 63742 1298 36296
36293 18672 56786 1298 36296
36293 18672 65711 1298 36296
36293 18672 73333 1298 36296
36293 18672 74058 1298 36296
36293 18672 63774 1298 36296
36293 18672 66912 1298 36296
36293 18672 72812 1298 36297
36293 18672 67869 1298 36296
36293 18672 58830 1298 36296
36293 18672 57598 1298 36296
36293 18672 64641 1298 36296
36293 18672 73890 1298 36296
36293 18672 68107 1298 36296
36293 18672 65559 1298 36296
36293 18672 68752 1298 36296
36293 18672 57274 1298 36296
36293 18672 56266 1298 36296
36293 18672 68962 1298 36296
36293 18672 63906 1298 36296
36293 18672 60054 1298 36297
36293 18672 67605 1298 36296
36293 18672 61088 1298 36296
36293 18672 72459 1298 36296
36293 18672 61609 1298 36296
36293 18672 68433 1298 36296
36293 18672 66330 1298 36296
36293 18672 60272 1298 36297
36293 18672 66246 1298 36296
36293 18672 56343 1298 36296
36293 18672 58595 1298 36296
36293 18672 59322 1298 36296
36293 18672 67247 1298 36296
36293 18672 67692 1298 36296
36293 18672 64972 1298 36296
36293 18672 71428 1298 36296
36293 18672 73794 1298 36296
36293 18672 62941 1298 36296
36293 18672 72532 1298 36296
36293 18672 70081 1298 36296
36293 18672 60673 1298 36297
36293 18672 60606 1298 36296
36293 18672 60981 1298 36296
36293 18672 70204 1298 36296
36293 18672 73992 1298 36296
36293 18672 56902 1298 36296
36293 18672 62107 1298 36296
36293 18672 58157 1298 36296
36293 18672 58554 1298 36296
36293 18672 70581 1298 36296
36293 18672 61048 1298 36296
36293 18672 74114 1298 36296
36293 18672 59239 1298 36297
36293 18672 62849 1298 36296
36293 18672 65768 1298 36296
36293 18672 61856 1298 36296
36293 18672 71154 1298 36296
36293 18672 68839 1298 36296
36293 18672 62625 1298 36296
36293 18672 67523 1298 36296
36293 18672 64620 1298 36296
36293 18672 77646 1298 36297
36293 18672 73456 1298 36296
36293 18672 68837 1298 36296
36293 18672 64265 1298 36296
36293 18672 68666 1298 36296
36293 18672 73527 1298 36296
36293 18672 67739 1298 36296
36293 18672 49699 1298 36297
36293 18672 59028 1298 36296
36293 18672 69517 1298 36296
36293 18672 68127 1298 36296
36293 18672 56485 1298 36296
36293 18672 63600 1298 36296
36293 18672 71171 1298 36296
36293 21937 64542 3846 36296
36293 21937 56743 3846 36296
36293 21937 62918 3846 36296
36293 21937 57865 3846 36296
36293 21937 56743 3846 36296
36293 21937 62918 3846 36296
36293 21937 64783 3846 36296
36293 21937 56743 3846 36296
36293 21937 64783 3846 36296
36293 21937 56743 3846 36296
36293 21937 64783 3846 36296
36293 21937 56097 3846 36296
36293 21937 64783 3846 36296
36293 21937 68035 3846 36296
36293 21937 56207 3846 36296
36293 21937 64783 3846 36296
36293 21937 56097 3846 36296
36293 21937 56207 3846 36296
36293 21937 64783 3846 36297
36293 21937 56097 3846 36296
36293 21937 68035 3846 36296
36293 21937 56207 3846 36296
36293 21937 56097 3846 36296
36293 21937 68035 3846 36296
36293 21937 72775 3846 36296
36293 21937 69260 3846 36296
36293 21937 64783 3846 36296
36293 21937 68035 3846 36296
36293 21937 72775 3846 36296
36293 21937 56207 3846 36296
36293 21937 69260 3846 36296
36293 21937 68035 3846 36296
36293 21937 72775 3846 36296
36293 21937 56207 3846 36296
36293 21937 69260 3846 36296
36293 21937 56097 3846 36296
36293 21937 56207 3846 36296
36293 21937 56207 3846 36296
36293 21937 56959 3846 36296
36293 21937 56207 3846 36296
36293 36292 67487 3698 36295
36293 36292 64021 3698 36295
36293 36292 68519 3698 36295
