36293 18672 69331 1298 36296
36293 18672 62933 1298 36296
36293 18672 62867 1298 36296
36293 18672 69234 1298 36296
36293 21120 78019 1298 36297
36293 21120 75956 1298 36297
36293 21120 45196 1298 36297
36293 21120 64558 1298 36297
36293 18672 52454 1298 36297
36293 21120 75115 1298 36297
36293 18672 57600 1298 36297
36293 18672 45597 1298 36297
36293 21120 56648 1298 36297
36293 21120 57639 1298 36297
36293 21120 73508 1298 36297
36293 18672 72372 1298 36297
36293 18672 62210 1298 36297
36293 21120 76758 1298 36297
36293 21120 77767 1298 36297
36293 18672 55453 1298 36297
36293 18672 58783 1298 36297
36293 21120 53180 1298 36297
36293 18672 49158 1298 36297
36293 21120 61307 1298 36297
36293 18672 48676 1298 36297
36293 21120 48899 1298 36297
36293 18672 66275 1298 36297
36293 18672 75601 1298 36297
36293 21120 75066 1298 36297
36293 18672 55212 1298 36297
36293 21120 64768 1298 36297
36293 18672 50075 1298 36297
36293 18672 46166 1298 36297
36293 18672 56111 1298 36297
36293 21120 54589 1298 36297
36293 18672 52312 1298 36297
36293 18672 57554 1298 36297
36293 21120 59283 1298 36296
36293 21120 59285 1298 36296
36293 21120 73079 1298 36297
36293 18672 64751 1298 36297
36293 18672 59498 1298 36297
36293 21120 52899 1298 36297
36293 21120 50253 1298 36297
36293 18672 61177 1298 36297
36293 18672 48746 1298 36297
36293 18672 54873 1298 36297
36293 21120 61179 1298 36297
36293 18672 55109 1298 36297
36293 18672 45467 1298 36297
36293 18672 57017 1298 36297
36293 18672 56776 1298 36297
36293 18672 45936 1298 36297
36293 21120 62364 1298 36297
36293 21120 62366 1298 36297
36293 21120 52051 1298 36297
36293 18672 55829 1298 36297
36293 21120 56851 1298 36297
36293 21120 52120 1298 36297
36293 18672 75382 1298 36297
36293 23879 57093 5937 36297
36293 25543 77540 1433 36297
36293 36287 63959 1668 36297
36293 15085 78040 4419 36297
36293 27856 50563 6587 36297
36293 14593 52552 526 36297
36293 24330 72556 3237 36297
36293 19565 65371 5899 36297
36293 28671 58146 5481 36297
36293 31515 73140 4412 36297
36293 13471 70565 8073 36297
36293 32205 63268 6612 36297
36293 27506 47473 4737 36297
36293 17700 52864 1803 36297
36293 15132 74682 1188 36297
36293 30784 73181 2988 36297
36293 10624 52546 3431 36297
36293 28397 55482 5739 36297
36293 14808 77794 9544 36297
36293 14234 68318 9257 36297
36293 35809 52713 1393 36297
36293 26155 51732 9637 36297
36293 22407 57621 6421 36297
36293 31385 47879 9568 36297
36293 31686 54778 6725 36297
36293 32675 66570 8935 36297
36293 16748 45534 5472 36297
36293 33348 62431 1012 36297
36293 17736 69703 9330 36297
36293 28417 68327 7855 36297
36293 13674 73102 6288 36297
36293 23599 68551 9002 36297
36293 34218 50772 2173 36297
36293 24871 73779 4180 36297
36293 13776 53385 5640 36297
36293 29110 60327 247 36297
36293 31063 57077 6525 36297
36293 30910 50873 826 36297
36293 15986 54163 8497 36297
36293 16672 59506 8840 36297
36293 18959 50088 6473 36297
36293 27596 70260 2958 36297
36293 11534 56452 5306 36297
36293 16230 56133 2540 36297
36293 14613 49633 1945 36297
36293 21890 58773 7105 36297
36293 18273 71153 5545 36297
36293 30078 57365 1968 36297
36293 14058 58116 5638 36297
36293 25811 56203 6949 36297
36293 13211 73933 3443 36297
36293 16748 57782 4097 36297
36293 13345 52886 1301 36297
36293 26675 55091 3374 36297
36293 22102 67114 9291 36297
36293 15583 62375 8928 36297
36293 23039 51780 2816 36297
36293 25103 53958 7773 36297
36293 29379 77786 1835 36297
36293 18442 77941 8067 36297
36293 34558 54885 9671 36297
36293 27135 71925 5416 36297
36293 10816 47510 5610 36297
36293 17859 61964 7789 36297
36293 10869 75438 9103 36297
36293 11234 60082 5364 36297
36293 35905 47658 1565 36297
36293 32112 60741 2603 36297
36293 29768 52739 1251 36297
36293 36127 47595 6390 36297
36293 18252 60627 7050 36297
36293 32840 54081 6417 36297
36293 30403 48010 9649 36297
36293 33657 49852 3136 36297
36293 20744 61648 4463 36297
36293 15299 55886 2529 36297
36293 11788 67555 1176 36297
36293 12865 70115 476 36297
36293 29524 59461 3666 36297
36293 14168 58032 1124 36297
36293 16916 72270 7741 36297
36293 10543 60873 8449 36297
36293 24712 71135 2695 36297
36293 33018 59829 8300 36297
36293 17156 76767 4274 36297
36293 21850 48948 974 36297
36293 25736 50284 6660 36297
36293 20913 75316 1035 36297
36293 17129 45671 9684 36297
36293 23099 67087 6695 36297
36293 12499 49182 8523 36297
36293 14084 52514 6045 36297
36293 34606 76330 8859 36297
36293 28111 45638 3740 36297
36293 16975 50541 9567 36297
36293 27705 60309 3605 36297
36293 31075 52091 8755 36297
36293 25342 70833 2597 36297
36293 25147 47828 5073 36297
36293 35332 45196 3644 36297
36293 20882 69154 9393 36297
36293 9809 50943 8048 36297
36293 34720 64824 8644 36297
36293 29512 68972 1524 36297
36293 34777 49223 3147 36297
36293 21214 47612 7792 36297
36293 23851 52192 29 36297
36293 26529 47913 5410 36297
36293 11384 71252 3455 36297
36293 34088 54041 5866 36297
36293 28877 76935 6940 36297
36293 25791 64666 5843 36297
36293 17967 73966 3197 36297
36293 34623 75000 4125 36297
36293 32896 70336 7377 36297
36293 35504 50412 6572 36297
36293 11557 57641 1003 36297
36293 13992 51521 445 36297
36293 34335 47630 6422 36297
36293 31174 64391 166 36297
36293 33233 64812 1035 36297
36293 20160 55198 1755 36297
36293 9943 75041 5795 36297
36293 32764 47290 4722 36297
36293 32908 54663 5236 36297
36293 19594 66860 5935 36297
36293 20541 53770 1259 36297
36293 36261 45950 2387 36297
36293 14672 56100 2740 36297
36293 20122 55481 1747 36297
36293 31605 73836 1768 36297
36293 18269 75197 1154 36297
36293 18800 48888 1340 36297
36293 22239 68170 1669 36297
36293 17232 65692 4485 36297
36293 11066 45703 8387 36297
36293 28381 68524 4859 36297
36293 32823 75509 8803 36297
36293 29939 45202 6950 36297
36293 19700 77932 8634 36297
36293 10414 49144 722 36297
36293 16653 46569 1323 36297
36293 33765 77873 4067 36297
36293 34787 76403 891 36297
36293 26221 46778 6434 36297
36293 28156 54977 4855 36297
36293 25609 71700 439 36297
36293 18535 47544 4799 36297
36293 23126 50482 2362 36297
36293 10901 74325 9344 36297
36293 32649 60024 6315 36297
36293 30072 73722 5982 36297
36293 16224 58248 3199 36297
36293 22342 45993 8642 36297
36293 25948 48640 8311 36297
36293 35152 66631 4647 36297
36293 29365 51880 4702 36297
36293 15910 73502 7936 36297
36293 35802 76901 8387 36297
36293 29294 52477 7751 36297
36293 25387 75979 3612 36297
36293 19845 53741 7044 36297
36293 21602 50568 1154 36297
36293 20329 48208 5394 36297
36293 9948 46286 9573 36297
36293 13151 54353 640 36297
36293 18847 64960 2927 36297
36293 27262 53058 8502 36297
36293 16234 59735 3801 36297
36293 9709 71761 7510 36297
36293 28744 72653 3428 36297
36293 23221 69554 7209 36297
36293 32019 64066 8961 36297
36293 14584 49355 482 36297
36293 21961 64028 5778 36297
36293 35115 48345 3776 36297
36293 23507 71628 1536 36297
36293 13248 58562 4485 36297
36293 30463 76230 9300 36297
36293 29421 54764 8155 36297
36293 20796 54367 2311 36297
36293 30823 72638 5981 36297
36293 19977 53289 2078 36297
36293 11127 66670 334 36297
36293 29242 52329 234 36297
36293 34269 50991 5935 36297
36293 17437 77901 1506 36297
36293 13953 77024 3833 36297
36293 32982 73624 6138 36297
36293 14578 55097 5600 36297
36293 12873 62269 8578 36297
36293 19756 51611 2409 36297
36293 23023 54391 9099 36297
36293 10487 66518 1101 36297
36293 30894 72075 7894 36297
36293 22643 74704 1369 36297
36293 34968 70206 4517 36297
36293 28872 65685 7616 36297
36293 22597 54564 3297 36297
36293 16828 63616 6394 36297
36293 23910 74227 3719 36297
36293 19154 52087 60 36297
36293 25681 74896 5030 36297
36293 21770 53169 769 36297
36293 21834 54608 1010 36297
36293 17219 48485 5801 36297
36293 35233 46752 6800 36297
36293 13380 54278 5645 36297
36293 19168 60944 4615 36297
36293 20277 77146 1676 36297
36293 14196 48629 3731 36297
36293 31225 60076 5367 36297
36293 17508 56080 1858 36297
36293 16038 59130 547 36297
36293 35845 47792 6319 36297
36293 33071 47767 5447 36297
36293 21804 65521 2263 36297
36293 21750 61258 2691 36297
36293 21831 58204 3947 36297
36293 13148 68375 2088 36297
36293 20505 45741 6419 36297
36293 24859 56502 3414 36297
36293 11468 53691 2736 36297
36293 21888 51036 8835 36297
36293 18048 45584 8018 36297
36293 36183 70660 5636 36297
36293 33567 48631 3497 36297
36293 16098 65467 9113 36297
36293 13948 76347 1391 36297
36293 34687 57398 4582 36297
36293 32787 71830 6872 36297
36293 27246 53654 5327 36297
36293 18747 52611 4322 36297
36293 25624 71407 6540 36297
36293 11173 64030 215 36297
36293 15937 57784 342 36297
36293 19229 66544 7404 36297
36293 31929 73202 1450 36297
36293 22493 58068 2102 36297
36293 31626 77756 5303 36297
36293 16627 63238 5472 36297
36293 13418 52176 8089 36297
36293 23164 76408 9459 36297
36293 32009 74503 7677 36297
36293 23971 45055 3582 36297
36293 33698 51605 4506 36297
36293 17230 70170 4131 36297
36293 32467 72485 6451 36297
36293 32671 46275 731 36297
36293 16386 71401 8261 36297
36293 19958 53107 6996 36297
36293 16168 53557 9101 36297
36293 16456 46681 7694 36297
36293 27952 75273 1008 36297
36293 33151 73058 1429 36297
36293 31793 49096 8202 36297
36293 15303 62770 898 36297
36293 26284 71540 4963 36297
36293 20135 71506 7034 36297
36293 18602 45351 9004 36297
36293 30147 51305 3766 36297
36293 24851 74854 7700 36297
36293 31383 75694 2450 36297
36293 16030 49555 9135 36297
36293 11183 47165 7195 36297
36293 20152 76927 9237 36297
36293 24584 75981 8525 36297
36293 34419 50503 9480 36297
36293 35488 55043 2625 36297
36293 32667 71439 8675 36297
36293 21407 76781 2720 36297
36293 28737 59757 9503 36297
36293 13421 54336 652 36297
36293 9972 62517 5277 36297
36293 15973 57612 9346 36297
36293 16954 68595 6378 36297
36293 35718 69884 9501 36297
36293 35861 59016 6929 36297
36293 24297 56147 7329 36297
36293 30398 53507 6698 36297
36293 13667 64873 4859 36297
36293 24706 67407 7713 36297
36293 20105 49870 7050 36297
36293 34837 56320 8876 36297
36293 19511 67588 5184 36297
36293 12130 45491 6165 36297
36293 12798 45087 2067 36297
36293 11642 72163 5690 36297
36293 30520 55783 1141 36297
36293 18856 75317 2183 36297
36293 33341 72273 9366 36297
36293 30804 57445 809 36297
36293 14666 73825 5568 36297
36293 21452 48565 3208 36297
36293 28836 51148 7166 36297
36293 10220 45821 7116 36297
36293 30844 62986 7822 36297
36293 25639 74370 3462 36297
36293 16678 56866 1253 36297
36293 21375 45587 3943 36297
36293 12779 71235 8855 36297
36293 19888 65817 3400 36297
36293 23685 76814 7397 36297
36293 23542 76956 4722 36297
36293 31954 76128 4204 36297
36293 14426 69456 1567 36297
36293 24320 52219 466 36297
36293 28800 49303 5780 36297
36293 34488 59171 9072 36297
36293 13100 77959 2247 36297
36293 14400 74439 6911 36297
36293 19248 52358 139 36297
36293 12064 77156 8065 36297
36293 12513 69856 5550 36297
36293 25703 54300 4759 36297
36293 14278 77671 4980 36297
36293 19130 63941 5632 36297
36293 25945 65981 6193 36297
36293 20452 51309 8343 36297
36293 30628 65377 9341 36297
36293 15125 57111 8537 36297
36293 27209 58132 3170 36297
36293 25516 49378 7958 36297
36293 19293 61928 6770 36297
36293 31587 63121 1926 36297
36293 29676 53431 6530 36297
36293 28940 47329 5730 36297
36293 10738 66597 9484 36297
36293 9907 45059 8984 36297
36293 14764 61157 1142 36297
36293 16490 77193 1710 36297
36293 11178 46994 7973 36297
36293 10178 74027 4453 36297
36293 35918 51593 7727 36297
36293 29622 53323 2491 36297
36293 14102 57299 9615 36297
36293 30710 75669 1625 36297
36293 25256 50279 4645 36297
36293 9914 66453 8075 36297
36293 32872 53578 8550 36297
36293 29326 52633 6962 36297
36293 30262 76892 9270 36297
36293 27387 50963 739 36297
36293 25672 67593 8161 36297
36293 24367 47867 5490 36297
36293 34157 73826 5110 36297
36293 19642 45108 6800 36297
36293 13587 60701 6991 36297
36293 11944 49598 4233 36297
36293 19213 55599 2114 36297
36293 15873 46056 6955 36297
36293 36018 75508 4426 36297
36293 20189 48852 4447 36297
36293 16218 49228 774 36297
36293 36135 75616 6556 36297
36293 14317 45831 306 36297
36293 18542 48589 3272 36297
36293 25006 75119 237 36297
36293 30459 53215 600 36297
36293 14623 48614 2939 36297
36293 20267 48785 9260 36297
36293 11315 54721 339 36297
36293 33728 54922 8245 36297
36293 33887 78058 9187 36297
36293 10789 61205 8250 36297
36293 12939 74701 845 36297
36293 22770 57996 8744 36297
36293 26606 48199 3127 36297
36293 24927 61034 1810 36297
36293 16833 66721 8097 36297
36293 22382 74907 3069 36297
36293 20308 58430 4557 36297
36293 20776 63980 2753 36297
36293 21809 76611 5973 36297
36293 30463 46768 7269 36297
36293 22651 47580 7468 36297
36293 18572 54515 7906 36297
36293 11078 66056 6915 36297
36293 29217 50555 5329 36297
36293 11926 58360 2724 36297
36293 18067 61592 654 36297
36293 16756 52885 534 36297
36293 18378 64815 5753 36297
36293 20023 58587 1285 36297
36293 26729 62315 3182 36297
36293 10593 58554 1059 36297
36293 17371 50192 7514 36297
36293 16963 76345 5090 36297
36293 12928 61899 7749 36297
36293 18708 77404 1294 36297
36293 21268 70765 7009 36297
36293 19358 50255 1907 36297
36293 19543 62720 5046 36297
36293 21134 68971 168 36297
36293 16163 54399 2709 36297
36293 16064 60526 3575 36297
36293 9957 49240 188 36297
36293 21494 66835 8162 36297
36293 21717 76308 1332 36297
36293 33500 74855 3225 36297
36293 15062 56715 6050 36297
36293 30315 48218 6791 36297
36293 25915 46182 5084 36297
36293 23055 57262 1132 36297
36293 22400 51264 2268 36297
36293 28887 50760 28 36297
36293 25960 62776 3494 36297
36293 25026 50990 2476 36297
36293 30990 54533 7931 36297
36293 30547 66585 2133 36297
36293 20847 60867 30 36297
36293 21171 70076 2806 36297
36293 29315 54279 9327 36297
36293 18213 49346 6077 36297
36293 34613 50027 7078 36297
36293 16363 52386 9205 36297
36293 24752 47291 484 36297
36293 18591 53063 4 36297
36293 22308 61147 4793 36297
36293 16068 63034 471 36297
36293 22350 61084 4496 36297
36293 14707 63001 8917 36297
36293 24075 47980 5981 36297
36293 33888 52097 3075 36297
36293 34728 63328 415 36297
36293 33631 72719 7135 36297
36293 29621 68304 236 36297
36293 33486 75962 7893 36297
36293 14922 77970 7624 36297
36293 22980 72345 2983 36297
36293 34124 48423 3286 36297
36293 34602 65189 8506 36297
36293 27936 70060 532 36297
36293 24465 55105 3715 36297
36293 33189 45928 9008 36297
36293 15485 75700 4938 36297
36293 21306 56090 4502 36297
36293 27533 52106 7378 36297
36293 32024 71091 5754 36297
36293 22363 76900 1359 36297
36293 17795 73002 9399 36297
36293 13839 58382 6585 36297
36293 21905 52696 5944 36297
36293 20356 47738 7481 36297
36293 31404 68501 468 36297
36293 19308 53637 3861 36297
36293 34032 57432 4897 36297
36293 13461 61617 7609 36297
36293 12901 52828 6349 36297
36293 22250 65386 1754 36297
36293 32119 54043 4982 36297
36293 27144 60856 165 36297
36293 31644 65462 5671 36297
36293 18695 75930 4452 36297
36293 16571 75253 4990 36297
36293 25127 56238 6083 36297
36293 29248 62078 374 36297
36293 18392 53902 8033 36297
36293 23796 47794 1448 36297
36293 26066 54555 4796 36297
36293 30432 69277 7215 36297
36293 17279 71473 8333 36297
36293 18788 46632 5966 36297
36293 27132 53614 4901 36297
36293 24754 58161 5047 36297
36293 35969 57206 8493 36297
36293 32981 59703 2601 36297
36293 30291 61886 4621 36297
36293 24050 50094 1717 36297
36293 27640 46145 7622 36297
36293 14911 47019 1596 36297
36293 19933 49577 170 36297
36293 22394 46993 4844 36297
36293 32204 77518 3447 36297
36293 12330 77897 692 36297
36293 33452 57608 5101 36297
36293 31724 66715 1537 36297
36293 23115 49830 4193 36297
36293 16072 52310 8004 36297
36293 30716 52866 2664 36297
36293 25586 59796 8280 36297
36293 31252 62719 1061 36297
36293 26262 53015 1302 36297
36293 29962 49008 7406 36297
36293 16009 67444 2726 36297
36293 25726 77914 5327 36297
36293 18310 63999 7484 36297
36293 28346 55595 9121 36297
36293 19075 73342 2256 36297
36293 35171 70109 3694 36297
36293 20095 65573 5186 36297
36293 30945 64621 6345 36297
36293 27783 50461 4036 36297
36293 27943 72031 2639 36297
36293 25241 55303 414 36297
36293 19725 68848 807 36297
36293 21791 70404 4016 36297
36293 13776 61913 5970 36297
36293 33762 55141 8650 36297
36293 23545 58446 4067 36297
36293 26638 47616 9394 36297
36293 34065 73719 464 36297
36293 21616 51967 1393 36297
36293 25529 51982 9270 36297
36293 11802 75916 1688 36297
36293 25961 63439 2257 36297
36293 21081 73314 5730 36297
36293 33416 68204 8140 36297
36293 32322 64064 701 36297
36293 19120 50005 7703 36297
36293 9818 46722 9074 36297
36293 28834 48613 5391 36297
36293 13194 68979 1907 36297
36293 15203 58654 5740 36297
36293 30959 57375 678 36297
36293 21833 47862 1839 36297
36293 30845 60634 4470 36297
36293 32157 60718 3635 36297
36293 10618 65821 310 36297
36293 20803 45894 5093 36297
36293 25186 76855 3173 36297
36293 32607 52596 7143 36297
36293 15415 69371 5617 36297
36293 20230 53176 1764 36297
36293 12597 70341 9543 36297
36293 27423 55564 1069 36297
36293 32590 75876 3703 36297
36293 16767 65297 7155 36297
36293 11553 60582 3794 36297
36293 24110 61279 543 36297
36293 21854 66797 4157 36297
36293 31735 60936 1283 36297
36293 22265 65805 8034 36297
36293 28933 62165 2391 36297
36293 35245 45187 6795 36297
36293 15773 72898 5762 36297
36293 21191 54799 2971 36297
36293 27730 69064 4932 36297
36293 12227 46428 8456 36297
36293 11597 55133 70 36297
36293 20852 65641 9292 36297
36293 17068 57103 3928 36297
36293 33964 65930 6066 36297
36293 27524 74474 4486 36297
36293 30674 52564 8885 36297
36293 31945 51963 7515 36297
36293 13343 49289 3388 36297
36293 18798 53394 393 36297
36293 24582 74706 4477 36297
36293 32674 77280 5487 36297
36293 23038 68983 213 36297
36293 15530 76858 3064 36297
36293 30349 68129 4273 36297
36293 35937 54044 7908 36297
36293 13282 54729 2649 36297
36293 28750 56970 6884 36297
36293 21536 75751 2686 36297
36293 31469 50805 2579 36297
36293 23112 71005 3217 36297
36293 31319 59151 7145 36297
36293 33628 58146 775 36297
36293 33877 72824 9196 36297
36293 30201 62703 2194 36297
36293 27551 46773 7770 36297
36293 27370 49337 5303 36297
36293 11781 55185 1480 36297
36293 11963 66823 7736 36297
36293 15896 71446 8211 36297
36293 10740 64529 8213 36297
36293 30759 55508 2219 36297
36293 28651 59206 1878 36297
36293 35517 77166 2625 36297
36293 14544 70120 4679 36297
36293 29783 48237 1840 36297
36293 21384 46631 8847 36297
36293 16710 45608 3111 36297
36293 12081 67750 6963 36297
36293 21695 63043 3098 36297
36293 16045 76418 9178 36297
36293 32498 65726 5525 36297
36293 30805 70121 8052 36297
36293 30121 58834 7970 36297
36293 16874 73821 2268 36297
36293 35460 64868 4900 36297
36293 15351 53324 8967 36297
36293 20694 54767 3559 36297
36293 17881 73234 1759 36297
36293 24422 67786 6135 36297
36293 29903 45935 1065 36297
36293 34729 50851 7672 36297
36293 28770 72612 719 36297
36293 22790 70010 7968 36297
36293 17740 73739 5921 36297
36293 15259 45731 4192 36297
36293 25876 51150 7899 36297
36293 11270 48672 2248 36297
36293 32592 61824 2778 36297
36293 20444 48496 6540 36297
36293 26618 60013 4507 36297
36293 24074 67501 5313 36297
36293 34950 75956 3730 36297
36293 22158 52265 1303 36297
36293 10631 50710 8265 36297
36293 12967 77163 1776 36297
36293 18330 62776 3748 36297
36293 34105 66433 8575 36297
36293 19486 57755 7356 36297
36293 10611 75560 1191 36297
36293 18270 61348 8779 36297
36293 34919 48020 8495 36297
36293 13643 53087 5427 36297
36293 20732 53593 6901 36297
36293 9926 76953 8229 36297
36293 31867 75937 8145 36297
36293 22022 75801 7615 36297
36293 29898 49961 2456 36297
36293 31161 63807 2803 36297
36293 22008 52635 1988 36297
36293 22640 76769 1031 36297
36293 11079 61089 941 36297
36293 29448 69071 2986 36297
36293 17444 71401 9609 36297
36293 19706 62922 329 36297
36293 15110 73258 8409 36297
36293 13253 75412 2552 36297
36293 10170 55216 8072 36297
36293 18388 57474 417 36297
36293 33024 71727 9353 36297
36293 24706 64132 539 36297
36293 16805 74795 1660 36297
36293 29204 73039 4922 36297
36293 13915 46071 4641 36297
36293 12900 64317 2045 36297
36293 30809 45953 4979 36297
36293 18334 68381 7490 36297
36293 21460 68510 6009 36297
36293 10883 55992 354 36297
36293 35323 59060 739 36297
36293 19568 76393 5202 36297
36293 34777 71585 6438 36297
36293 10251 66598 3516 36297
36293 31036 57836 1057 36297
36293 32029 49471 4610 36297
36293 27107 77453 772 36297
36293 29518 70276 7722 36297
36293 35032 62415 5977 36297
36293 10844 71268 2728 36297
36293 18299 53224 7345 36297
36293 30364 73583 743 36297
36293 14018 57586 7666 36297
36293 30805 54079 5398 36297
36293 16819 47914 6344 36297
36293 31548 61059 8330 36297
36293 21370 65389 3305 36297
36293 29137 52639 3091 36297
36293 23414 55280 6010 36297
36293 19744 46470 1423 36297
36293 32941 64344 3191 36297
36293 28437 55881 4902 36297
36293 10833 74587 2911 36297
36293 35656 67426 7988 36297
36293 29331 73824 1036 36297
36293 27058 72201 7695 36297
36293 30662 60374 6955 36297
36293 18769 48392 6337 36297
36293 13885 58970 3073 36297
36293 36054 52499 2720 36297
36293 18155 61021 2186 36297
36293 21625 67188 4390 36297
36293 20894 56849 7328 36297
36293 21801 52563 1792 36297
36293 18731 50871 4853 36297
36293 25165 77449 4004 36297
36293 32893 74387 357 36297
36293 23453 72088 2025 36297
36293 19510 76573 5197 36297
36293 27799 59740 7466 36297
36293 28444 68683 2786 36297
36293 21550 68675 7156 36297
36293 14853 45922 1066 36297
36293 21150 74915 5565 36297
36293 23432 67844 3645 36297
36293 19225 60577 335 36297
36293 24749 72219 5703 36297
36293 23428 52263 8923 36297
36293 22475 59008 7153 36297
36293 29513 48742 111 36297
36293 28842 64640 5115 36297
36293 23864 75301 277 36297
36293 31579 50523 3953 36297
36293 9937 67859 8518 36297
36293 27602 47776 1499 36297
36293 34704 56865 3862 36297
36293 22740 76595 7261 36297
36293 32156 62388 1146 36297
36293 22710 53636 8618 36297
36293 15392 47466 7718 36297
36293 20315 52336 5377 36297
36293 11773 50341 7064 36297
36293 32101 78049 5368 36297
36293 16007 50549 651 36297
36293 30187 70552 5252 36297
36293 13029 63133 1205 36297
36293 12897 72299 2233 36297
36293 29680 55802 4525 36297
36293 28247 45075 5882 36297
36293 19389 52043 6117 36297
36293 33557 46274 4902 36297
36293 12387 46609 4034 36297
36293 11526 48891 4690 36297
36293 25933 54062 2500 36297
36293 14497 46348 2047 36297
36293 13262 46998 3151 36297
36293 30217 57971 5084 36297
36293 12336 72457 8399 36297
36293 10742 58572 685 36297
36293 32843 54598 1848 36297
36293 27375 74995 82 36297
36293 12259 62063 7349 36297
36293 35412 72001 2779 36297
36293 12412 66953 3423 36297
36293 14533 77527 3111 36297
36293 18827 74887 4000 36297
36293 22096 71579 404 36297
36293 12813 46697 69 36297
36293 13170 48438 390 36297
36293 25319 61149 9267 36297
36293 23334 70340 8127 36297
36293 21708 55699 7606 36297
36293 18033 60892 5129 36297
36293 27785 46862 2698 36297
36293 34852 51185 9303 36297
36293 16267 50400 7403 36297
36293 11877 68635 5556 36297
36293 31444 56949 3628 36297
36293 31713 75676 4296 36297
36293 12951 57590 6339 36297
36293 15841 74920 5465 36297
36293 17237 54510 7812 36297
36293 16592 55921 1860 36297
36293 18286 51546 6252 36297
36293 23827 61004 1189 36297
36293 34286 68489 8808 36297
36293 25440 61759 7632 36297
36293 27827 70964 9116 36297
36293 36114 50132 9271 36297
36293 10354 63532 4048 36297
36293 17652 71338 2883 36297
36293 35012 76046 7894 36297
36293 13912 45083 8528 36297
36293 30535 54486 7895 36297
36293 19995 56720 1610 36297
36293 11415 71050 5532 36297
36293 23132 55498 8813 36297
36293 23982 68863 7201 36297
36293 22678 57887 9485 36297
36293 26267 51989 8527 36297
36293 12587 75359 1285 36297
36293 31104 62114 1084 36297
36293 36091 71375 501 36297
36293 29805 77696 3527 36297
36293 29034 59094 1240 36297
36293 34352 75783 7180 36297
36293 21226 70602 974 36297
36293 19548 51483 5011 36297
36293 33427 65806 4845 36297
36293 19655 78027 3970 36297
36293 35498 77967 8184 36297
36293 27099 74066 7490 36297
36293 10418 77975 6429 36297
36293 26736 58422 3644 36297
36293 14824 69313 6996 36297
36293 33945 56664 9557 36297
36293 12714 49289 135 36297
36293 33996 78038 4639 36297
36293 19483 67652 5148 36297
36293 14463 70647 7669 36297
36293 18709 69451 4764 36297
36293 28338 74749 8248 36297
36293 32435 78003 5295 36297
36293 31370 54810 9522 36297
36293 22468 52309 5974 36297
36293 10259 75070 2269 36297
36293 30478 56623 9589 36297
36293 24361 72470 35 36297
36293 17889 51805 7979 36297
36293 18764 47202 2999 36297
36293 31401 74667 3166 36297
36293 15919 49813 289 36297
36293 35107 72269 5638 36297
36293 35373 51101 874 36297
36293 23315 52052 7410 36297
36293 35681 47680 3940 36297
36293 25075 73110 6042 36297
36293 22403 51878 4553 36297
36293 26995 73906 8308 36297
36293 10940 53561 3545 36297
36293 25758 62861 1275 36297
36293 27674 57701 872 36297
36293 21639 59927 7764 36297
36293 26794 73255 7969 36297
36293 25088 49307 6225 36297
36293 24486 74300 6063 36297
36293 22411 64059 3777 36297
36293 30345 62055 3144 36297
36293 27603 63214 5204 36297
36293 30435 63990 7675 36297
36293 12786 55339 8720 36297
36293 19056 53756 5990 36297
36293 11846 58327 6726 36297
36293 32861 50633 489 36297
36293 10211 46822 699 36297
36293 31301 69591 3201 36297
36293 33923 46944 8867 36297
36293 11345 76238 8717 36297
36293 19076 61090 4694 36297
36293 35549 65513 4648 36297
36293 18596 70340 8327 36297
36293 30996 57534 1773 36297
36293 27649 69823 9469 36297
36293 10253 46068 5662 36297
36293 15828 48595 9263 36297
36293 11861 77546 2779 36297
36293 35081 64673 3218 36297
36293 32839 49393 1494 36297
36293 29241 74297 1411 36297
36293 35980 69694 1381 36297
36293 21206 58422 3137 36297
36293 17017 64969 6304 36297
36293 20110 63476 6887 36297
36293 25030 69475 4704 36297
36293 10660 74513 2321 36297
36293 32004 47312 609 36297
36293 10814 73655 9348 36297
36293 15429 55377 1881 36297
36293 30982 49353 9559 36297
36293 13368 73705 6877 36297
36293 28848 46048 1091 36297
36293 31049 45687 4601 36297
36293 13060 56701 8463 36297
36293 13060 51000 6008 36297
36293 31143 52415 4543 36297
36293 29696 67295 6929 36297
36293 15953 51334 8633 36297
36293 13014 76650 5786 36297
36293 14801 65202 861 36297
36293 18177 61251 1632 36297
36293 19493 49431 355 36297
36293 23646 70771 5046 36297
36293 24698 45715 2029 36297
36293 16944 58849 7797 36297
36293 11933 52616 7911 36297
36293 11271 63217 9297 36297
36293 35783 48849 1354 36297
36293 20060 75760 4458 36297
36293 29252 50164 2012 36297
36293 29055 73008 6117 36297
36293 17468 67624 3069 36297
36293 29987 74006 8568 36297
36293 23706 56565 5302 36297
36293 35616 50610 9102 36297
36293 28031 58901 7997 36297
36293 28112 70526 8273 36297
36293 13547 61923 1478 36297
36293 19416 52390 7299 36297
36293 16926 60871 8902 36297
36293 35311 48294 2608 36297
36293 18445 53603 7789 36297
36293 22055 52058 1142 36297
36293 12640 49995 3837 36297
36293 21815 60298 6441 36297
36293 32879 69060 4137 36297
36293 26016 73846 7813 36297
36293 34696 50922 7563 36297
36293 22661 49390 2713 36297
36293 28604 64897 2020 36297
36293 16628 58912 5595 36297
36293 10172 60300 1141 36297
36293 30152 64338 3437 36297
36293 35952 62897 2408 36297
36293 33625 64188 3048 36297
36293 23514 63088 1096 36297
36293 31216 58974 1080 36297
36293 18137 45581 4140 36297
36293 23450 70705 4154 36297
36293 27903 68319 7180 36297
36293 20470 61686 6187 36297
36293 33512 47567 5048 36297
36293 30622 55356 2710 36297
36293 18145 57876 1341 36297
36293 16405 75236 2813 36297
36293 19299 75784 9238 36297
36293 15368 76528 1553 36297
36293 28932 51356 2990 36297
36293 16870 75303 1671 36297
36293 36194 76094 7383 36297
36293 27845 48935 1513 36297
36293 19797 53461 8439 36297
36293 28174 58778 6517 36297
36293 27429 60530 8501 36297
36293 31166 60386 9453 36297
36293 24233 63600 6307 36297
36293 10570 69486 4380 36297
36293 34546 46165 2121 36297
36293 27271 53721 2590 36297
36293 31610 76822 1878 36297
36293 19540 73034 2756 36297
36293 27277 49068 6959 36297
36293 19462 50517 3035 36297
36293 17987 55286 4979 36297
36293 33505 50268 858 36297
36293 36245 47760 8836 36297
36293 17898 46282 6354 36297
36293 15324 64452 2330 36297
36293 16321 77574 4346 36297
36293 17478 57239 4418 36297
36293 35349 49763 7434 36297
36293 21873 46907 1020 36297
36293 32378 78137 2588 36297
36293 20056 77136 2469 36297
36293 34548 57737 6785 36297
36293 19847 68865 4919 36297
36293 15246 47884 4469 36297
36293 24877 77076 8832 36297
36293 23860 74445 3371 36297
36293 17854 66841 7345 36297
36293 19912 76404 6229 36297
36293 31098 55067 6318 36297
36293 11604 55113 8702 36297
36293 33828 69657 4601 36297
36293 20792 54804 2094 36297
36293 29257 60791 4461 36297
36293 10941 53312 1528 36297
36293 24357 54763 975 36297
36293 30938 77239 329 36297
36293 13076 58222 4153 36297
36293 28103 65124 421 36297
36293 34745 54968 3767 36297
36293 15078 62286 8956 36297
36293 35535 70139 5040 36297
36293 27694 52060 8893 36297
36293 19120 59160 3137 36297
36293 18829 75187 9016 36297
36293 27235 77572 9261 36297
36293 31914 54883 1898 36297
36293 14903 47065 5413 36297
36293 13009 47822 1700 36297
36293 15981 50162 8001 36297
36293 10085 60947 8522 36297
36293 17796 59845 4579 36297
36293 21449 58761 853 36297
36293 18997 48253 1478 36297
36293 12981 67861 1707 36297
36293 31081 52956 2812 36297
36293 32869 56668 7309 36297
36293 30804 76043 3549 36297
36293 28255 45887 5523 36297
36293 29704 75403 4700 36297
36293 30424 56647 919 36297
36293 31467 46995 8888 36297
36293 22026 48535 239 36297
36293 22448 65766 391 36297
36293 33363 78055 8946 36297
36293 34530 49382 1255 36297
36293 12832 52500 9626 36297
36293 33885 63523 6044 36297
36293 13071 49356 7908 36297
36293 28811 51801 1289 36297
36293 27567 57404 7621 36297
36293 11979 52806 8870 36297
36293 36243 46293 2649 36297
36293 15159 49968 5889 36297
36293 29376 76617 2924 36297
36293 31391 50171 3279 36297
36293 18632 46341 2726 36297
36293 14303 55602 1893 36297
36293 32502 52238 4275 36297
36293 11475 55480 5513 36297
36293 13119 74148 2729 36297
36293 18505 64642 3045 36297
36293 22107 46448 898 36297
36293 30545 52939 4906 36297
36293 12551 54803 2799 36297
36293 22632 48242 3662 36297
36293 29311 45156 3670 36297
36293 35383 65980 4840 36297
36293 23544 72541 2591 36297
36293 23584 56091 2557 36297
36293 31454 56455 2166 36297
36293 14056 73831 416 36297
36293 24270 73808 1107 36297
36293 29107 55716 1090 36297
36293 32288 49320 8232 36297
36293 28237 78101 4113 36297
36293 31616 48510 7849 36297
36293 21562 58463 3912 36297
36293 27111 48101 67 36297
36293 31873 76379 6183 36297
36293 32978 62137 5497 36297
36293 13431 66963 6798 36297
36293 23548 68721 7608 36297
36293 29813 55381 9527 36297
36293 11628 70825 5100 36297
36293 25036 47611 5609 36297
36293 14731 78062 5032 36297
36293 11306 77642 2826 36297
36293 23688 69119 8607 36297
36293 14678 49575 6689 36297
36293 17279 54639 3005 36297
36293 30602 61156 8475 36297
36293 28162 60612 3922 36297
36293 21636 72539 637 36297
36293 10819 68006 6203 36297
36293 27419 60083 8150 36297
36293 22699 52151 4016 36297
36293 23120 70717 5950 36297
36293 22294 47163 978 36297
36293 26150 56881 556 36297
36293 26737 75040 5751 36297
36293 19864 65393 8242 36297
36293 11749 75998 9487 36297
36293 33342 65981 7251 36297
36293 11991 56918 4700 36297
36293 23375 58257 5228 36297
36293 23451 65889 7086 36297
36293 33933 46071 8677 36297
36293 15346 72014 6333 36297
36293 22618 48378 5872 36297
36293 31503 46908 4959 36297
36293 12945 53037 9298 36297
36293 36083 70409 3229 36297
36293 16320 65353 43 36297
36293 13303 46638 7167 36297
36293 31555 49650 508 36297
36293 15746 69190 7079 36297
36293 28988 54081 3162 36297
36293 27304 61615 6293 36297
36293 19785 64390 1978 36297
36293 30346 58187 2878 36297
36293 20173 47659 3481 36297
36293 31232 70298 8268 36297
36293 15710 71298 1992 36297
36293 23088 70999 7520 36297
36293 27880 61910 7353 36297
36293 21721 65545 420 36297
36293 10972 48540 6143 36297
36293 31843 48529 6147 36297
36293 13077 62163 8445 36297
36293 12606 47872 6547 36297
36293 36049 47588 4485 36297
36293 11160 75208 2046 36297
36293 22117 59918 1911 36297
36293 16666 48168 3745 36297
36293 30816 53705 6286 36297
36293 17864 52029 3118 36297
36293 27821 74175 1462 36297
36293 12654 76945 3766 36297
36293 18511 59155 3806 36297
36293 16466 48566 1503 36297
36293 24591 46810 3723 36297
36293 17014 60689 2572 36297
36293 25554 68667 8334 36297
36293 15733 66885 2840 36297
36293 29755 47368 2382 36297
36293 20562 55113 3819 36297
36293 16090 48823 9098 36297
36293 11463 76034 3287 36297
36293 26888 64908 687 36297
36293 13682 46855 794 36297
36293 27542 64589 5314 36297
36293 30895 50941 6675 36297
36293 16738 65725 8596 36297
36293 21279 49100 3942 36297
36293 27284 52861 2607 36297
36293 31879 74538 7882 36297
36293 34295 78041 101 36297
36293 32753 64342 5650 36297
36293 30653 52792 7988 36297
36293 12803 73490 1213 36297
36293 20963 77617 8353 36297
36293 10332 66878 6749 36297
36293 27151 58407 5657 36297
36293 22892 66098 3734 36297
36293 21131 61497 4636 36297
36293 25960 75704 8536 36297
36293 19850 64741 3207 36297
36293 12790 52869 6348 36297
36293 33774 77454 9177 36297
36293 13169 66858 5254 36297
36293 20225 74757 5019 36297
36293 19283 55582 6231 36297
36293 29800 58195 9545 36297
36293 23442 58720 7051 36297
36293 13104 54888 8711 36297
36293 17291 69963 7055 36297
36293 26123 45710 298 36297
36293 21646 54354 845 36297
36293 29089 52515 3517 36297
36293 21427 51882 7610 36297
36293 24974 56097 8082 36297
36293 25278 70338 3638 36297
36293 10038 72899 7382 36297
36293 22365 69665 7877 36297
36293 25277 72386 556 36297
36293 31127 66861 4685 36297
36293 26735 76076 893 36297
36293 27208 68700 7857 36297
36293 25062 72695 6358 36297
36293 26592 52259 1945 36297
36293 35764 53552 3640 36297
36293 26571 64995 481 36297
36293 24590 63683 8875 36297
36293 20885 47555 6911 36297
36293 32417 58247 2738 36297
36293 35843 64773 2231 36297
36293 27226 61900 4992 36297
36293 13202 59791 3157 36297
36293 20165 51260 1728 36297
36293 20157 76450 5860 36297
36293 19375 54535 4143 36297
36293 11460 50202 6940 36297
36293 20986 47193 2138 36297
36293 27166 78220 7387 36297
36293 21156 69563 7993 36297
36293 16606 74275 3463 36297
36293 24947 45598 9498 36297
36293 19140 56878 2285 36297
36293 27108 67890 6082 36297
36293 23536 51199 1844 36297
36293 20043 52755 7408 36297
36293 19885 64526 6742 36297
36293 13044 71402 967 36297
36293 35752 62785 7351 36297
36293 35924 59418 6363 36297
36293 19145 59915 6668 36297
36293 28679 46604 6903 36297
36293 35682 50539 4419 36297
36293 35836 53015 72 36297
36293 34203 63858 3835 36297
36293 11354 66992 2833 36297
36293 10073 76889 6591 36297
36293 22042 63994 8736 36297
36293 11347 46600 7517 36297
36293 34457 50627 4151 36297
36293 32346 50380 9557 36297
36293 32224 56217 1019 36297
36293 36126 52411 1152 36297
36293 14683 61881 5789 36297
36293 32108 57263 3374 36297
36293 33565 63364 9595 36297
36293 30588 67452 8036 36297
36293 21611 55617 7950 36297
36293 31188 54896 3942 36297
36293 32229 66672 1694 36297
36293 29471 74779 1636 36297
36293 35727 61379 6537 36297
36293 32130 59327 1824 36297
36293 24894 67030 9102 36297
36293 31351 75504 8914 36297
36293 25045 77202 9352 36297
36293 13704 56236 1211 36297
36293 15048 50937 2625 36297
36293 30116 75408 6968 36297
36293 31890 68061 4713 36297
36293 26007 48372 2073 36297
36293 20587 63947 5924 36297
36293 32987 55380 2780 36297
36293 12500 47295 9317 36297
36293 9782 75359 9602 36297
36293 22440 46920 2986 36297
36293 32772 51823 7974 36297
36293 12831 69281 660 36297
36293 33501 64862 3507 36297
36293 35821 70810 395 36297
36293 35347 58183 7454 36297
36293 17495 68990 5333 36297
36293 11471 55209 6217 36297
36293 13488 77123 4727 36297
36293 26897 76438 8957 36297
36293 15800 49873 6740 36297
36293 10790 75465 3523 36297
36293 14403 48986 8026 36297
36293 26369 73968 5359 36297
36293 20140 51833 4072 36297
36293 28963 47568 1075 36297
36293 27560 74882 608 36297
36293 21916 47607 1590 36297
36293 24353 49930 2759 36297
36293 15055 53658 9685 36297
36293 28846 72421 1319 36297
36293 17126 56829 2429 36297
36293 13445 57246 9594 36297
36293 18312 63023 9312 36297
36293 13372 50842 2456 36297
36293 32814 55406 4419 36297
36293 22971 70364 7436 36297
36293 31419 71684 7619 36297
36293 29054 64964 3806 36297
36293 11357 75910 8136 36297
36293 31885 55926 4150 36297
36293 27474 50919 4563 36297
36293 11263 74252 6852 36297
36293 16112 51912 7734 36297
36293 35554 74505 5926 36297
36293 12630 72888 6463 36297
36293 35870 68903 3318 36297
36293 12840 71969 1442 36297
36293 13312 73717 7660 36297
36293 29942 54804 2505 36297
36293 35646 47917 7109 36297
36293 30467 77853 9261 36297
36293 35187 47458 1072 36297
36293 24033 68339 9142 36297
36293 25171 54798 3630 36297
36293 13407 54309 5286 36297
36293 19226 48846 7826 36297
36293 17748 51365 5512 36297
36293 19463 53837 9338 36297
36293 24765 45497 5626 36297
36293 18049 63173 4470 36297
36293 31835 72063 5306 36297
36293 28345 53045 6145 36297
36293 35688 45490 7980 36297
36293 23608 69505 5493 36297
36293 34670 53612 1330 36297
36293 14518 61563 9161 36297
36293 21865 68699 7873 36297
36293 12876 48230 1103 36297
36293 28467 49188 2874 36297
36293 10460 64239 9252 36297
36293 18492 60916 6970 36297
36293 33563 50526 2510 36297
36293 11519 76705 840 36297
36293 25616 70161 1395 36297
36293 31719 50999 7486 36297
36293 13484 70222 9629 36297
36293 35969 48244 9344 36297
36293 17549 69202 1229 36297
36293 20521 53437 1771 36297
36293 33909 48049 1517 36297
36293 26945 64242 5379 36297
36293 18365 69716 3301 36297
36293 26898 75583 7335 36297
36293 14365 65519 8517 36297
36293 25989 65463 4784 36297
36293 26781 47757 137 36297
36293 21518 63158 2604 36297
36293 22912 65934 953 36297
36293 36062 45685 4701 36297
36293 13450 52011 1246 36297
36293 34844 76331 5793 36297
36293 17230 60017 1490 36297
36293 34842 52069 5062 36297
36293 22278 76912 6736 36297
36293 23941 49330 5808 36297
36293 26870 64993 1569 36297
36293 21158 71561 741 36297
36293 23213 65469 2294 36297
36293 23091 58821 9490 36297
36293 35209 56237 2814 36297
36293 29840 60052 5691 36297
36293 12349 57948 1112 36297
36293 14551 70979 2810 36297
36293 15140 70032 8991 36297
36293 22486 54301 6500 36297
36293 22751 73383 8194 36297
36293 12109 49151 1743 36297
36293 20448 65782 2079 36297
36293 33214 52928 2550 36297
36293 34188 46858 2849 36297
36293 26924 51734 951 36297
36293 22519 62033 6615 36297
36293 11260 74747 558 36297
36293 20914 51051 2692 36297
36293 22418 48578 9075 36297
36293 28512 49162 3406 36297
36293 12355 73197 3651 36297
36293 27329 45973 2247 36297
36293 30273 58379 2133 36297
36293 23469 48411 343 36297
36293 28115 58411 4385 36297
36293 26380 52732 2412 36297
36293 11860 63752 2975 36297
36293 22619 55306 266 36297
36293 33190 66848 1381 36297
36293 20185 48569 1634 36297
36293 30210 52244 837 36297
36293 10562 71350 5098 36297
36293 29541 55598 2614 36297
36293 31033 46499 6021 36297
36293 22987 49647 1727 36297
36293 25239 65408 5045 36297
36293 36206 50439 8356 36297
36293 28852 54418 5223 36297
36293 34131 57155 6618 36297
36293 35411 51530 8253 36297
36293 17364 65498 1037 36297
36293 33144 51690 4796 36297
36293 33688 51018 7994 36297
36293 25946 53788 9432 36297
36293 9947 75361 1175 36297
36293 24184 56823 9142 36297
36293 16631 54938 5354 36297
36293 11921 68362 9178 36297
36293 28711 75043 9268 36297
36293 35586 47277 2341 36297
36293 14621 66616 7461 36297
36293 15476 71708 1960 36297
36293 18905 54963 4973 36297
36293 19825 46760 368 36297
36293 12309 76159 7798 36297
36293 31845 45199 6028 36297
36293 25452 45313 1770 36297
36293 29460 62360 6884 36297
36293 35553 54925 9437 36297
36293 24137 66230 114 36297
36293 18893 62470 226 36297
36293 13664 72608 7563 36297
36293 16380 77048 7327 36297
36293 24677 45728 9314 36297
36293 25350 73265 6572 36297
36293 21769 74067 7004 36297
36293 32399 49960 3982 36297
36293 26918 72154 7166 36297
36293 27209 49168 7509 36297
36293 24636 47053 1100 36297
36293 22668 69769 4363 36297
36293 27241 68877 6370 36297
36293 33929 66523 901 36297
36293 31542 68632 1761 36297
36293 29208 53621 6181 36297
36293 24230 71320 776 36297
36293 35544 49949 4282 36297
36293 32569 46069 2622 36297
36293 22231 55057 4591 36297
36293 10223 54245 3747 36297
36293 29247 75592 8802 36297
36293 12762 77908 2120 36297
36293 18989 46896 7528 36297
36293 27238 75496 7443 36297
36293 24626 67369 1385 36297
36293 19687 63359 3071 36297
36293 25152 56949 3110 36297
36293 34296 55682 1521 36297
36293 15446 52426 7706 36297
36293 12047 48376 4031 36297
36293 30943 55274 69 36297
36293 23404 75724 8953 36297
36293 14770 55986 7688 36297
36293 19088 60693 8626 36297
36293 31750 47640 2530 36297
36293 18638 46666 1559 36297
36293 10867 72675 8216 36297
36293 12658 55104 1077 36297
36293 18662 53458 3470 36297
36293 16220 45573 1228 36297
36293 34616 46753 934 36297
36293 34399 64366 9618 36297
36293 25189 70784 5910 36297
36293 21980 46220 4879 36297
36293 23000 78154 5104 36297
36293 14150 77111 4462 36297
36293 10170 76088 7460 36297
36293 20048 72239 1673 36297
36293 12707 70331 9136 36297
36293 18351 57535 7027 36297
36293 30037 53725 5276 36297
36293 12112 47050 97 36297
36293 25076 63969 5822 36297
36293 29437 45747 4884 36297
36293 31513 56245 7542 36297
36293 29883 76463 6048 36297
36293 21664 74796 4339 36297
36293 29064 51249 7935 36297
36293 19459 45245 4274 36297
36293 15959 53940 4859 36297
36293 30008 58948 1593 36297
36293 16877 54032 4606 36297
36293 22296 67320 166 36297
36293 14330 48365 8123 36297
36293 21483 71217 8364 36297
36293 35537 58994 5341 36297
36293 12278 70286 3068 36297
36293 17044 58613 6989 36297
36293 22728 77148 7953 36297
36293 13315 66229 1018 36297
36293 12550 55219 8136 36297
36293 20332 55908 2703 36297
36293 36053 54456 512 36297
36293 27113 48395 9256 36297
36293 20102 54577 9320 36297
36293 10864 46192 8163 36297
36293 27493 67232 2229 36297
36293 22289 67108 9219 36297
36293 27229 76758 9351 36297
36293 34357 52196 1482 36297
36293 20926 76221 4402 36297
36293 32614 65823 4326 36297
36293 22337 59874 6333 36297
36293 33284 68985 1233 36297
36293 12692 47642 658 36297
36293 33847 51103 581 36297
36293 14791 51997 1672 36297
36293 24593 49064 3800 36297
36293 15917 62166 7068 36297
36293 26820 62029 7216 36297
36293 16479 58153 5638 36297
36293 34263 50817 5318 36297
36293 32077 50784 6092 36297
36293 30667 66009 5237 36297
36293 22716 48008 5147 36297
36293 13678 51804 4359 36297
36293 33354 57975 374 36297
36293 26296 65510 3376 36297
36293 35217 52804 2373 36297
36293 26063 72656 3225 36297
36293 21097 45189 2527 36297
36293 33119 65892 7763 36297
36293 20073 77893 9329 36297
36293 28986 73994 3317 36297
36293 29390 49105 7799 36297
36293 19096 60611 9171 36297
36293 22934 69945 2944 36297
36293 15223 52430 2325 36297
36293 30972 55071 7092 36297
36293 10433 46864 5294 36297
36293 33595 61162 9195 36297
36293 26303 63384 4240 36297
36293 28183 49308 2909 36297
36293 34794 73085 6628 36297
36293 12277 50356 6744 36297
36293 33093 74854 9040 36297
36293 30592 50753 2544 36297
36293 28536 73986 7682 36297
36293 14695 49281 452 36297
36293 20365 47136 1846 36297
36293 14482 54955 3130 36297
36293 25395 47643 3131 36297
36293 29289 72601 1240 36297
36293 17241 67818 8788 36297
36293 31483 72851 8847 36297
36293 25689 75718 4697 36297
36293 25213 65185 8973 36297
36293 33906 53615 5329 36297
36293 26320 50104 2880 36297
36293 30016 52917 5682 36297
36293 18105 48546 5224 36297
36293 16081 49700 834 36297
36293 13539 68513 4735 36297
36293 14027 65774 3027 36297
36293 18130 47006 2648 36297
36293 24149 76721 4496 36297
36293 18911 45847 8211 36297
36293 28777 48947 6249 36297
36293 20026 46233 3964 36297
36293 27346 64022 6267 36297
36293 11961 48480 5850 36297
36293 24142 47904 8129 36297
36293 12277 51353 6523 36297
36293 24426 72988 3207 36297
36293 29316 77138 4134 36297
36293 22655 78170 7353 36297
36293 16368 75569 9506 36297
36293 25017 51892 1341 36297
36293 30327 69879 2801 36297
36293 35492 66931 4953 36297
36293 26167 65019 8446 36297
36293 36162 72446 4542 36297
36293 30691 51536 4910 36297
36293 13324 53185 5121 36297
36293 23411 52256 6163 36297
36293 34734 46349 9446 36297
36293 19199 47108 9099 36297
36293 26766 53923 2292 36297
36293 10033 65790 7024 36297
36293 9798 52533 4927 36297
36293 28427 52676 640 36297
36293 12525 77173 7870 36297
36293 11967 46614 9022 36297
36293 15275 65226 4999 36297
36293 29700 76346 369 36297
36293 32728 52534 1402 36297
36293 35652 57861 5082 36297
36293 33130 71060 2394 36297
36293 9795 48105 7542 36297
36293 27390 58572 8927 36297
36293 25344 76493 4644 36297
36293 18697 76951 6487 36297
36293 26820 56235 4602 36297
36293 18809 72222 8435 36297
36293 29607 75175 5555 36297
36293 10751 49912 6492 36297
36293 34230 52006 6435 36297
36293 22523 75599 1755 36297
36293 16759 66362 9388 36297
36293 23693 52880 5086 36297
36293 12733 66507 2788 36297
36293 18341 59109 4304 36297
36293 17420 77624 2990 36297
36293 17872 61803 2290 36297
36293 12637 63127 352 36297
36293 12618 64739 5431 36297
36293 26380 64933 101 36297
36293 30745 59145 9373 36297
36293 15941 65381 6938 36297
36293 20938 67417 8247 36297
36293 20838 62413 4488 36297
36293 34299 77261 5526 36297
36293 21811 73704 5437 36297
36293 31695 57237 7410 36297
36293 30151 64201 5327 36297
36293 35683 57481 5145 36297
36293 20221 69756 1103 36297
36293 28696 45996 3731 36297
36293 18289 75106 2750 36297
36293 25414 62501 9631 36297
36293 31698 46783 3210 36297
36293 29543 50639 6015 36297
36293 11132 59742 6335 36297
36293 15532 52817 9628 36297
36293 15651 69122 192 36297
36293 17981 72256 546 36297
36293 12699 47919 1580 36297
36293 13681 66249 6196 36297
36293 14105 59641 6279 36297
36293 21356 73164 5039 36297
36293 15752 45308 715 36297
36293 23436 59696 4709 36297
36293 16971 53867 1167 36297
36293 15913 46386 3368 36297
36293 27058 72308 1965 36297
36293 20670 75165 6668 36297
36293 32039 58449 2282 36297
36293 24090 58650 313 36297
36293 18934 47089 9406 36297
36293 29933 46904 6746 36297
36293 24026 53411 4300 36297
36293 29077 62789 8304 36297
36293 14407 67893 6398 36297
36293 28928 59753 4536 36297
36293 28161 75362 3661 36297
36293 24220 49672 6442 36297
36293 21275 47402 6902 36297
36293 28324 53711 3730 36297
36293 25144 75035 9400 36297
36293 24147 64555 6156 36297
36293 11428 57642 2371 36297
36293 17266 52996 1986 36297
36293 32421 69929 8093 36297
36293 30067 51462 7553 36297
36293 35699 75273 5734 36297
36293 30861 76527 4422 36297
36293 35355 50344 2976 36297
36293 31264 59031 3080 36297
36293 33350 68730 3863 36297
36293 23219 64445 522 36297
36293 28805 75875 2616 36297
36293 20196 47358 7362 36297
36293 22404 50936 2251 36297
36293 19379 55631 8179 36297
36293 19196 68053 7465 36297
36293 29685 47596 1786 36297
36293 16180 53288 9590 36297
36293 25417 75198 3156 36297
36293 9830 50930 4630 36297
36293 29233 52765 6465 36297
36293 12855 57518 1698 36297
36293 13656 50256 953 36297
36293 10368 48025 2394 36297
36293 17712 57214 9086 36297
36293 18808 75172 4056 36297
36293 21386 60729 3818 36297
36293 22105 51665 7951 36297
36293 14440 61770 5143 36297
36293 17949 68110 4074 36297
36293 26966 63965 7878 36297
36293 18836 63521 7746 36297
36293 11571 56880 2229 36297
36293 14042 73944 366 36297
36293 20773 56577 549 36297
36293 26177 73129 1817 36297
36293 12876 49414 8928 36297
36293 28916 70976 8001 36297
36293 32145 71396 5692 36297
36293 20777 63956 4164 36297
36293 29290 73251 9473 36297
36293 13082 48198 3717 36297
36293 26323 74593 5211 36297
36293 29415 59983 1629 36297
36293 12312 64692 2329 36297
36293 34905 67347 1377 36297
36293 32486 51925 3540 36297
36293 22954 51397 5745 36297
36293 33627 64024 4648 36297
36293 28666 69717 8908 36297
36293 11224 76539 1431 36297
36293 30652 73151 6810 36297
36293 11445 74533 6778 36297
36293 33995 74914 224 36297
36293 33681 70732 5142 36297
36293 13252 45842 6378 36297
36293 17021 51134 7351 36297
36293 20413 73542 9393 36297
36293 11245 71578 5796 36297
36293 15764 53513 7538 36297
36293 16199 52113 8885 36297
36293 20818 67314 2302 36297
36293 24714 70775 2021 36297
36293 10369 60864 8101 36297
36293 28491 48602 6125 36297
36293 31716 51587 7269 36297
36293 20407 55797 7194 36297
36293 10176 68439 3791 36297
36293 12612 49142 6779 36297
36293 26269 64214 2705 36297
36293 11940 75411 6300 36297
36293 31231 57992 628 36297
36293 17664 54168 7358 36297
36293 11689 60706 2131 36297
36293 24062 63509 4271 36297
36293 26228 51610 7705 36297
36293 11145 57407 168 36297
36293 21164 54932 5999 36297
36293 13779 48040 6982 36297
36293 34336 73674 300 36297
36293 21045 53443 5236 36297
36293 34754 45713 8730 36297
36293 23482 46081 3918 36297
36293 25645 72224 7315 36297
36293 10956 63998 3739 36297
36293 34730 57962 2106 36297
36293 27531 52223 9486 36297
36293 33514 74493 212 36297
36293 26025 65388 3182 36297
36293 15636 69953 3463 36297
36293 31341 65815 9464 36297
36293 32149 59596 8793 36297
36293 26049 65538 8861 36297
36293 24645 59697 9462 36297
36293 28740 54716 1320 36297
36293 15153 56585 6806 36297
36293 17296 58221 4019 36297
36293 25397 73952 1099 36297
36293 24420 57292 8559 36297
36293 12203 67045 5351 36297
36293 30768 56381 5872 36297
36293 16812 52372 6928 36297
36293 33944 46339 4322 36297
36293 33377 53118 5501 36297
36293 25181 52890 5181 36297
36293 16175 60917 2735 36297
36293 16921 64099 3665 36297
36293 14823 58099 8328 36297
36293 10011 75366 7233 36297
36293 30970 47522 7641 36297
36293 32677 57574 3869 36297
36293 35853 68189 4224 36297
36293 33067 45949 2098 36297
36293 27000 45676 9099 36297
36293 30311 59413 6404 36297
36293 31534 45422 6785 36297
36293 26548 54465 8448 36297
36293 31915 48470 2810 36297
36293 26692 76967 2047 36297
36293 12321 62358 554 36297
36293 15618 52672 1893 36297
36293 26885 51811 1937 36297
36293 33153 64216 3835 36297
36293 30299 50033 4742 36297
36293 14207 77018 301 36297
36293 27438 63656 6666 36297
36293 15314 65828 58 36297
36293 25202 72008 7479 36297
36293 15362 55733 7534 36297
36293 17091 46458 8290 36297
36293 20981 78034 1925 36297
36293 29747 61217 9066 36297
36293 24699 68717 14 36297
36293 13965 75131 2869 36297
36293 29910 73317 7887 36297
36293 32425 59732 2582 36297
36293 32410 62466 742 36297
36293 27556 72341 2054 36297
36293 32061 54583 5690 36297
36293 12009 47454 4446 36297
36293 20030 76117 8980 36297
36293 22957 49528 7056 36297
36293 13648 75107 8627 36297
36293 20203 66866 2084 36297
36293 33943 64750 1057 36297
36293 26472 57879 2482 36297
36293 10376 76744 9612 36297
36293 26144 60707 5349 36297
36293 35535 72141 3779 36297
36293 27954 64707 7177 36297
36293 32081 76220 9052 36297
36293 11488 70776 7895 36297
36293 32804 49099 6148 36297
36293 34488 68093 4635 36297
36293 21094 53172 8097 36297
36293 28660 68605 60 36297
36293 17163 47398 574 36297
36293 34928 45252 4726 36297
36293 23886 63668 1995 36297
36293 10737 57722 8826 36297
36293 10027 76862 5845 36297
36293 34156 77130 3328 36297
36293 13130 60339 9036 36297
36293 12237 65467 7162 36297
36293 10725 56084 5578 36297
36293 25686 77754 3513 36297
36293 13847 73457 4411 36297
36293 24134 55804 5255 36297
36293 35025 78216 7914 36297
36293 16452 67371 9111 36297
36293 30691 75863 362 36297
36293 25684 53452 504 36297
36293 11238 76939 1868 36297
36293 28252 52429 4912 36297
36293 29691 63450 4430 36297
36293 32259 70878 3636 36297
36293 25386 67717 5097 36297
36293 31369 58117 622 36297
36293 21219 53373 6544 36297
36293 27073 50831 4161 36297
36293 19380 72121 2246 36297
36293 25825 46645 7349 36297
36293 14454 76227 2210 36297
36293 33410 66568 789 36297
36293 11478 47548 8376 36297
36293 32297 45513 8431 36297
36293 17532 74792 8222 36297
36293 33475 72913 5904 36297
36293 31408 46640 2729 36297
36293 34123 45144 942 36297
36293 35816 72738 9069 36297
36293 33529 67825 1174 36297
36293 14170 50993 994 36297
36293 30753 53238 9579 36297
36293 14976 73354 311 36297
36293 27339 53993 9671 36297
36293 32770 54609 8984 36297
36293 29523 65322 2987 36297
36293 31298 73503 4909 36297
36293 19734 45287 4605 36297
36293 21641 52637 4772 36297
36293 23947 75559 1676 36297
36293 10672 77815 816 36297
36293 30395 47132 7703 36297
36293 18456 63759 4247 36297
36293 11915 54776 5162 36297
36293 20087 65411 2270 36297
36293 32641 53326 2673 36297
36293 12094 53219 4948 36297
36293 15229 66411 163 36297
36293 28950 52613 2178 36297
36293 29757 57162 8269 36297
36293 13879 50767 9145 36297
36293 15947 75570 3715 36297
36293 35787 50370 4247 36297
36293 17154 72300 3483 36297
36293 25505 78164 3895 36297
36293 20536 65648 6668 36297
36293 15848 63489 4532 36297
36293 9783 77414 9581 36297
36293 14082 61927 8867 36297
36293 22587 72214 2415 36297
36293 26626 69359 4080 36297
36293 12873 78021 1973 36297
36293 28985 56257 5455 36297
36293 29125 73212 2941 36297
36293 12885 77689 1491 36297
36293 22667 68698 404 36297
36293 19532 59898 5854 36297
36293 34927 47200 15 36297
36293 27527 69901 9462 36297
36293 28683 47560 6878 36297
36293 28364 55694 8715 36297
36293 19591 46512 2975 36297
36293 30114 45329 7510 36297
36293 32738 48323 8701 36297
36293 36064 51107 3638 36297
36293 32868 71421 1204 36297
36293 33485 78026 1033 36297
36293 10802 51102 1865 36297
36293 29519 54197 92 36297
36293 24889 47877 449 36297
36293 15216 48999 5484 36297
36293 30531 55055 3492 36297
36293 9909 54149 8548 36297
36293 14271 64093 2186 36297
36293 31888 71701 7147 36297
36293 19669 54014 5637 36297
36293 15449 72539 5850 36297
36293 29534 51203 553 36297
36293 33988 75736 7382 36297
36293 21975 56757 3735 36297
36293 11365 70028 1543 36297
36293 33908 47461 7159 36297
36293 16579 49052 5730 36297
36293 23608 67663 6744 36297
36293 26460 55556 5079 36297
36293 16907 48596 61 36297
36293 22020 70526 1272 36297
36293 36156 46619 442 36297
36293 33811 64619 49 36297
36293 34180 51524 8522 36297
36293 32835 62588 6050 36297
36293 19499 73877 355 36297
36293 17558 48522 6352 36297
36293 27173 48470 6856 36297
36293 20561 62853 8707 36297
36293 28585 51939 4428 36297
36293 18604 75413 8899 36297
36293 18397 67454 6897 36297
36293 20937 63102 3538 36297
36293 21162 62337 2536 36297
36293 16532 48669 2605 36297
36293 16626 77873 2996 36297
36293 17572 74510 7076 36297
36293 34839 73528 1346 36297
36293 30438 57217 4105 36297
36293 15660 60299 3545 36297
36293 15936 45607 781 36297
36293 25537 65629 734 36297
36293 27120 52853 7693 36297
36293 24836 50715 2505 36297
36293 15157 46948 3646 36297
36293 16373 61357 4035 36297
36293 32935 70009 4240 36297
36293 22905 58156 3608 36297
36293 33043 65299 2634 36297
36293 28475 59670 5670 36297
36293 13724 49859 258 36297
36293 17074 45646 3860 36297
36293 18182 74396 157 36297
36293 28859 50614 6881 36297
36293 11797 63185 8717 36297
36293 22100 51098 2576 36297
36293 17069 56191 851 36297
36293 15880 59627 2319 36297
36293 25061 48060 8360 36297
36293 15887 67740 2814 36297
36293 30695 47226 1858 36297
36293 27131 50280 5126 36297
36293 12561 58798 7986 36297
36293 19889 52306 8072 36297
36293 26287 45957 3327 36297
36293 19603 62448 1597 36297
36293 21857 55255 4019 36297
36293 35092 57318 2489 36297
36293 19204 75988 5200 36297
36293 35753 55465 5666 36297
36293 25930 46575 3768 36297
36293 12771 65255 5139 36297
36293 16831 47029 6142 36297
36293 15501 50071 2805 36297
36293 16886 67887 183 36297
36293 33574 74158 9343 36297
36293 29560 64953 2969 36297
36293 20979 68277 2667 36297
36293 26692 48493 8745 36297
36293 20827 76157 8273 36297
36293 27859 53121 1509 36297
36293 33299 77041 1911 36297
36293 21184 51045 6399 36297
36293 9863 46303 7045 36297
36293 31241 46412 9631 36297
36293 29763 61607 5596 36297
36293 35880 71976 1080 36297
36293 32646 71191 7494 36297
36293 15090 54785 6032 36297
36293 31132 68456 981 36297
36293 35988 67726 7258 36297
36293 10135 46261 3186 36297
36293 15325 69581 5852 36297
36293 23684 49327 5830 36297
36293 17105 56360 2144 36297
36293 24966 67464 2354 36297
36293 28159 69030 2856 36297
36293 25188 75434 6646 36297
36293 31394 63408 1873 36297
36293 19905 54868 5811 36297
36293 35107 71744 5131 36297
36293 23660 67335 5926 36297
36293 9971 66834 6659 36297
36293 20866 55661 777 36297
36293 20025 50169 2700 36297
36293 22402 60865 6569 36297
36293 10275 54697 395 36297
36293 35666 46715 4456 36297
36293 13253 73768 4803 36297
36293 19919 73439 6868 36297
36293 15980 72721 2216 36297
36293 9853 74351 9303 36297
36293 35642 45651 3230 36297
36293 14723 62605 1812 36297
36293 24821 67301 1489 36297
36293 10824 77155 7988 36297
36293 18780 68772 7115 36297
36293 12398 57628 9516 36297
36293 33389 66349 8834 36297
36293 18684 68166 4185 36297
36293 14248 72533 3635 36297
36293 18193 50381 484 36297
36293 16512 74254 2762 36297
36293 35218 46485 6316 36297
36293 26531 57126 9414 36297
36293 25090 50597 5001 36297
36293 16004 65168 2178 36297
36293 29156 48150 491 36297
36293 30559 49699 4813 36297
36293 30660 71943 5101 36297
36293 19645 61066 9012 36297
36293 12076 74992 7771 36297
36293 27773 56061 3313 36297
36293 23809 45395 3462 36297
36293 10482 66722 3390 36297
36293 28872 52310 9107 36297
36293 14261 71390 8844 36297
36293 34192 61250 2068 36297
36293 26400 63040 2413 36297
36293 16739 60382 9351 36297
36293 11444 66425 6964 36297
36293 22797 56701 2629 36297
36293 31466 75240 4598 36297
36293 27160 67289 3531 36297
36293 20271 57595 1482 36297
36293 33725 76151 3322 36297
36293 14100 61190 4480 36297
36293 10949 70004 1564 36297
36293 12552 77035 5650 36297
36293 30414 77528 8558 36297
36293 24253 46733 1608 36297
36293 10428 62911 755 36297
36293 28625 64151 918 36297
36293 36188 62442 6791 36297
36293 18115 49667 4104 36297
36293 29502 60031 7477 36297
36293 29155 55756 5356 36297
36293 26733 75888 3980 36297
36293 26259 49460 3989 36297
36293 10284 49159 7661 36297
36293 16272 72553 8462 36297
36293 30752 73796 5727 36297
36293 25682 53783 2094 36297
36293 10063 63145 3957 36297
36293 20146 68719 6495 36297
36293 25568 68194 4543 36297
36293 29125 55396 6191 36297
36293 32232 74520 1860 36297
36293 23389 72918 4400 36297
36293 22801 70856 1446 36297
36293 34644 59104 4748 36297
36293 29374 74279 4442 36297
36293 12944 57026 4051 36297
36293 28589 59176 5895 36297
36293 19259 78192 3898 36297
36293 15202 47746 7123 36297
36293 34514 75972 6302 36297
36293 32610 72357 7897 36297
36293 36113 71133 384 36297
36293 21721 68716 2725 36297
36293 27293 48523 3704 36297
36293 14236 54784 2630 36297
36293 21875 55655 3100 36297
36293 11912 76347 2453 36297
36293 15634 50046 1114 36297
36293 19045 50246 6348 36297
36293 28318 65962 3198 36297
36293 20765 57665 1909 36297
36293 23736 56459 2481 36297
36293 27262 66383 8531 36297
36293 36111 56774 7931 36297
36293 14540 53438 1040 36297
36293 14571 63084 4588 36297
36293 24530 57512 6057 36297
36293 21890 62694 8441 36297
36293 14033 47589 1498 36297
36293 15439 71522 9210 36297
36293 17040 66558 393 36297
36293 13175 50783 12 36297
36293 26830 73656 4157 36297
36293 26272 64303 3845 36297
36293 13486 75001 2532 36297
36293 20788 55573 8041 36297
36293 18164 56542 7949 36297
36293 19954 70821 577 36297
36293 29865 57525 6491 36297
36293 23848 59335 4452 36297
36293 13898 73228 4211 36297
36293 32544 47511 9248 36297
36293 13755 48143 6147 36297
36293 11257 64801 8905 36297
36293 24587 59344 7894 36297
36293 32107 53285 8543 36297
36293 33282 54948 5236 36297
36293 28340 49498 1081 36297
36293 29461 46607 9551 36297
36293 33004 77336 8640 36297
36293 13690 73448 5078 36297
36293 31546 54965 1624 36297
36293 10885 45540 4523 36297
36293 23972 68295 4390 36297
36293 33911 56205 547 36297
36293 16658 61075 827 36297
36293 32637 50660 7904 36297
36293 22168 72676 2793 36297
36293 31785 64269 814 36297
36293 19990 75960 4802 36297
36293 34499 51661 2840 36297
36293 12159 76107 6395 36297
36293 32067 60681 1859 36297
36293 17180 76306 4106 36297
36293 18828 76016 4842 36297
36293 34403 61397 6347 36297
36293 27529 55184 6585 36297
36293 27247 54484 6110 36297
36293 22669 50784 2214 36297
36293 25865 47412 8709 36297
36293 16942 62441 8774 36297
36293 24558 57349 3705 36297
36293 31213 71430 697 36297
36293 26223 67721 2884 36297
36293 23222 70011 341 36297
36293 28641 49246 2204 36297
36293 10528 58927 2753 36297
36293 13657 76020 951 36297
36293 20190 67169 9430 36297
36293 25246 71672 8127 36297
36293 18317 61559 3524 36297
36293 20471 66053 7164 36297
36293 32990 48442 9183 36297
36293 10603 66665 812 36297
36293 35465 69805 1813 36297
36293 18889 62752 6824 36297
36293 18500 69514 1 36297
36293 12316 63079 3191 36297
36293 33429 72321 3758 36297
36293 30875 46752 1385 36297
36293 29774 62277 3524 36297
36293 28357 63669 5401 36297
36293 34946 60569 2785 36297
36293 11924 60507 972 36297
36293 23582 72090 2226 36297
36293 30131 70370 9122 36297
36293 17556 67336 5839 36297
36293 33962 73320 7521 36297
36293 25507 62275 4434 36297
36293 16782 68414 7213 36297
36293 21358 74665 2669 36297
36293 28337 52271 379 36297
36293 30642 73098 3937 36297
36293 25442 73246 892 36297
36293 23272 66439 3251 36297
36293 18578 73734 7004 36297
36293 19654 47200 4770 36297
36293 26316 68332 9166 36297
36293 16302 60684 3028 36297
36293 23806 55499 7678 36297
36293 28372 59938 5852 36297
36293 19674 74150 433 36297
36293 15096 65688 5919 36297
36293 29320 77139 9549 36297
36293 27689 48941 8241 36297
36293 24146 48405 6889 36297
36293 29024 48477 6338 36297
36293 18952 49911 36 36297
36293 24818 77359 1446 36297
36293 25719 65949 7090 36297
36293 20199 52742 7054 36297
36293 30926 55229 6486 36297
36293 21076 52539 2139 36297
36293 16229 50422 1754 36297
36293 13454 45785 8706 36297
36293 9866 58092 7146 36297
36293 15149 55453 4843 36297
36293 27422 54941 3918 36297
36293 33353 55501 5177 36297
36293 31481 52086 4279 36297
36293 27971 49229 3777 36297
36293 34703 51141 1037 36297
36293 12740 57036 1569 36297
36293 30569 72836 8290 36297
36293 23211 63557 5549 36297
36293 10870 52001 6219 36297
36293 33971 50858 6199 36297
36293 34223 63634 8748 36297
36293 18472 76584 2708 36297
36293 30836 64928 9378 36297
36293 35240 62360 4353 36297
36293 31529 65954 8157 36297
36293 20743 50220 2298 36297
36293 19617 70603 3631 36297
36293 14071 75846 5196 36297
36293 20455 53734 1465 36297
36293 19517 76829 4872 36297
36293 27611 45880 4228 36297
36293 34097 47998 4468 36297
36293 11302 63651 9101 36297
36293 24868 69708 8704 36297
36293 12044 58355 3089 36297
36293 24831 46800 424 36297
36293 13844 52460 521 36297
36293 17351 63874 8952 36297
36293 12916 53409 29 36297
36293 15320 61610 2206 36297
36293 17771 48050 8056 36297
36293 30630 58899 2886 36297
36293 25767 47542 8263 36297
36293 12560 58186 6675 36297
36293 35733 65768 4528 36297
36293 20667 68366 1694 36297
36293 32665 46491 2442 36297
36293 9882 76741 160 36297
36293 20005 63743 5219 36297
36293 29568 57393 865 36297
36293 17847 53357 2556 36297
36293 23425 69899 3376 36297
36293 24549 61726 4868 36297
36293 23822 62110 7854 36297
36293 21643 65611 3185 36297
36293 13183 68840 6031 36297
36293 29142 45076 9509 36297
36293 25534 67753 7759 36297
36293 29037 59419 3441 36297
36293 21947 76295 1019 36297
36293 12283 66353 3091 36297
36293 26681 47055 8477 36297
36293 17338 65026 1972 36297
36293 15525 76780 5235 36297
36293 28891 59872 1056 36297
36293 36103 76121 167 36297
36293 19255 72982 7218 36297
36293 34889 55596 603 36297
36293 18627 73313 6827 36297
36293 25852 49835 5916 36297
36293 12992 51309 6291 36297
36293 11476 51536 7035 36297
36293 19013 70187 5133 36297
36293 17625 61056 1411 36297
36293 35574 64630 3841 36297
36293 20503 46004 2116 36297
36293 12037 52518 5037 36297
36293 25670 69097 5761 36297
36293 20273 56815 7012 36297
36293 24808 55263 33 36297
36293 32615 68546 5226 36297
36293 24404 71275 1920 36297
36293 28227 47508 101 36297
36293 23930 74188 3515 36297
36293 18875 68557 9044 36297
36293 28480 76652 309 36297
36293 16965 77988 1166 36297
36293 21433 55891 1878 36297
36293 30259 48883 4348 36297
36293 12417 66775 1769 36297
36293 22431 57471 41 36297
36293 26780 49364 346 36297
36293 19321 52825 56 36297
36293 34385 71165 5794 36297
36293 24500 50420 6046 36297
36293 29498 76825 4198 36297
36293 13425 74426 9686 36297
36293 35256 74604 5525 36297
36293 25027 53301 55 36297
36293 24849 45944 3458 36297
36293 28766 50825 2550 36297
36293 14684 56848 4334 36297
36293 15262 68709 4053 36297
36293 19073 49057 2057 36297
36293 15722 61999 5748 36297
36293 12811 56422 4600 36297
36293 12940 70162 2621 36297
36293 30776 75789 1753 36297
36293 31821 48782 5975 36297
36293 18364 62013 2069 36297
36293 34983 45810 3048 36297
36293 21044 62393 4400 36297
36293 28207 52326 2630 36297
36293 14066 67822 6481 36297
36293 28604 51215 402 36297
36293 35265 76808 7610 36297
36293 29532 49797 1229 36297
36293 32094 75556 6071 36297
36293 12508 63500 8705 36297
36293 30252 75458 7213 36297
36293 26246 56194 2179 36297
36293 12015 73400 799 36297
36293 17587 51006 3633 36297
36293 15222 69201 8217 36297
36293 24391 49395 4426 36297
36293 34793 72226 5792 36297
36293 26288 59690 5979 36297
36293 27692 45141 2752 36297
36293 18040 76554 3165 36297
36293 26559 76527 7775 36297
36293 17903 68278 3899 36297
36293 20883 62410 6927 36297
36293 17827 72706 6123 36297
36293 18368 70363 60 36297
36293 17739 59760 1462 36297
36293 12691 71259 2179 36297
36293 30464 65273 3110 36297
36293 24991 58655 8953 36297
36293 23256 77098 6150 36297
36293 29461 49481 7183 36297
36293 26194 46825 4264 36297
36293 29874 62455 5966 36297
36293 14380 54243 6298 36297
36293 19876 68881 1166 36297
36293 11137 57802 8643 36297
36293 11387 64981 4775 36297
36293 19415 58804 3555 36297
36293 12862 51164 9108 36297
36293 23081 45715 3684 36297
36293 27102 56182 8404 36297
36293 15944 45157 585 36297
36293 25922 64654 6890 36297
36293 29636 49211 26 36297
36293 11353 65288 2613 36297
36293 30981 51338 3459 36297
36293 30256 73122 1003 36297
36293 17708 72322 3852 36297
36293 16855 67990 2106 36297
36293 32544 46919 784 36297
36293 31967 63871 2687 36297
36293 15197 74397 2937 36297
36293 32468 50904 7954 36297
36293 26004 55194 3131 36297
36293 21741 55460 8259 36297
36293 32966 75466 1070 36297
36293 30448 75375 900 36297
36293 15100 45766 2337 36297
36293 23501 53726 1759 36297
36293 22364 65881 6830 36297
36293 13315 51958 7630 36297
36293 30886 74443 5931 36297
36293 30425 59817 2468 36297
36293 33778 66083 287 36297
36293 12558 68172 9676 36297
36293 23466 73139 6667 36297
36293 25863 71950 7281 36297
36293 17543 48243 196 36297
36293 19226 54973 5807 36297
36293 34048 52852 8152 36297
36293 30914 77628 7548 36297
36293 14472 75129 4486 36297
36293 10917 70102 2707 36297
36293 30637 74934 4885 36297
36293 35925 65346 9295 36297
36293 34343 60892 6760 36297
36293 27791 47670 5906 36297
36293 19689 70043 4409 36297
36293 20560 64463 7790 36297
36293 28818 58088 1000 36297
36293 22111 62517 5389 36297
36293 33527 57549 8913 36297
36293 27804 51343 1604 36297
36293 26807 54053 7053 36297
36293 24318 45420 144 36297
36293 24150 53020 2601 36297
36293 17258 74962 31 36297
36293 33813 48998 1691 36297
36293 11280 52927 6278 36297
36293 32886 74243 3234 36297
36293 18610 75242 6755 36297
36293 22059 70895 7465 36297
36293 17439 48160 9137 36297
36293 34628 47088 1866 36297
36293 18742 48093 4981 36297
36293 34113 69632 4152 36297
36293 16203 51677 248 36297
36293 14181 67087 3771 36297
36293 19212 51476 1716 36297
36293 12532 62648 6395 36297
36293 11035 52059 1315 36297
36293 20777 51520 1172 36297
36293 28379 77649 3720 36297
36293 11401 70471 4896 36297
36293 31201 69600 6827 36297
36293 18194 52462 853 36297
36293 19200 50076 5607 36297
36293 31070 66040 8630 36297
36293 12757 49738 3756 36297
36293 12618 46558 1845 36297
36293 14796 49641 7007 36297
36293 10314 58107 2948 36297
36293 26962 59391 4199 36297
36293 14792 73058 3929 36297
36293 9968 55332 8587 36297
36293 19207 64400 6825 36297
36293 30663 51609 3842 36297
36293 32028 76487 2471 36297
36293 11265 62320 7947 36297
36293 16316 52239 1335 36297
36293 10806 72198 2936 36297
36293 32929 55207 1604 36297
36293 33646 54046 1614 36297
36293 15063 60018 164 36297
36293 21959 50913 774 36297
36293 11462 70738 5955 36297
36293 23585 68100 8528 36297
36293 18187 56922 3742 36297
36293 27115 48512 4915 36297
36293 16025 49065 2195 36297
36293 29545 63544 2308 36297
36293 13219 53084 1383 36297
36293 24158 46467 7393 36297
36293 33779 54348 4867 36297
36293 27582 51899 460 36297
36293 14941 67181 5493 36297
36293 19109 65215 2075 36297
36293 15404 74310 7293 36297
36293 22368 49432 5056 36297
36293 14255 74085 9062 36297
36293 31089 65437 6006 36297
36293 13932 75450 1661 36297
36293 25262 54496 8667 36297
36293 15112 46802 6294 36297
36293 14349 62768 9075 36297
36293 21934 67139 8969 36297
36293 32291 57951 311 36297
36293 30354 50838 7717 36297
36293 20375 58389 2900 36297
36293 27506 45659 4236 36297
36293 30911 56590 8408 36297
36293 29003 46940 1575 36297
36293 12275 52334 8709 36297
36293 12106 50435 6070 36297
36293 32730 75380 7172 36297
36293 12644 49891 7999 36297
36293 14057 68679 2015 36297
36293 15146 55076 3426 36297
36293 23131 51233 3152 36297
36293 35868 71795 8672 36297
36293 23394 63538 6214 36297
36293 26466 54104 5509 36297
36293 13139 58522 7631 36297
36293 11377 59496 2989 36297
36293 24832 52798 7628 36297
36293 9743 73427 6548 36297
36293 25910 76264 9617 36297
36293 25929 73267 4497 36297
36293 23205 47539 8234 36297
36293 23945 72665 5054 36297
36293 23786 48550 5454 36297
36293 12391 71224 5317 36297
36293 21423 75370 3140 36297
36293 34769 59621 1627 36297
36293 28643 73375 9480 36297
36293 33033 55190 185 36297
36293 32918 49962 1977 36297
36293 21406 51933 2287 36297
36293 12431 54900 8095 36297
36293 15179 55749 3472 36297
36293 24482 70985 3475 36297
36293 20811 48527 8363 36297
36293 14862 66232 6397 36297
36293 10125 70156 6615 36297
36293 29398 60874 8697 36297
36293 35365 73485 4410 36297
36293 29393 77359 9308 36297
36293 34071 56965 6679 36297
36293 32795 49440 4925 36297
36293 10635 76351 7768 36297
36293 23086 77570 8018 36297
36293 29016 46589 7573 36297
36293 22209 49476 2866 36297
36293 34042 48192 756 36297
36293 29051 64906 1076 36297
36293 25413 51623 6667 36297
36293 15217 45649 3071 36297
36293 20127 46615 3984 36297
36293 32237 57601 8946 36297
36293 13612 51821 5190 36297
36293 34512 64007 8297 36297
36293 28998 47887 4860 36297
36293 32761 47633 7192 36297
36293 12185 57911 1545 36297
36293 17225 66234 4004 36297
36293 34849 66183 6128 36297
36293 12219 78113 8085 36297
36293 33361 68651 7255 36297
36293 28776 78044 7795 36297
36293 30228 59032 3969 36297
36293 14198 51616 2816 36297
36293 19462 70594 1565 36297
36293 34177 62071 8001 36297
36293 19781 56641 2424 36297
36293 23984 50628 6098 36297
36293 22541 73556 1852 36297
36293 24565 51006 9132 36297
36293 14459 51085 2811 36297
36293 33170 64381 394 36297
36293 22372 62245 7672 36297
36293 26137 60617 5796 36297
36293 18741 77420 1262 36297
36293 14994 49709 7750 36297
36293 29707 63285 5142 36297
36293 18674 72652 6978 36297
36293 15296 50621 7275 36297
36293 31372 61867 1341 36297
36293 25815 48636 551 36297
36293 13018 68587 4677 36297
36293 28311 76773 3969 36297
36293 14969 70193 378 36297
36293 17919 47499 1040 36297
36293 25519 71954 5883 36297
36293 18056 75927 997 36297
36293 23064 72787 6228 36297
36293 18993 53587 7596 36297
36293 23803 66029 1865 36297
36293 15615 71624 843 36297
36293 11500 75353 8126 36297
36293 28786 69803 713 36297
36293 14872 51055 7455 36297
36293 36138 55252 2465 36297
36293 14936 46836 7806 36297
36293 15902 56919 3732 36297
36293 16934 51232 2426 36297
36293 35148 52131 4931 36297
36293 23766 63548 684 36297
36293 33286 76996 1354 36297
36293 24103 53236 2693 36297
36293 33763 50738 6741 36297
36293 13124 72866 1577 36297
36293 18285 78013 5862 36297
36293 15272 49184 2296 36297
36293 22704 68883 6885 36297
36293 18568 67844 6549 36297
36293 26245 55170 7069 36297
36293 19030 77265 4348 36297
36293 26108 45474 6935 36297
36293 31988 62811 4314 36297
36293 29484 63096 4452 36297
36293 33807 60191 4823 36297
36293 11328 73280 4732 36297
36293 23076 67612 1872 36297
36293 13388 53058 6798 36297
36293 25390 67105 4705 36297
36293 14673 58383 3013 36297
36293 21337 48504 6091 36297
36293 35505 69076 4541 36297
36293 20377 76732 5475 36297
36293 27684 69936 7959 36297
36293 28012 46918 3106 36297
36293 35503 54044 8731 36297
36293 30232 75290 1801 36297
36293 14614 47202 2845 36297
36293 29990 64781 4001 36297
36293 20482 67244 8459 36297
36293 25882 75597 2434 36297
36293 26463 64048 8796 36297
36293 16989 70286 624 36297
36293 15059 47033 9445 36297
36293 22939 70671 9593 36297
36293 25497 57453 7548 36297
36293 28903 67962 1041 36297
36293 31904 62908 9312 36297
36293 29756 66710 9455 36297
36293 35941 48924 6638 36297
36293 33950 51111 974 36297
36293 31490 74969 5880 36297
36293 33471 46235 3808 36297
36293 10616 57492 7841 36297
36293 27704 52964 5402 36297
36293 14408 51016 1990 36297
36293 28310 77415 1391 36297
36293 32122 54097 6512 36297
36293 30738 58671 8112 36297
36293 35153 74691 7991 36297
36293 34045 56946 6784 36297
36293 11143 62135 3784 36297
36293 20318 76201 7016 36297
36293 33688 62182 4721 36297
36293 32201 45315 9618 36297
36293 22181 71603 2526 36297
36293 35469 53520 5450 36297
36293 31725 52776 417 36297
36293 27818 72310 7827 36297
36293 16344 72604 4088 36297
36293 29134 75558 7687 36297
36293 32041 46411 3064 36297
36293 26345 62447 5330 36297
36293 33773 76317 820 36297
36293 23603 47344 7813 36297
36293 19298 49395 1264 36297
36293 15926 73167 6376 36297
36293 20555 75334 1217 36297
36293 20449 48445 2344 36297
36293 21743 54409 8390 36297
36293 13098 76282 2592 36297
36293 16703 54283 4979 36297
36293 14081 45747 4497 36297
36293 23288 72441 7873 36297
36293 33026 64916 2736 36297
36293 12232 68464 4569 36297
36293 15234 55023 1557 36297
36293 13757 48281 4190 36297
36293 30182 64208 9583 36297
36293 26358 75124 2334 36297
36293 21966 45311 9410 36297
36293 24021 45888 7447 36297
36293 13259 70945 298 36297
36293 14100 75486 8065 36297
36293 34019 49902 8594 36297
36293 11642 57438 4019 36297
36293 13292 69637 7187 36297
36293 24050 71747 4006 36297
36293 26094 46793 940 36297
36293 15155 47171 903 36297
36293 14050 48585 2334 36297
36293 18953 45938 6434 36297
36293 34471 69029 5743 36297
36293 9844 56732 5619 36297
36293 21239 50735 898 36297
36293 27802 47406 3628 36297
36293 27261 78015 7186 36297
36293 26856 68696 6388 36297
36293 11068 52076 5442 36297
36293 26300 62596 3781 36297
36293 19901 57722 6654 36297
36293 35482 67173 7068 36297
36293 14891 65500 7328 36297
36293 34126 56669 3688 36297
36293 30070 49856 7412 36297
36293 20155 49410 3081 36297
36293 24538 67205 7774 36297
36293 14638 62374 4766 36297
36293 34318 72181 4639 36297
36293 20588 78054 4861 36297
36293 25234 49189 565 36297
36293 35700 70533 1321 36297
36293 26585 55314 3471 36297
36293 26560 75763 5804 36297
36293 32009 46622 4518 36297
36293 31139 70143 1355 36297
36293 10676 76571 8179 36297
36293 35862 76752 3377 36297
36293 18170 76684 2059 36297
36293 10588 63554 3236 36297
36293 28680 75892 3569 36297
36293 35431 56882 4113 36297
36293 14067 51055 6474 36297
36293 25326 62552 4739 36297
36293 25738 62633 110 36297
36293 29952 48181 7297 36297
36293 24277 46881 2933 36297
36293 16765 47081 1356 36297
36293 14152 77329 7340 36297
36293 14113 74529 6349 36297
36293 11779 75016 6266 36297
36293 18902 55747 6633 36297
36293 21396 53824 7175 36297
36293 27103 55893 8444 36297
36293 18641 74463 7295 36297
36293 14914 64472 2492 36297
36293 28792 63738 9243 36297
36293 30069 76381 7087 36297
36293 29380 55625 4729 36297
36293 28904 65502 8250 36297
36293 15781 74557 5657 36297
36293 22724 76834 7133 36297
36293 31299 75840 5367 36297
36293 25329 45947 2104 36297
36293 19602 55068 7210 36297
36293 13128 76067 2076 36297
36293 28633 72026 1689 36297
36293 31549 71777 5191 36297
36293 19790 65995 5030 36297
36293 18508 75957 1318 36297
36293 25729 71882 6959 36297
36293 35208 73286 7011 36297
36293 17629 47038 7080 36297
36293 33263 75961 7452 36297
36293 28983 70977 4880 36297
36293 13181 54472 7345 36297
36293 25194 53395 7127 36297
36293 11191 45875 9380 36297
36293 31344 64844 9412 36297
36293 21677 75670 8782 36297
36293 27897 55558 4116 36297
36293 17573 45487 9110 36297
36293 32877 73590 9517 36297
36293 10135 71847 6986 36297
36293 18994 48562 9451 36297
36293 12892 45373 4468 36297
36293 21028 70917 6098 36297
36293 22760 50635 5226 36297
36293 28214 58787 3754 36297
36293 24267 73873 1959 36297
36293 21270 58156 9299 36297
36293 24771 46334 5023 36297
36293 15343 78128 7712 36297
36293 19650 72697 3015 36297
36293 25145 68231 8248 36297
36293 22980 61720 3627 36297
36293 19588 55352 3831 36297
36293 22344 67999 6492 36297
36293 31559 62001 4073 36297
36293 20141 68324 6884 36297
36293 13719 78039 4162 36297
36293 30996 50190 8678 36297
36293 15747 76419 1129 36297
36293 27072 75265 7254 36297
36293 21213 47232 8428 36297
36293 35748 63816 1197 36297
36293 13392 55441 5952 36297
36293 29492 62131 4487 36297
36293 17999 57417 9170 36297
36293 19139 72951 3685 36297
36293 14966 73474 5688 36297
36293 31423 68287 224 36297
36293 16718 62608 783 36297
36293 10131 60216 4247 36297
36293 30896 73837 8195 36297
36293 33637 72983 5989 36297
36293 21816 77476 308 36297
36293 12994 54615 678 36297
36293 21968 74350 7187 36297
36293 13443 53834 7013 36297
36293 30042 52816 627 36297
36293 23487 57160 7698 36297
36293 13428 57448 9358 36297
36293 27480 47158 7757 36297
36293 10197 62504 455 36297
36293 22835 52340 6345 36297
36293 17013 54750 1131 36297
36293 23446 68654 8635 36297
36293 19662 74339 3793 36297
36293 23401 75724 6881 36297
36293 33219 56148 1050 36297
36293 30859 50289 4260 36297
36293 10026 45080 8970 36297
36293 22675 69685 1555 36297
36293 11528 74456 4371 36297
36293 25626 48933 870 36297
36293 13821 45717 4221 36297
36293 31850 68237 7624 36297
36293 21927 45285 5068 36297
36293 33227 68018 7633 36297
36293 21792 73295 5886 36297
36293 27686 67242 8716 36297
36293 24440 45407 2350 36297
36293 21417 55373 193 36297
36293 12210 67540 8166 36297
36293 14908 65406 3859 36297
36293 24072 49569 6126 36297
36293 28203 56111 2055 36297
36293 19925 47935 8914 36297
36293 28511 74425 6124 36297
36293 31318 72333 1528 36297
36293 11895 63468 6673 36297
36293 24023 66070 2635 36297
36293 35885 72766 1458 36297
36293 30763 56870 3290 36297
36293 18241 74117 9491 36297
36293 10825 45507 3128 36297
36293 19474 50593 9655 36297
36293 21364 52437 2068 36297
36293 28550 53508 5606 36297
36293 24892 61534 2947 36297
36293 12519 66406 4299 36297
36293 22870 65762 6830 36297
36293 26975 53996 6447 36297
36293 30010 50303 5861 36297
36293 24880 61289 7752 36297
36293 10914 48614 7174 36297
36293 18423 48153 5944 36297
36293 26852 52307 7318 36297
36293 21290 54754 3436 36297
36293 22682 69430 1749 36297
36293 26769 67357 1851 36297
36293 11809 51411 2772 36297
36293 33864 74568 4498 36297
36293 32470 52070 2445 36297
36293 26688 72055 8389 36297
36293 35916 57452 6110 36297
36293 33258 52350 3913 36297
36293 24953 65357 8203 36297
36293 14619 62072 2912 36297
36293 31439 52974 6038 36297
36293 24117 65207 4427 36297
36293 25136 53097 9412 36297
36293 10063 72160 7753 36297
36293 30193 46194 8791 36297
36293 12094 59245 7996 36297
36293 19668 77399 8922 36297
36293 34597 60495 2170 36297
36293 32884 67699 8200 36297
36293 26356 76969 7221 36297
36293 20138 71271 5775 36297
36293 19214 72066 1391 36297
36293 30511 49158 8084 36297
36293 27768 51534 7576 36297
36293 30314 69886 4227 36297
36293 13030 71392 6996 36297
36293 15111 65187 3341 36297
36293 25549 73066 5867 36297
36293 25508 60635 9120 36297
36293 27721 70963 8044 36297
36293 21684 76086 910 36297
36293 29101 75978 1181 36297
36293 34701 67741 7600 36297
36293 20935 69956 7760 36297
36293 18214 45932 3616 36297
36293 31497 72947 4509 36297
36293 26520 55723 1566 36297
36293 24902 77712 9428 36297
36293 16298 68663 6296 36297
36293 34934 76557 8039 36297
36293 12394 51389 600 36297
36293 14273 64857 7264 36297
36293 17108 76760 5710 36297
36293 20006 61627 5866 36297
36293 27376 77610 310 36297
36293 21779 54121 9581 36297
36293 28383 69747 2857 36297
36293 32554 46260 4264 36297
36293 26444 77074 4657 36297
36293 16737 55761 5791 36297
36293 22963 67380 6948 36297
36293 30176 66739 9254 36297
36293 17860 75750 6250 36297
36293 17065 51979 1700 36297
36293 20461 52163 6042 36297
36293 27576 76626 2376 36297
36293 13867 60575 8619 36297
36293 15380 48528 7767 36297
36293 22839 52783 5729 36297
36293 26352 48839 4147 36297
36293 33901 54111 5126 36297
36293 22372 56951 3728 36297
36293 29665 48779 5425 36297
36293 25037 47066 206 36297
36293 18509 74599 6012 36297
36293 32426 53430 7944 36297
36293 19443 69999 1570 36297
36293 35543 55089 4235 36297
36293 13226 58785 4634 36297
36293 12339 74874 2146 36297
36293 34015 72812 1821 36297
36293 35405 73656 8929 36297
36293 33426 50257 1463 36297
36293 35618 55061 8314 36297
36293 21246 50298 9428 36297
36293 14403 51182 9018 36297
36293 10148 54946 2171 36297
36293 16717 54007 3176 36297
36293 29046 66951 4518 36297
36293 27354 47044 9255 36297
36293 13762 70099 1685 36297
36293 19260 59254 1182 36297
36293 23188 65783 3360 36297
36293 22732 74415 8098 36297
36293 31211 61602 2863 36297
36293 17176 54694 1170 36297
36293 35778 73576 4682 36297
36293 12723 66730 5168 36297
36293 23686 68652 9170 36297
36293 14938 76213 7842 36297
36293 23317 65347 9053 36297
36293 27770 64469 4679 36297
36293 31630 50664 3045 36297
36293 16324 47083 1816 36297
36293 36148 50485 609 36297
36293 27615 74178 5555 36297
36293 19770 76442 3296 36297
36293 18914 45359 7696 36297
36293 18713 77994 7555 36297
36293 15982 48587 7451 36297
36293 23311 49625 4237 36297
36293 23402 61009 317 36297
36293 20303 56111 3132 36297
36293 36225 66817 8201 36297
36293 11432 73240 1813 36297
36293 9940 72038 6841 36297
36293 17563 63545 2325 36297
36293 34738 61808 5980 36297
36293 28185 45975 5321 36297
36293 25893 47882 7870 36297
36293 22036 47482 7589 36297
36293 23362 57545 5364 36297
36293 34023 65603 8034 36297
36293 34492 69114 3866 36297
36293 17147 49436 8384 36297
36293 29382 77545 1223 36297
36293 11540 69702 5301 36297
36293 21021 45855 9457 36297
36293 22034 56907 913 36297
36293 24318 72207 7435 36297
36293 21632 61519 296 36297
36293 27710 46957 5333 36297
36293 23593 60432 5678 36297
36293 24463 46686 102 36297
36293 19430 62174 2444 36297
36293 33126 75371 8127 36297
36293 12033 55021 770 36297
36293 34323 72369 1145 36297
36293 15184 76430 4892 36297
36293 19549 49985 8682 36297
36293 29098 65008 6043 36297
36293 26477 67332 3375 36297
36293 32989 77846 6484 36297
36293 31933 68817 9388 36297
36293 17221 58983 4166 36297
36293 17400 73442 8580 36297
36293 25156 45742 4779 36297
36293 18423 57532 8544 36297
36293 16053 50630 7161 36297
36293 28746 63465 7226 36297
36293 20500 59208 3978 36297
36293 22545 76857 3766 36297
36293 25552 76949 7221 36297
36293 28142 53353 8909 36297
36293 22028 72670 1715 36297
36293 21041 46548 1989 36297
36293 25201 65253 9458 36297
36293 9964 67145 3329 36297
36293 31972 51962 8155 36297
36293 21179 66488 7473 36297
36293 14871 59529 1246 36297
36293 17655 72719 381 36297
36293 21638 56070 8875 36297
36293 17779 47425 61 36297
36293 31180 55489 6229 36297
36293 30521 50751 7808 36297
36293 21357 47000 8855 36297
36293 18911 68015 1124 36297
36293 11064 57415 9512 36297
36293 21773 54698 195 36297
36293 26050 45093 5189 36297
36293 30794 75940 1534 36297
36293 35404 52179 7619 36297
36293 33257 74080 71 36297
36293 20391 62650 2399 36297
36293 31348 50060 8293 36297
36293 21025 49072 9537 36297
36293 34859 75621 7910 36297
36293 25403 47925 6445 36297
36293 19178 49014 7208 36297
36293 20812 69780 4201 36297
36293 31040 65634 5739 36297
36293 18977 47355 5412 36297
36293 22233 60206 7740 36297
36293 31173 48811 5850 36297
36293 19998 51066 1442 36297
36293 24903 73553 6695 36297
36293 27470 47832 1605 36297
36293 14516 72465 227 36297
36293 33001 67032 4612 36297
36293 29065 63221 8852 36297
36293 17209 75990 6382 36297
36293 15886 49909 9247 36297
36293 35846 48176 2025 36297
36293 30541 60524 4779 36297
36293 34213 56608 3875 36297
36293 28221 53800 8140 36297
36293 14932 72407 549 36297
36293 15892 46652 5907 36297
36293 22268 58391 3376 36297
36293 11170 64202 7906 36297
36293 11361 74319 2296 36297
36293 20879 58523 2394 36297
36293 16094 50154 264 36297
36293 10777 78033 1125 36297
36293 14569 48014 5208 36297
36293 16246 71754 6910 36297
36293 33734 57212 1250 36297
36293 25652 45907 7324 36297
36293 14013 56753 9423 36297
36293 10004 52615 5750 36297
36293 25264 67060 2583 36297
36293 26399 54767 2298 36297
36293 11261 66714 2370 36297
36293 27462 50111 4257 36297
36293 10743 57195 2403 36297
36293 31796 60307 2091 36297
36293 34989 76887 3446 36297
36293 20835 54227 6682 36297
36293 26836 45449 1684 36297
36293 27682 73858 779 36297
36293 24554 72689 2162 36297
36293 19089 64330 1709 36297
36293 31689 69600 8014 36297
36293 30184 73292 7823 36297
36293 15371 73929 3767 36297
36293 29794 74528 462 36297
36293 17418 74860 7171 36297
36293 30404 75359 4495 36297
36293 31476 51482 7428 36297
36293 26314 76036 9223 36297
36293 22314 65286 9309 36297
36293 34853 76231 8218 36297
36293 26741 48769 6581 36297
36293 25849 60321 6299 36297
36293 22333 70060 8867 36297
36293 34657 57119 2792 36297
36293 34507 56802 2924 36297
36293 28836 70275 2860 36297
36293 18755 75956 4521 36297
36293 22586 55883 8899 36297
36293 20208 53135 4663 36297
36293 33458 75947 4165 36297
36293 25838 76513 2339 36297
36293 20794 69698 831 36297
36293 22631 59293 650 36297
36293 30418 70197 2197 36297
36293 27484 63901 3396 36297
36293 10900 45343 1826 36297
36293 20672 46792 2800 36297
36293 28456 72815 5060 36297
36293 17518 52158 5273 36297
36293 27395 65959 4979 36297
36293 24755 45610 8721 36297
36293 34570 66940 8418 36297
36293 10435 68150 3245 36297
36293 33953 61237 6560 36297
36293 28243 53921 899 36297
36293 21731 74150 2177 36297
36293 33826 58776 9173 36297
36293 24355 53674 9429 36297
36293 23840 54972 7655 36297
36293 24865 78095 1722 36297
36293 35239 48604 172 36297
36293 11597 57610 8154 36297
36293 34506 61013 5215 36297
36293 22924 61857 7559 36297
36293 14536 68579 9217 36297
36293 35973 60719 5960 36297
36293 10249 59846 9254 36297
36293 34794 75785 2579 36297
36293 24535 62669 3777 36297
36293 13706 53493 4103 36297
36293 12956 70329 4139 36297
36293 31688 77544 7081 36297
36293 28864 67113 5741 36297
36293 12944 55779 7800 36297
36293 28308 60322 465 36297
36293 26451 77794 4022 36297
36293 34152 57744 3553 36297
36293 31075 49081 2927 36297
36293 23372 48758 8753 36297
36293 14351 64026 3650 36297
36293 20373 63320 7274 36297
36293 34083 72599 1939 36297
36293 29679 57174 6470 36297
36293 31901 67583 4340 36297
36293 29973 52962 7326 36297
36293 15099 50607 4358 36297
36293 25172 60515 9326 36297
36293 31818 66505 8930 36297
36293 24586 75529 8593 36297
36293 26080 63772 1688 36297
36293 16474 56765 8888 36297
36293 33544 68217 6187 36297
36293 30303 73183 8820 36297
36293 31639 76198 8172 36297
36293 30810 62493 1902 36297
36293 16750 54000 8516 36297
36293 33607 54651 6079 36297
36293 17893 49164 2925 36297
36293 25790 47562 1782 36297
36293 32121 74202 5252 36297
36293 15787 71835 3410 36297
36293 17424 49126 305 36297
36293 16212 54107 4933 36297
36293 29374 75873 9479 36297
36293 19888 45305 3950 36297
36293 24034 65006 9105 36297
36293 20158 56952 2321 36297
36293 29812 61303 8241 36297
36293 10781 75024 5021 36297
36293 10655 56539 6360 36297
36293 25169 59994 9419 36297
36293 22538 75242 7275 36297
36293 25566 48903 5146 36297
36293 20392 46409 7835 36297
36293 22332 47961 83 36297
36293 22369 78172 960 36297
36293 18476 60808 5403 36297
36293 22538 55243 7616 36297
36293 23048 52170 931 36297
36293 25617 73062 5580 36297
36293 35875 69696 8931 36297
36293 12918 69565 8978 36297
36293 29063 76960 6788 36297
36293 30454 75933 6367 36297
36293 20845 56945 2855 36297
36293 34805 69298 369 36297
36293 27652 61195 5242 36297
36293 18217 68569 1583 36297
36293 14385 48159 8651 36297
36293 26140 55585 897 36297
36293 17757 63498 4075 36297
36293 23100 74487 7160 36297
36293 11948 60945 6778 36297
36293 9800 72914 7075 36297
36293 21514 62721 2344 36297
36293 9850 56109 8119 36297
36293 30817 75756 8028 36297
36293 11216 46834 6283 36297
36293 10642 55126 389 36297
36293 36013 52844 2060 36297
36293 18620 73335 3086 36297
36293 26811 64819 7993 36297
36293 17769 55350 7361 36297
36293 22376 76298 4263 36297
36293 30239 70446 5552 36297
36293 17324 57311 236 36297
36293 31172 60294 2085 36297
36293 30292 47811 136 36297
36293 30722 63154 4785 36297
36293 35184 72569 4367 36297
36293 32876 51928 4417 36297
36293 35880 52132 6644 36297
36293 34131 45272 2085 36297
36293 10088 54967 3400 36297
36293 22375 54591 2985 36297
36293 23920 61590 6278 36297
36293 28608 48995 222 36297
36293 18087 54731 5100 36297
36293 22056 64431 1635 36297
36293 14771 57907 5390 36297
36293 28579 61455 4881 36297
36293 23760 60512 9498 36297
36293 21620 59671 807 36297
36293 14879 74794 4187 36297
36293 35150 71673 6350 36297
36293 33740 60686 1789 36297
36293 29758 56552 6041 36297
36293 28014 45316 476 36297
36293 13002 58163 7936 36297
36293 11898 47125 1038 36297
36293 34668 64986 481 36297
36293 17096 55029 6062 36297
36293 28429 68041 6817 36297
36293 32673 67866 1214 36297
36293 19362 54280 1790 36297
36293 26761 76521 3686 36297
36293 19691 59221 2166 36297
36293 19631 67809 3170 36297
36293 29626 57618 9014 36297
36293 30535 57661 2209 36297
36293 9793 49673 9587 36297
36293 32166 51755 3300 36297
36293 26431 70125 3138 36297
36293 11074 56169 6128 36297
36293 13169 62521 8676 36297
36293 35284 68541 1702 36297
36293 25260 59658 4594 36297
36293 17106 57266 1011 36297
36293 28200 48884 7312 36297
36293 15113 71219 2909 36297
36293 24853 49160 8120 36297
36293 12125 55558 7692 36297
36293 14396 45876 9116 36297
36293 18749 68627 7034 36297
36293 23421 45918 5015 36297
36293 32686 63890 719 36297
36293 15358 65877 2118 36297
36293 26712 54666 7477 36297
36293 35557 71760 8953 36297
36293 19149 65827 8636 36297
36293 31384 77732 1603 36297
36293 33411 58355 7720 36297
36293 27661 49974 3513 36297
36293 35072 59757 903 36297
36293 28204 69902 8417 36297
36293 10261 46150 5677 36297
36293 35019 58906 4619 36297
36293 22253 71249 4403 36297
36293 18440 50854 1679 36297
36293 25452 49203 1541 36297
36293 29261 54687 8576 36297
36293 22503 54085 4895 36297
36293 34465 46454 3676 36297
36293 25436 73812 4078 36297
