36293 18672 74836 1298 36297
36293 18672 56156 1298 36296
36293 18672 66045 1298 36296
36293 18672 59998 1298 36296
36293 18672 65238 1298 36296
36293 18672 59133 1298 36296
36293 18672 67259 1298 36296
36293 18672 74002 1298 36296
36293 18672 61835 1298 36297
36293 18672 76194 1298 36297
36293 18672 57357 1298 36296
36293 18672 68580 1298 36296
36293 18672 71629 1298 36296
36293 18672 69339 1298 36297
36293 18672 65422 1298 36297
36293 18672 67321 1298 36297
36293 18672 63304 1298 36296
36293 18672 63763 1298 36297
36293 18672 67569 1298 36296
36293 18672 61839 1298 36296
36293 18672 62753 1298 36296
36293 18672 71985 1298 36296
36293 18672 60785 1298 36295
36293 18672 57097 1298 36296
36293 18672 58175 1298 36296
36293 18672 64250 1298 36296
36293 18672 72469 1298 36296
36293 18672 58067 1298 36296
36293 18672 48358 1298 36297
36293 18672 69977 1298 36296
36293 18672 63574 1298 36296
36293 18672 61491 1298 36296
36293 18672 61894 1298 36296
36293 18672 63259 1298 36296
36293 18672 63376 1298 36296
36293 18672 68755 1298 36296
36293 18672 67184 1298 36296
36293 18672 61730 1298 36297
36293 18672 74420 1298 36297
36293 18672 58410 1298 36296
36293 18672 73768 1298 36296
36293 18672 67744 1298 36296
36293 18672 59022 1298 36296
36293 18672 56364 1298 36297
36293 18672 61389 1298 36296
36293 18672 67979 1298 36296
36293 18672 60925 1298 36296
36293 18672 76025 1298 36297
36293 18672 64606 1298 36296
36293 18672 66615 1298 36296
36293 18672 57139 1298 36296
36293 18672 60976 1298 36296
36293 18672 46201 1298 36297
36293 18672 73391 1298 36296
36293 18672 72797 1298 36297
36293 18672 62455 1298 36296
36293 18672 63534 1298 36296
36293 18672 69112 1298 36296
36293 18672 62212 1298 36296
36293 18672 57043 1298 36296
36293 18672 69421 1298 36297
36293 18672 72724 1298 36296
36293 18672 68169 1298 36296
36293 18672 70826 1298 36296
36293 18672 57033 1298 36296
36293 18672 68611 1298 36297
36293 18672 58557 1298 36296
36293 18672 45244 1298 36297
36293 18672 65690 1298 36296
36293 18672 56458 1298 36296
36293 18672 50323 1298 36297
36293 18672 65246 1298 36296
36293 18672 73601 1298 36296
36293 18672 70704 1298 36296
36293 18672 70572 1298 36296
36293 18672 71232 1298 36297
36293 18672 58755 1298 36296
36293 18672 65340 1298 36296
36293 18672 70503 1298 36296
36293 18672 69664 1298 36296
36293 18672 56879 1298 36296
36293 18672 73606 1298 36296
36293 18672 60317 1298 36296
36293 18672 75482 1298 36297
36293 18672 61502 1298 36296
36293 18672 65317 1298 36296
36293 18672 64912 1298 36296
36293 18672 71146 1298 36296
36293 18672 65750 1298 36296
36293 18672 64872 1298 36296
36293 18672 63301 1298 36296
36293 18672 66690 1298 36296
36293 18672 70413 1298 36296
36293 18672 58165 1298 36297
36293 18672 63712 1298 36296
36293 18672 57145 1298 36296
36293 18672 70106 1298 36296
36293 18672 72531 1298 36296
36293 18672 63634 1298 36296
36293 18672 56820 1298 36296
36293 18672 66615 1298 36296
36293 18672 69760 1298 36296
36293 18672 70675 1298 36296
36293 18672 68580 1298 36296
36293 18672 74737 1298 36297
36293 18672 63854 1298 36296
36293 18672 58180 1298 36296
36293 18672 68425 1298 36296
36293 18672 65947 1298 36297
36293 18672 65125 1298 36296
36293 18672 62059 1298 36296
36293 18672 63555 1298 36296
36293 18672 60728 1298 36296
36293 18672 67929 1298 36296
36293 18672 67908 1298 36296
36293 18672 74602 1298 36297
36293 18672 66298 1298 36296
36293 18672 59070 1298 36296
36293 18672 59311 1298 36296
36293 18672 73434 1298 36296
36293 18672 73204 1298 36296
36293 18672 69813 1298 36296
36293 18672 63204 1298 36296
36293 18672 66794 1298 36296
36293 18672 67958 1298 36296
36293 18672 69343 1298 36297
36293 18672 50837 1298 36297
36293 18672 46264 1298 36297
36293 18672 59099 1298 36296
36293 18672 57541 1298 36296
36293 18672 66986 1298 36296
36293 18672 73235 1298 36296
36293 18672 66039 1298 36296
36293 18672 74210 1298 36296
36293 18672 56867 1298 36296
36293 18672 70778 1298 36296
36293 18672 72025 1298 36296
36293 18672 59019 1298 36296
36293 18672 60128 1298 36296
36293 18672 66246 1298 36296
36293 18672 61251 1298 36296
36293 18672 46590 1298 36297
36293 18672 48898 1298 36297
36293 18672 70425 1298 36296
36293 18672 56868 1298 36296
36293 18672 57592 1298 36296
36293 18672 64462 1298 36296
36293 18672 59447 1298 36297
36293 18672 74039 1298 36296
36293 18672 62223 1298 36296
36293 18672 53465 1298 36297
36293 18672 56305 1298 36297
36293 18672 45129 1298 36297
36293 18672 62962 1298 36296
36293 18672 61293 1298 36297
36293 18672 45728 1298 36297
36293 18672 69854 1298 36296
36293 18672 71194 1298 36296
36293 18672 70376 1298 36296
36293 18672 68477 1298 36296
36293 18672 69116 1298 36296
36293 18672 69667 1298 36296
36293 18672 64449 1298 36296
36293 18672 56271 1298 36296
36293 18672 73501 1298 36296
36293 18672 67008 1298 36296
36293 18672 49781 1298 36297
36293 18672 73343 1298 36297
36293 18672 47429 1298 36297
36293 18672 56177 1298 36296
36293 18672 67579 1298 36296
36293 18672 66025 1298 36296
36293 18672 73567 1298 36296
36293 18672 53310 1298 36297
36293 18672 47394 1298 36297
36293 18672 72911 1298 36296
36293 18672 73347 1298 36296
36293 18672 62175 1298 36296
36293 18672 60503 1298 36296
36293 18672 58836 1298 36296
36293 18672 60388 1298 36296
36293 18672 70964 1298 36296
36293 18672 73755 1298 36296
36293 18672 56199 1298 36296
36293 18672 69349 1298 36296
36293 18672 57298 1298 36296
36293 18672 70842 1298 36296
36293 18672 54991 1298 36297
36293 18672 67827 1298 36296
36293 18672 74091 1298 36296
36293 18672 72664 1298 36296
36293 18672 62265 1298 36296
36293 18672 55102 1298 36297
36293 18672 63948 1298 36296
36293 18672 56547 1298 36296
36293 18672 60639 1298 36296
36293 18672 58581 1298 36296
36293 18672 53875 1298 36297
36293 18672 71841 1298 36296
36293 18672 61893 1298 36296
36293 18672 73883 1298 36296
36293 18672 65842 1298 36296
36293 18672 65254 1298 36296
36293 18672 73076 1298 36296
36293 18672 57961 1298 36297
36293 18672 54839 1298 36297
36293 18672 52145 1298 36297
36293 18672 52303 1298 36297
36293 18672 64218 1298 36296
36293 18672 63347 1298 36297
36293 18672 71651 1298 36296
36293 18672 68299 1298 36296
36293 18672 46352 1298 36297
36293 18672 57280 1298 36296
36293 18672 61798 1298 36296
36293 18672 73843 1298 36296
36293 18672 72566 1298 36296
36293 18672 69102 1298 36296
36293 18672 72844 1298 36296
36293 18672 60051 1298 36296
36293 18672 66491 1298 36296
36293 18672 76308 1298 36297
36293 18672 64643 1298 36296
36293 18672 57064 1298 36296
36293 18672 68848 1298 36297
36293 18672 68016 1298 36296
36293 18672 78002 1298 36297
36293 18672 58999 1298 36296
36293 18672 69405 1298 36297
36293 18672 67368 1298 36296
36293 21937 56959 3846 36296
36293 21937 56207 3846 36296
36293 21937 71902 3846 36296
36293 21937 56959 3846 36296
36293 21937 56207 3846 36296
36293 21937 71902 3846 36296
36293 21937 56959 3846 36296
36293 21937 61329 3846 36296
36293 21937 67981 3846 36296
36293 21937 71902 3846 36296
36293 21937 56959 3846 36296
36293 21937 61329 3846 36296
36293 21937 67981 3846 36296
36293 21937 58907 3846 36296
36293 21937 61329 3846 36296
36293 21937 67981 3846 36296
36293 21937 56207 3846 36296
36293 21937 64783 3846 36296
36293 21937 61329 3846 36296
36293 21937 56207 3846 36296
36293 21937 60274 3846 36296
36293 21937 56207 3846 36296
36293 21937 64934 3846 36296
36293 21937 73418 3846 36296
36293 21937 64783 3846 36296
36293 21937 61834 3846 36296
36293 21937 56680 3846 36297
36293 21937 64783 3846 36296
36293 21937 72063 3846 36296
36293 21937 64783 3846 36296
36293 21937 64783 3846 36296
36293 21937 59401 3846 36297
36293 21937 68035 3846 36296
36293 21937 67981 3846 36296
36293 21937 56207 3846 36296
36293 21937 64783 3846 36296
36293 21937 68035 3846 36296
36293 21937 67981 3846 36296
36293 21937 56207 3846 36296
36293 21937 68035 3846 36296
