36293 18672 69971 1298 36296
36293 18672 74012 1298 36296
36293 18672 56933 1298 36296
36293 18672 59367 1298 36296
36293 18672 71245 1298 36296
36293 18672 66603 1298 36296
36293 18672 61243 1298 36296
36293 18672 57506 1298 36296
36293 18672 71329 1298 36296
36293 18672 72682 1298 36296
36293 18672 57039 1298 36296
36293 18672 59841 1298 36296
36293 18672 71806 1298 36296
36293 18672 67020 1298 36296
36293 18672 73368 1298 36296
36293 18672 59221 1298 36296
36293 18672 70920 1298 36296
36293 18672 71968 1298 36296
36293 18672 70625 1298 36296
36293 18672 68353 1298 36296
36293 18672 71781 1298 36296
36293 18672 64320 1298 36296
36293 21120 56889 1298 36296
36293 18672 72787 1298 36296
36293 18672 67420 1298 36296
36293 18672 60168 1298 36296
36293 18672 71171 1298 36296
36293 18672 59843 1298 36296
36293 18672 70747 1298 36296
36293 18672 67978 1298 36296
36293 18672 67525 1298 36296
36293 18672 61850 1298 36296
36293 18672 59313 1298 36296
36293 18672 72135 1298 36296
36293 21120 71551 1298 36296
36293 18672 59877 1298 36296
36293 18672 60869 1298 36296
36293 18672 60771 1298 36296
36293 21120 59553 1298 36296
36293 18672 66327 1298 36296
36293 18672 60440 1298 36296
36293 18672 63136 1298 36296
36293 18672 70371 1298 36296
36293 18672 69050 1298 36296
36293 18672 70177 1298 36296
36293 18672 61023 1298 36296
36293 18672 59336 1298 36296
36293 18672 65813 1298 36296
36293 18672 69274 1298 36296
36293 18672 61064 1298 36296
36293 18672 68609 1298 36296
36293 18672 66641 1298 36296
36293 21120 60013 1298 36296
36293 18672 66731 1298 36296
36293 18672 68310 1298 36296
36293 18672 63089 1298 36296
36293 18672 56439 1298 36296
36293 18672 60620 1298 36296
36293 18672 73300 1298 36296
36293 18672 64553 1298 36296
36293 18672 57208 1298 36296
36293 18672 68454 1298 36296
36293 21120 68638 1298 36296
36293 18672 61062 1298 36296
36293 18672 63443 1298 36296
36293 18672 58425 1298 36296
36293 18672 64518 1298 36296
36293 18672 72583 1298 36296
36293 18672 61558 1298 36296
36293 18672 71535 1298 36296
36293 18672 72310 1298 36296
36293 18672 57481 1298 36296
36293 21120 74000 1298 36296
36293 21120 74021 1298 36296
36293 18672 68024 1298 36296
36293 18672 58833 1298 36296
36293 18672 69229 1298 36296
36293 18672 61616 1298 36296
36293 18672 73430 1298 36296
36293 18672 59499 1298 36296
36293 18672 67059 1298 36296
36293 18672 67260 1298 36296
36293 18672 72324 1298 36296
36293 18672 61898 1298 36296
36293 18672 73184 1298 36296
36293 18672 66712 1298 36296
36293 18672 65220 1298 36296
36293 18672 56385 1298 36296
36293 18672 58917 1298 36296
36293 18672 65152 1298 36296
36293 18672 60046 1298 36296
36293 18672 63575 1298 36296
36293 18672 61391 1298 36296
36293 21120 72038 1298 36296
36293 18672 68602 1298 36296
36293 18672 65415 1298 36296
36293 18672 58063 1298 36296
36293 18672 64790 1298 36296
36293 18672 60465 1298 36296
36293 18672 68878 1298 36296
36293 18672 59533 1298 36296
36293 18672 74293 1298 36296
36293 18672 67751 1298 36296
36293 18672 67264 1298 36296
36293 18672 62526 1298 36296
36293 18672 60442 1298 36296
36293 18672 60773 1298 36296
36293 18672 63487 1298 36296
36293 18672 73582 1298 36296
36293 18672 66969 1298 36296
36293 18672 66859 1298 36296
36293 18672 71226 1298 36296
36293 18672 68370 1298 36296
36293 21120 56156 1298 36296
36293 18672 56314 1298 36296
36293 18672 58041 1298 36296
36293 18672 66609 1298 36296
36293 21120 61143 1298 36296
36293 21120 60321 1298 36296
36293 18672 57634 1298 36296
36293 18672 57562 1298 36296
36293 18672 71870 1298 36296
36293 18672 71543 1298 36296
36293 18672 63961 1298 36296
36293 18672 72456 1298 36296
36293 21120 57524 1298 36296
36293 18672 64401 1298 36296
36293 18672 66329 1298 36296
36293 18672 65374 1298 36296
36293 18672 66964 1298 36296
36293 18672 71045 1298 36296
36293 18672 71923 1298 36296
36293 18672 59704 1298 36296
36293 18672 72069 1298 36296
36293 18672 56041 1298 36296
36293 18672 70654 1298 36296
36293 18672 63149 1298 36296
36293 18672 72568 1298 36296
36293 18672 72673 1298 36296
36293 18672 58164 1298 36296
36293 18672 70699 1298 36296
36293 18672 61887 1298 36296
36293 21120 56230 1298 36296
36293 18672 56157 1298 36296
36293 18672 66170 1298 36296
36293 18672 68790 1298 36296
36293 18672 71046 1298 36296
36293 18672 58304 1298 36296
36293 21120 71806 1298 36296
36293 18672 71241 1298 36296
36293 18672 61531 1298 36296
36293 18672 67962 1298 36296
36293 18672 56364 1298 36296
36293 18672 72106 1298 36296
36293 21120 62275 1298 36296
36293 18672 62544 1298 36296
36293 21120 56887 1298 36296
36293 18672 66284 1298 36296
36293 18672 69851 1298 36296
36293 18672 59077 1298 36296
36293 18672 61379 1298 36296
36293 18672 59485 1298 36296
36293 18672 66983 1298 36296
36293 18672 69442 1298 36296
36293 18672 59097 1298 36296
36293 18672 71399 1298 36296
36293 18672 62716 1298 36296
36293 18672 71982 1298 36296
36293 18672 73601 1298 36296
36293 18672 66562 1298 36296
36293 18672 73435 1298 36296
36293 18672 67367 1298 36296
36293 21120 64867 1298 36296
36293 18672 56380 1298 36296
36293 18672 71266 1298 36296
36293 18672 68507 1298 36296
36293 18672 57041 1298 36296
36293 21120 70721 1298 36296
36293 21120 56057 1298 36296
36293 21120 73398 1298 36296
36293 21120 65845 1298 36296
36293 18672 63645 1298 36296
36293 18672 72551 1298 36296
36293 18672 60547 1298 36296
36293 18672 60197 1298 36296
36293 21120 74138 1298 36296
36293 18672 69294 1298 36296
36293 18672 60818 1298 36296
36293 18672 64443 1298 36296
36293 21120 74147 1298 36296
36293 18672 67395 1298 36296
36293 18672 56923 1298 36296
36293 18672 64701 1298 36296
36293 18672 67084 1298 36296
36293 18672 65519 1298 36296
36293 18672 65454 1298 36296
36293 18672 59702 1298 36296
36293 18672 59865 1298 36296
36293 18672 69407 1298 36296
36293 18672 71083 1298 36296
36293 18672 66830 1298 36296
36293 18672 61362 1298 36296
36293 18672 75548 1298 36297
36293 18672 64844 1298 36297
36293 18672 55603 1298 36297
36293 18672 56796 1298 36296
36293 18672 68196 1298 36297
36293 18672 45186 1298 36297
36293 18672 52738 1298 36297
36293 18672 68069 1298 36296
36293 18672 55584 1298 36297
36293 18672 59063 1298 36296
36293 18672 72511 1298 36297
36293 18672 65778 1298 36296
36293 18672 64167 1298 36296
36293 18672 65776 1298 36297
36293 18672 77575 1298 36297
36293 18672 57598 1298 36296
36293 18672 73064 1298 36296
36293 18672 71780 1298 36297
36293 18672 75147 1298 36297
36293 18672 46611 1298 36297
36293 18672 65032 1298 36297
36293 18672 66187 1298 36296
36293 18672 66188 1298 36296
36293 18672 70792 1298 36296
36293 18672 54178 1298 36297
36293 18672 51091 1298 36297
36293 18672 52203 1298 36297
36293 18672 71333 1298 36296
36293 18672 71332 1298 36296
36293 18672 69482 1298 36297
36293 18672 59444 1298 36297
36293 18672 70303 1298 36296
36293 21120 57067 1298 36297
36293 18672 45077 1298 36297
36293 21120 68542 1298 36296
36293 18672 59250 1298 36297
36293 21120 50505 1298 36297
36293 18672 46629 1298 36297
36293 18672 47599 1298 36297
36293 18672 72336 1298 36296
36293 18672 56252 1298 36297
36293 18672 72337 1298 36296
36293 18672 64852 1298 36297
36293 21120 60981 1298 36297
36293 18672 70923 1298 36297
36293 18672 59834 1298 36296
36293 18672 59118 1298 36296
36293 18672 59835 1298 36296
36293 18672 72139 1298 36297
36293 18672 47186 1298 36297
36293 21120 51047 1298 36297
36293 18672 65370 1298 36296
36293 18672 54494 1298 36297
36293 18672 69905 1298 36296
36293 18672 69903 1298 36296
36293 18672 71447 1298 36296
36293 18672 71445 1298 36296
36293 18672 66267 1298 36296
36293 18672 66265 1298 36296
36293 18672 58753 1298 36297
36293 21120 68248 1298 36296
36293 18672 65176 1298 36297
36293 18672 70499 1298 36297
36293 18672 62089 1298 36296
36293 18672 76072 1298 36297
36293 18672 65486 1298 36297
36293 18672 75105 1298 36297
36293 18672 62235 1298 36296
36293 18672 64321 1298 36296
36293 18672 74031 1298 36297
36293 18672 46196 1298 36297
36293 21120 73623 1298 36296
36293 18672 58809 1298 36296
36293 18672 53601 1298 36297
36293 18672 73529 1298 36297
36293 18672 61005 1298 36297
36293 18672 69625 1298 36296
36293 18672 57774 1298 36297
36293 18672 68324 1298 36297
36293 18672 77207 1298 36297
36293 21120 75385 1298 36297
36293 18672 61309 1298 36296
36293 18672 71563 1298 36297
36293 18672 72175 1298 36296
36293 18672 71562 1298 36297
36293 18672 53463 1298 36297
36293 18672 54954 1298 36297
36293 18672 72134 1298 36296
36293 18672 64956 1298 36296
36293 18672 70272 1298 36296
36293 18672 61432 1298 36296
36293 18672 64954 1298 36296
36293 18672 72135 1298 36296
36293 18672 70273 1298 36296
36293 18672 57214 1298 36296
36293 18672 61431 1298 36296
36293 18672 65257 1298 36296
36293 21120 53553 1298 36297
36293 18672 52440 1298 36297
36293 18672 72109 1298 36297
36293 21120 67166 1298 36296
36293 18672 66628 1298 36296
36293 18672 47665 1298 36297
36293 18672 64894 1298 36297
36293 18672 68528 1298 36297
36293 18672 69515 1298 36296
36293 18672 69514 1298 36296
36293 21120 57211 1298 36297
36293 18672 64605 1298 36297
36293 18672 71012 1298 36296
36293 18672 71473 1298 36297
36293 18672 75505 1298 36297
36293 18672 64095 1298 36297
36293 18672 67050 1298 36296
36293 18672 68019 1298 36296
36293 18672 63286 1298 36296
36293 18672 67239 1298 36296
36293 18672 68020 1298 36296
36293 18672 72521 1298 36296
36293 21120 70068 1298 36296
36293 21120 70066 1298 36296
36293 18672 72520 1298 36297
36293 18672 52636 1298 36297
36293 18672 57194 1298 36297
36293 21120 73572 1298 36296
36293 21120 57524 1298 36297
36293 18672 59067 1298 36297
36293 21120 46404 1298 36297
36293 18672 73628 1298 36297
36293 18672 64000 1298 36296
36293 18672 63946 1298 36296
36293 18672 64001 1298 36296
36293 18672 63947 1298 36296
36293 21120 56599 1298 36297
36293 18672 54165 1298 36297
36293 18672 59378 1298 36296
36293 18672 71714 1298 36297
36293 18672 58089 1298 36297
36293 18672 66371 1298 36297
36293 18672 48020 1298 36297
36293 18672 61524 1298 36296
36293 18672 61522 1298 36296
36293 18672 62416 1298 36297
36293 18672 55036 1298 36297
36293 18672 75663 1298 36297
36293 18672 65754 1298 36297
36293 18672 59276 1298 36296
36293 18672 59275 1298 36296
36293 18672 60616 1298 36296
36293 18672 63905 1298 36297
36293 18672 70635 1298 36297
36293 18672 68784 1298 36297
36293 18672 66842 1298 36296
36293 18672 66844 1298 36296
36293 21120 60247 1298 36296
36293 18672 50218 1298 36297
36293 18672 56508 1298 36297
36293 18672 75435 1298 36297
36293 18672 67015 1298 36297
36293 18672 55681 1298 36297
36293 18672 71117 1298 36297
36293 18672 66094 1298 36297
36293 18672 46537 1298 36297
36293 18672 72178 1298 36296
36293 18672 72180 1298 36296
36293 18672 74683 1298 36297
36293 18672 71107 1298 36296
36293 18672 51156 1298 36297
36293 18672 64374 1298 36297
36293 18672 51427 1298 36297
36293 18672 53158 1298 36297
36293 18672 54334 1298 36297
36293 18672 54488 1298 36297
36293 18672 49695 1298 36297
36293 18672 58118 1298 36296
36293 18672 50809 1298 36297
36293 18672 60825 1298 36297
36293 21120 57304 1298 36296
36293 21120 57305 1298 36296
36293 18672 66138 1298 36297
36293 18672 54263 1298 36297
36293 18672 61307 1298 36297
36293 18672 77496 1298 36297
36293 18672 61362 1298 36296
36293 18672 52483 1298 36297
36293 21120 71556 1298 36297
36293 18672 69969 1298 36297
36293 21120 63730 1298 36297
36293 18672 58993 1298 36296
36293 18672 48647 1298 36297
36293 21120 64437 1298 36297
36293 21120 66587 1298 36297
36293 18672 71821 1298 36296
36293 18672 71822 1298 36296
36293 18672 47400 1298 36297
36293 18672 45063 1298 36297
36293 18672 74739 1298 36297
36293 18672 48386 1298 36297
36293 18672 61264 1298 36297
36293 18672 65866 1298 36297
36293 18672 67443 1298 36296
36293 21120 51133 1298 36297
36293 18672 52075 1298 36297
36293 18672 77548 1298 36297
36293 18672 72901 1298 36297
36293 18672 58632 1298 36297
36293 18672 64363 1298 36297
36293 18672 61556 1298 36296
36293 18672 67595 1298 36297
36293 18672 64398 1298 36297
36293 18672 67853 1298 36296
36293 18672 67851 1298 36296
36293 18672 66888 1298 36296
36293 18672 64860 1298 36296
36293 21120 47996 1298 36297
36293 18672 68604 1298 36297
36293 18672 68967 1298 36297
36293 18672 75295 1298 36297
36293 18672 73761 1298 36296
36293 18672 73762 1298 36296
36293 18672 56173 1298 36296
36293 18672 56172 1298 36296
36293 18672 73833 1298 36297
36293 18672 66296 1298 36296
36293 18672 60418 1298 36296
36293 18672 69407 1298 36296
36293 18672 66561 1298 36296
36293 18672 52667 1298 36297
36293 18672 70679 1298 36297
36293 18672 53011 1298 36297
36293 18672 74844 1298 36297
36293 18672 56802 1298 36296
36293 18672 72157 1298 36296
36293 18672 50619 1298 36297
36293 18672 59998 1298 36297
36293 18672 69920 1298 36297
36293 18672 57115 1298 36297
36293 18672 68438 1298 36296
36293 18672 68436 1298 36296
36293 18672 74416 1298 36297
36293 21120 73963 1298 36297
36293 19830 55209 1448 36297
36293 12478 65780 62 36297
36293 24550 46838 4072 36297
36293 35719 56860 8511 36297
36293 32143 66044 9573 36297
36293 18687 65514 3846 36296
36293 18687 56334 3846 36296
36293 25192 55121 9099 36297
36293 18279 46272 7614 36297
36293 24265 47715 2702 36297
36293 32886 48144 341 36297
36293 10591 77977 3344 36297
36293 18687 58907 3846 36296
36293 13168 65432 2817 36297
36293 27541 67706 7878 36297
36293 11042 57494 3396 36297
36293 25835 45187 9388 36297
36293 30475 48659 9024 36297
36293 16276 56789 3752 36297
36293 33611 68471 7368 36297
36293 11325 64793 1854 36297
36293 26191 51566 5319 36297
36293 19144 66373 6270 36297
36293 19465 77517 6485 36297
36293 18687 56680 3846 36296
36293 18687 56959 3846 36296
36293 33409 51817 3257 36297
36293 31064 48316 7552 36297
36293 11611 51842 1996 36297
36293 18687 59401 3846 36296
36293 26773 46775 361 36297
36293 17078 63626 687 36297
36293 20636 48094 7022 36297
36293 23710 58243 7746 36297
36293 26723 62875 39 36297
36293 15570 51414 8169 36297
36293 11356 47489 1483 36297
36293 18687 60274 3846 36296
36293 26236 67226 1763 36297
36293 36086 61655 3869 36297
36293 29581 45600 1665 36297
36293 20147 62824 5088 36297
36293 18687 71637 3846 36296
36293 22079 71374 4946 36297
36293 26857 56643 7832 36297
36293 18687 64542 3846 36296
36293 18687 72063 3846 36296
36293 33026 75478 4677 36297
36293 18687 55993 3846 36296
36293 31206 66008 3415 36297
36293 22465 56927 5695 36297
36293 12718 74998 1037 36297
36293 35015 68525 4405 36297
36293 18606 66846 470 36297
36293 22753 64569 1266 36297
36293 13959 45617 5109 36297
36293 20708 57086 1479 36297
36293 33693 63304 2889 36297
36293 35091 56601 7358 36297
36293 29969 72953 5057 36297
36293 10973 45415 3567 36297
36293 27829 77107 7582 36297
36293 11630 52213 2585 36297
36293 27518 64892 9316 36297
36293 17461 75786 472 36297
36293 18709 60472 801 36297
36293 23016 72639 7847 36297
36293 31532 51305 5253 36297
36293 25388 51024 9038 36297
36293 12595 48553 2762 36297
36293 18687 72775 3846 36296
36293 15088 46362 7366 36297
36293 32021 56165 2299 36297
36293 23477 76126 8985 36297
36293 17925 52462 2201 36297
36293 32993 49174 9477 36297
36293 22508 61922 5858 36297
36293 23510 66389 1107 36297
36293 18491 57342 8399 36297
36293 34345 50487 8499 36297
36293 14139 68959 7845 36297
36293 19795 50058 4772 36297
36293 18687 71902 3846 36296
36293 9895 47835 6551 36297
36293 33766 67374 812 36297
36293 28176 74753 8368 36297
36293 20490 64100 6952 36297
36293 18687 68798 3846 36296
36293 34563 61938 2299 36297
36293 23577 51545 9483 36297
36293 31806 55452 6063 36297
36293 16674 48879 2660 36297
36293 18687 65191 3846 36296
36293 13836 72436 6672 36297
36293 34724 65285 3060 36297
36293 18582 76252 8175 36297
36293 30634 52668 7220 36297
36293 18687 56548 3846 36296
36293 16309 45931 8279 36297
36293 15815 47006 3699 36297
36293 34836 64479 4061 36297
36293 20368 61941 5672 36297
36293 33703 76494 654 36297
36293 34132 59030 7255 36297
36293 33643 51393 3741 36297
36293 20012 61055 8427 36297
36293 29190 57383 2465 36297
36293 24036 70000 7277 36297
36293 35734 50809 9537 36297
36293 27714 67432 3807 36297
36293 12406 65656 131 36297
36293 13891 57609 5367 36297
36293 29006 74400 7440 36297
36293 30551 62624 8298 36297
36293 16925 71289 5414 36297
36293 35581 57678 166 36297
36293 11996 76475 138 36297
36293 30020 63677 5826 36297
36293 33927 52836 7728 36297
36293 20249 62879 7696 36297
36293 23340 51911 1299 36297
36293 19654 67425 6211 36297
36293 33550 77251 3048 36297
36293 26925 64474 1817 36297
36293 23319 54345 8708 36297
36293 16138 46035 7095 36297
36293 20191 68702 3469 36297
36293 11238 50360 2838 36297
36293 35446 74610 4746 36297
36293 18368 69256 8412 36297
36293 31447 56240 1645 36297
36293 30139 63979 2398 36297
36293 16776 76407 670 36297
36293 16606 55210 5881 36297
36293 21137 77203 4368 36297
36293 28939 76019 6437 36297
36293 21932 52691 2496 36297
36293 19500 49821 8670 36297
36293 18687 56743 3846 36296
36293 25024 67729 4924 36297
36293 18313 52286 7328 36297
36293 28454 69177 1574 36297
36293 30961 50458 9644 36297
36293 12439 62201 317 36297
36293 18256 62306 8370 36297
36293 34330 74622 8102 36297
36293 28001 69667 2444 36297
36293 14203 66372 1689 36297
36293 20248 57643 1332 36297
36293 35996 67377 1411 36297
36293 18415 59803 1624 36297
36293 29209 77690 7473 36297
36293 25806 70080 1306 36297
36293 33025 70842 1487 36297
36293 26382 76685 2408 36297
36293 13700 49800 2017 36297
36293 11420 74306 4536 36297
36293 14679 65743 777 36297
36293 23734 67450 2420 36297
36293 12652 62447 3578 36297
36293 18460 63883 6804 36297
36293 29579 74928 2154 36297
36293 18636 72946 4031 36297
36293 21300 66186 2871 36297
36293 18687 65514 3846 36296
36293 30799 51316 5455 36297
36293 18354 56651 8754 36297
36293 18687 56334 3846 36296
36293 24158 47999 9049 36297
36293 11554 62869 8568 36297
36293 27213 54580 726 36297
36293 13586 75086 8788 36297
36293 18687 69260 3846 36296
36293 25303 62594 9635 36297
36293 33705 52019 7152 36297
36293 27765 76308 2114 36297
36293 13820 76225 1519 36297
36293 14992 55097 3503 36297
36293 19503 61578 8961 36297
36293 10713 62219 8082 36297
36293 34396 70257 373 36297
36293 11360 49902 3625 36297
36293 20162 67762 2563 36297
36293 18394 46927 5633 36297
36293 35855 67246 5837 36297
36293 28474 74274 7795 36297
36293 34077 52148 6046 36297
36293 12727 74204 4036 36297
36293 35923 51828 92 36297
36293 28630 56757 1692 36297
36293 15724 61199 7086 36297
36293 25248 61701 1808 36297
36293 34173 63244 6559 36297
36293 27495 75402 5632 36297
36293 34184 63636 9566 36297
36293 34233 45837 7065 36297
36293 18687 59045 3846 36296
36293 23907 69245 2527 36297
36293 35696 56234 3700 36297
36293 12024 57090 4884 36297
36293 14291 58254 5540 36297
36293 26529 47461 1227 36297
36293 17471 74636 7055 36297
36293 22471 52410 7403 36297
36293 34153 67648 3380 36297
36293 18687 62918 3846 36296
36293 31315 73731 5972 36297
36293 24497 53004 9505 36297
36293 32636 63406 8938 36297
36293 10781 63168 838 36297
36293 18687 58907 3846 36296
36293 10856 70494 6562 36297
36293 27239 48089 3742 36297
36293 21556 48857 2002 36297
36293 25008 65378 4645 36297
36293 23258 70774 4224 36297
36293 22673 52122 3183 36297
36293 18687 61834 3846 36296
36293 12001 74266 1075 36297
36293 34292 61321 3010 36297
36293 26286 70983 9691 36297
36293 18687 73418 3846 36296
36293 25292 66104 5899 36297
36293 14974 65889 5878 36297
36293 23552 71635 3179 36297
36293 24063 49711 9043 36297
36293 17868 62392 4058 36297
36293 14618 59314 3581 36297
36293 20606 74205 304 36297
36293 31117 58627 103 36297
36293 15392 46492 7423 36297
36293 18687 56680 3846 36296
36293 18687 56959 3846 36296
36293 18910 53044 1586 36297
36293 32307 46003 1785 36297
36293 19858 68213 996 36297
36293 10722 47304 3167 36297
36293 32864 48915 550 36297
36293 21099 54266 5321 36297
36293 19419 53938 9369 36297
36293 30113 54765 1528 36297
36293 18687 64783 3846 36296
36293 21316 48500 5075 36297
36293 9929 47806 2298 36297
36293 25168 73941 6748 36297
36293 18687 64934 3846 36296
36293 18687 56097 3846 36296
36293 11002 76366 5345 36297
36293 28877 51369 5702 36297
36293 35760 61130 2401 36297
36293 30276 62997 532 36297
36293 22844 72140 7627 36297
36293 14131 64002 6540 36297
36293 9982 65354 9156 36297
36293 35582 77742 3949 36297
36293 21043 65903 4659 36297
36293 18687 60274 3846 36296
36293 10366 48261 1371 36297
36293 22840 50292 4930 36297
36293 35582 60493 9662 36297
36293 18687 71637 3846 36296
36293 35287 73726 6229 36297
36293 10299 48254 6782 36297
36293 33941 46869 6786 36297
36293 23533 53467 7436 36297
36293 16618 66509 9550 36297
36293 14498 46612 1351 36297
36293 18687 64542 3846 36296
36293 18687 72063 3846 36296
36293 21693 54090 8190 36297
36293 18687 73282 3846 36296
36293 18687 59962 3846 36296
36293 18687 68035 3846 36296
36293 18687 57865 3846 36296
36293 18687 55993 3846 36296
36293 25669 70976 3616 36297
36293 19975 73093 7278 36297
36293 32152 52751 2735 36297
36293 18571 46502 4962 36297
36293 21121 64194 3936 36297
36293 31120 45803 3219 36297
36293 22464 48385 4074 36297
36293 20385 63251 4397 36297
36293 20073 74978 8596 36297
36293 16061 65861 8916 36297
36293 9954 48087 2390 36297
36293 17883 75465 4638 36297
36293 12819 52166 1487 36297
36293 31217 75970 6007 36297
36293 34008 47368 1033 36297
36293 19580 58329 9214 36297
36293 36160 63632 5666 36297
36293 30167 50354 3006 36297
36293 12966 76701 2062 36297
36293 18687 61329 3846 36296
36293 23240 50305 9354 36297
36293 34833 49548 1380 36297
36293 15788 77006 7173 36297
36293 31244 51897 1401 36297
36293 18687 67981 3846 36296
36293 18687 72775 3846 36296
36293 31986 75527 7916 36297
36293 16301 54533 1436 36297
36293 29091 77378 4329 36297
36293 33343 45448 1772 36297
36293 30991 71632 8888 36297
36293 29122 45392 4138 36297
36293 16558 50275 3801 36297
36293 9786 73735 7136 36297
36293 18248 69450 2253 36297
36293 35381 75504 2856 36297
36293 30964 46498 9369 36297
36293 25433 63409 4560 36297
36293 22633 73964 9128 36297
36293 19884 47618 2918 36297
36293 18687 56207 3846 36296
36293 26122 59904 6069 36297
36293 31309 77495 9149 36297
36293 22624 69212 2949 36297
36293 18687 71902 3846 36296
36293 35283 73421 3604 36297
36293 18903 76563 2259 36297
36293 18687 60578 3846 36296
36293 18687 68798 3846 36296
36293 19307 57116 7527 36297
36293 18431 71653 9218 36297
36293 30654 78018 1117 36297
36293 18687 65191 3846 36296
36293 21653 48937 2082 36297
36293 35206 76964 7686 36297
36293 18687 56548 3846 36296
36293 22662 69836 4848 36297
36293 29216 66995 5376 36297
36293 15541 62634 6459 36297
36293 19060 75772 6368 36297
36293 27425 54332 9149 36297
36293 24685 75925 3359 36297
36293 17530 72743 270 36297
36293 35313 60384 6837 36297
36293 31877 48680 4943 36297
36293 26717 72111 1909 36297
36293 29489 72205 915 36297
36293 17681 58835 9249 36297
36293 26523 62249 7502 36297
36293 16934 49218 2086 36297
36293 10784 78091 8333 36297
36293 27743 48655 5385 36297
36293 22497 50756 3179 36297
36293 14137 67599 7303 36297
36293 35936 54470 1010 36297
36293 21230 55948 4856 36297
36293 20266 53161 205 36297
36293 35571 52681 6390 36297
36293 29948 59459 3331 36297
36293 16507 67985 4245 36297
36293 26285 47854 794 36297
36293 20214 51884 7671 36297
36293 19129 50560 8365 36297
36293 23069 73795 2212 36297
36293 14174 65506 8763 36297
36293 34386 47697 5171 36297
36293 26599 75896 5989 36297
36293 25743 46989 5510 36297
36293 33792 56659 5900 36297
36293 27941 46327 3899 36297
36293 26536 58621 2194 36297
36293 28668 46285 7628 36297
36293 21100 46373 6772 36297
36293 20536 58756 1620 36297
36293 21615 58628 4739 36297
36293 35703 73857 8467 36297
36293 28838 68858 1019 36297
36293 18687 56743 3846 36296
36293 18467 45347 3508 36297
36293 16573 55015 994 36297
36293 31085 62610 6119 36297
36293 20196 71577 503 36297
36293 11699 51652 4818 36297
36293 19129 47317 7820 36297
36293 18612 45533 1467 36297
36293 16689 74932 5051 36297
36293 16494 49544 8983 36297
36293 16956 46711 3578 36297
36293 26264 58305 7276 36297
36293 15175 65495 366 36297
36293 21587 50225 3822 36297
36293 34461 50390 3645 36297
36293 13367 71101 1592 36297
36293 18515 75900 1557 36297
36293 12291 57309 860 36297
36293 17959 69055 4293 36297
36293 35725 71879 580 36297
36293 19012 72297 6450 36297
36293 20627 77740 6637 36297
36293 31214 56137 925 36297
36293 23081 53308 4147 36297
36293 18687 65514 3846 36296
36293 26035 69033 911 36297
36293 29180 61942 6135 36297
36293 12984 76881 2637 36297
36293 18687 56334 3846 36296
36293 15590 59368 9322 36297
36293 16611 71260 6601 36297
36293 32712 54313 3925 36297
36293 18687 69260 3846 36296
36293 36022 67860 5620 36297
36293 31495 68813 1707 36297
36293 25722 77764 1111 36297
36293 12933 62438 372 36297
36293 27713 50052 656 36297
36293 28574 76094 2929 36297
36293 27296 63476 9132 36297
36293 35663 60448 9525 36297
36293 17071 73751 7455 36297
36293 23534 45437 2705 36297
36293 35613 73575 4488 36297
36293 15539 48699 3225 36297
36293 10910 49668 777 36297
36293 14917 70783 8997 36297
36293 16299 76913 4822 36297
36293 19432 77516 2809 36297
36293 18687 59045 3846 36296
36293 29594 47267 5818 36297
36293 13699 58773 6959 36297
36293 31112 55319 5342 36297
36293 19787 61942 4179 36297
36293 35237 73295 6104 36297
36293 15810 64392 6885 36297
36293 24359 61434 1611 36297
36293 28194 57604 5456 36297
36293 24808 53642 8676 36297
36293 23614 54063 8699 36297
36293 32334 59232 3778 36297
36293 18687 62918 3846 36296
36293 14383 65468 1610 36297
36293 30616 52073 7471 36297
36293 26248 65419 3939 36297
36293 35234 76835 7980 36297
36293 17780 63463 8142 36297
36293 18687 58907 3846 36296
36293 16908 73926 9309 36297
36293 35423 78155 6125 36297
36293 34997 50126 9564 36297
36293 34652 65725 5545 36297
36293 25731 73125 8012 36297
36293 24274 53764 6585 36297
36293 22383 64701 9492 36297
36293 18687 61834 3846 36296
36293 35293 53718 8456 36297
36293 21041 74672 8324 36297
36293 35988 55081 385 36297
36293 13364 51435 6662 36297
36293 18687 73418 3846 36296
36293 11776 61201 4522 36297
36293 20979 46111 4184 36297
36293 21434 60186 6570 36297
36293 13256 55233 9628 36297
36293 25781 62099 2879 36297
36293 18687 56680 3846 36296
36293 18687 56959 3846 36296
36293 24578 70085 5370 36297
36293 18321 71823 2222 36297
36293 15481 65927 354 36297
36293 28969 56745 4751 36297
36293 29313 51254 9054 36297
36293 33911 78191 1160 36297
36293 18687 64783 3846 36296
36293 33332 52235 841 36297
36293 9708 56136 8720 36297
36293 18687 64934 3846 36296
36293 18687 56097 3846 36296
36293 18417 77063 3147 36297
36293 20538 76434 178 36297
36293 28626 55768 1468 36297
36293 10874 64820 6719 36297
36293 33072 59834 8324 36297
36293 26477 51084 5630 36297
36293 12719 70607 7173 36297
36293 32622 52078 7512 36297
36293 33642 70523 7253 36297
36293 19216 57387 4378 36297
36293 32848 74069 891 36297
36293 27833 57051 1267 36297
36293 14059 52261 556 36297
36293 18687 60274 3846 36296
36293 14868 69029 3186 36297
36293 19042 47919 9315 36297
36293 18687 71637 3846 36296
36293 22462 67305 6447 36297
36293 32283 74155 8399 36297
36293 17162 48170 2731 36297
36293 32420 65420 2518 36297
36293 18759 56691 6343 36297
36293 18687 64542 3846 36296
36293 24002 62434 478 36297
36293 18687 72063 3846 36296
36293 35354 60537 2772 36297
36293 22748 73258 9116 36297
36293 33987 58954 8328 36297
36293 34674 66189 4478 36297
36293 35863 45815 2604 36297
36293 20475 56532 9702 36297
36293 30026 64004 8598 36297
36293 18687 73282 3846 36296
36293 18687 59962 3846 36296
36293 24707 45643 7918 36297
36293 14468 55336 254 36297
36293 18687 68035 3846 36296
36293 18687 57865 3846 36296
36293 18687 55993 3846 36296
36293 27384 60891 6263 36297
36293 24901 53833 4020 36297
36293 22037 68247 7813 36297
36293 18660 63722 2622 36297
36293 33226 49886 5467 36297
36293 13121 67401 4753 36297
36293 13196 76765 198 36297
36293 20408 69292 7939 36297
36293 34035 53961 2552 36297
36293 18721 66724 4356 36297
36293 24795 45535 8649 36297
36293 13660 50837 6980 36297
36293 34712 56225 8049 36297
36293 35657 75989 384 36297
36293 28947 77409 7713 36297
36293 28693 76319 5325 36297
36293 10397 57282 4969 36297
36293 10596 46916 8309 36297
36293 12121 71726 8730 36297
36293 23855 71613 4209 36297
36293 34796 76376 8141 36297
36293 17333 61406 295 36297
36293 27292 47199 3481 36297
36293 26771 59471 6280 36297
36293 14567 55018 3340 36297
36293 13815 54274 6569 36297
36293 18712 62921 4278 36297
36293 18687 61329 3846 36296
36293 30649 77167 6838 36297
36293 33157 69729 4486 36297
36293 12305 74568 3718 36297
36293 21388 75708 8045 36297
36293 25065 76579 5872 36297
36293 10214 47302 7697 36297
36293 18687 67981 3846 36296
36293 36231 56430 161 36297
36293 9984 54462 6369 36297
36293 18687 72775 3846 36296
36293 30086 53712 3382 36297
36293 34072 59512 440 36297
36293 30337 47581 6734 36297
36293 14121 48768 5231 36297
36293 14461 51574 2854 36297
36293 15718 47364 5059 36297
36293 10236 46727 7329 36297
36293 28985 66739 4390 36297
36293 20156 48486 874 36297
36293 18687 71902 3846 36296
36293 35364 57682 4107 36297
36293 30724 69258 1941 36297
36293 10765 61484 9071 36297
36293 31135 57214 934 36297
36293 33718 70268 9232 36297
36293 28006 53936 3415 36297
36293 18687 60578 3846 36296
36293 18687 68798 3846 36296
36293 17086 58712 7930 36297
36293 23568 61461 8342 36297
36293 26082 53773 4022 36297
36293 16826 71523 2881 36297
36293 26430 56927 1348 36297
36293 18687 65191 3846 36296
36293 13180 54601 1620 36297
36293 14596 75074 3572 36297
36293 18687 56548 3846 36296
36293 25419 48424 4400 36297
36293 31637 57081 7384 36297
36293 27495 60788 649 36297
36293 33668 56453 8075 36297
36293 32704 68787 781 36297
36293 23028 57308 2595 36297
36293 11264 45904 4802 36297
36293 32611 77126 9314 36297
36293 12777 57582 2370 36297
36293 31045 72649 8412 36297
36293 20908 53831 7976 36297
36293 20719 49578 7892 36297
36293 19161 69287 6529 36297
36293 32424 55421 3689 36297
36293 28838 50195 1938 36297
36293 18620 75615 158 36297
36293 34965 74342 25 36297
36293 35497 77176 3096 36297
36293 25978 62599 4008 36297
36293 10761 60830 8873 36297
36293 33276 70844 2965 36297
36293 10268 49024 9569 36297
36293 14626 77177 9142 36297
36293 19094 65365 7616 36297
36293 18361 77366 4265 36297
36293 24856 55803 2674 36297
36293 29966 58487 5178 36297
36293 10448 61569 7732 36297
36293 10014 62383 4764 36297
36293 17812 68314 8039 36297
36293 25517 69900 3786 36297
36293 14438 74742 7264 36297
36293 34463 46363 7904 36297
36293 34783 51373 9661 36297
36293 34349 63198 9145 36297
36293 31499 62808 4735 36297
36293 19826 75122 9491 36297
36293 10400 50537 2127 36297
36293 11268 57399 3537 36297
36293 18687 56743 3846 36296
36293 30921 55652 5231 36297
36293 21906 53753 2620 36297
36293 34280 76756 4894 36297
36293 25176 56781 2695 36297
36293 24061 62607 5176 36297
36293 19017 56837 773 36297
36293 17950 49502 3767 36297
36293 15902 54316 164 36297
36293 21685 55538 3785 36297
36293 21993 50768 1128 36297
36293 12379 75507 9324 36297
36293 17887 65104 2865 36297
36293 10736 65248 4917 36297
36293 34277 68618 3597 36297
36293 23491 66719 1476 36297
36293 33603 70908 3725 36297
36293 21553 50251 8370 36297
36293 14920 63112 50 36297
36293 25465 74510 5486 36297
36293 17743 45534 7040 36297
36293 33789 57198 4195 36297
36293 32863 63274 6376 36297
36293 18687 65514 3846 36296
36293 22212 49006 3292 36297
36293 28072 62500 2796 36297
36293 18687 56334 3846 36296
36293 27791 65702 5652 36297
36293 14997 54947 3876 36297
36293 13481 62823 6224 36297
36293 28793 51452 3589 36297
36293 25536 55885 2715 36297
36293 18687 69260 3846 36296
36293 26653 46535 585 36297
36293 14815 63339 5456 36297
36293 19284 69147 9658 36297
36293 32689 74808 5767 36297
36293 18225 63998 9450 36297
36293 29860 77302 4896 36297
36293 34859 49495 8780 36297
36293 24402 51711 6301 36297
36293 30737 66313 9194 36297
36293 26867 67873 262 36297
36293 29580 50244 383 36297
36293 32397 50404 8820 36297
36293 18651 61122 8455 36297
36293 24599 68217 7964 36297
36293 34106 77576 868 36297
36293 11551 60862 530 36297
36293 18687 59045 3846 36296
36293 20164 73459 484 36297
36293 33735 74126 2850 36297
36293 24825 76826 6046 36297
36293 9994 59895 701 36297
36293 31485 47948 5744 36297
36293 21964 45877 1199 36297
36293 20939 53855 1513 36297
36293 34801 63106 9676 36297
36293 25225 55518 9684 36297
36293 18687 62918 3846 36296
36293 16306 69219 1144 36297
36293 26588 53286 7936 36297
36293 9967 57480 9494 36297
36293 28253 71372 9321 36297
36293 17504 70170 8608 36297
36293 31417 63191 6639 36297
36293 18687 58907 3846 36296
36293 35704 46172 4432 36297
36293 22451 49809 658 36297
36293 33956 75661 7413 36297
36293 16710 73126 4022 36297
36293 21960 74818 1824 36297
36293 33293 71813 2128 36297
36293 34095 56268 2262 36297
36293 36176 76165 407 36297
36293 18687 61834 3846 36296
36293 22208 45650 4910 36297
36293 19227 76166 4580 36297
36293 18687 73418 3846 36296
36293 14671 50595 8995 36297
36293 29098 51183 4589 36297
36293 15574 71721 8058 36297
36293 31545 54157 7639 36297
36293 18687 56680 3846 36296
36293 18687 56959 3846 36296
36293 19371 51548 2730 36297
36293 34647 67722 364 36297
36293 25321 56819 6677 36297
36293 29282 60063 549 36297
36293 19659 70123 7992 36297
36293 13808 72363 5475 36297
36293 18687 64783 3846 36296
36293 27433 56409 323 36297
36293 21847 77935 2619 36297
36293 34814 69946 4330 36297
36293 15518 65404 8893 36297
36293 31915 57258 3569 36297
36293 18687 64934 3846 36296
36293 18687 56097 3846 36296
36293 35499 67816 5676 36297
36293 12455 49344 528 36297
36293 29732 74664 536 36297
36293 19167 55963 9056 36297
36293 31192 66693 4695 36297
36293 18260 50346 2594 36297
36293 16026 70171 6125 36297
36293 26992 46819 6954 36297
36293 18687 60274 3846 36296
36293 27743 46494 1743 36297
36293 18687 71637 3846 36296
36293 31240 64440 8983 36297
36293 11031 54089 757 36297
36293 15218 60822 7047 36297
36293 18687 64542 3846 36296
36293 18687 72063 3846 36296
36293 33455 49871 1049 36297
36293 18687 73282 3846 36296
36293 18687 59962 3846 36296
36293 10031 61394 2162 36297
36293 25931 63833 6636 36297
36293 18687 68035 3846 36296
36293 18687 57865 3846 36296
36293 18687 55993 3846 36296
36293 24669 55880 751 36297
36293 25122 46952 4271 36297
36293 34532 57030 5146 36297
36293 29389 67209 3295 36297
36293 23763 56803 3346 36297
36293 15490 54733 6887 36297
36293 16247 60150 2029 36297
36293 12742 59500 3125 36297
36293 29218 57235 560 36297
36293 24419 47253 2320 36297
36293 26697 45761 5133 36297
36293 26815 75971 1226 36297
36293 15819 74620 5684 36297
36293 16119 76907 3183 36297
36293 11067 51403 2990 36297
36293 15106 65400 6878 36297
36293 18687 61329 3846 36296
36293 23331 47275 8577 36297
36293 10751 61949 5123 36297
36293 28517 71024 7875 36297
36293 18132 58448 4869 36297
36293 36223 60762 9625 36297
36293 18687 67981 3846 36296
36293 17922 73133 5820 36297
36293 28281 48902 5210 36297
36293 18687 72775 3846 36297
36293 29907 68096 62 36297
36293 35558 58971 5111 36297
36293 29275 49222 4258 36297
36293 16157 48207 7610 36297
36293 31819 62964 7264 36297
36293 20503 71925 1947 36297
36293 31789 51993 2670 36297
36293 25365 65814 5593 36297
36293 23149 46109 7287 36297
36293 10243 66571 5476 36297
36293 18593 76405 4213 36297
36293 20361 74223 5407 36297
36293 33314 65451 7698 36297
36293 14583 47307 4852 36297
36293 27739 55222 3591 36297
36293 13750 67791 4918 36297
36293 34284 46832 9013 36297
36293 20562 77400 9122 36297
36293 33496 55334 8169 36297
36293 27876 71676 909 36297
36293 22697 57766 4253 36297
36293 18687 71902 3846 36296
36293 14079 60610 6516 36297
36293 18944 49617 203 36297
36293 32661 56819 6541 36297
36293 12430 67888 9362 36297
36293 18687 60578 3846 36296
36293 32360 45920 8358 36297
36293 10994 61305 7049 36297
36293 30552 67056 2268 36297
36293 14285 48995 8344 36297
36293 14252 69687 2000 36297
36293 20394 62693 8171 36297
36293 18687 65191 3846 36296
36293 18687 56548 3846 36296
36293 17933 66028 6382 36297
36293 21376 77346 8204 36297
36293 16568 51088 797 36297
36293 14671 76008 3895 36297
36293 13602 52819 146 36297
36293 18149 76673 8253 36297
36293 32246 69982 5571 36297
36293 11976 57363 971 36297
36293 24325 61038 6384 36297
36293 32932 57923 6890 36297
36293 31402 52120 8049 36297
36293 26431 72198 3358 36297
36293 17220 56437 5435 36297
36293 20240 57488 9033 36297
36293 16001 50545 9461 36297
36293 25752 51907 6250 36297
36293 14260 67975 94 36297
36293 18379 55971 4673 36297
36293 21588 58559 7331 36297
36293 20849 76296 4747 36297
36293 26618 51126 1105 36297
36293 14487 59588 4790 36297
36293 33298 65444 1777 36297
36293 35102 51971 6357 36297
36293 33378 49316 200 36297
36293 9921 52075 1528 36297
36293 22375 69592 2487 36297
36293 27905 50622 2223 36297
36293 15720 46517 7414 36297
36293 18687 56743 3846 36296
36293 22273 75949 5484 36297
36293 35054 69855 5703 36297
36293 20332 47993 1330 36297
36293 11207 49922 7020 36297
36293 22297 77446 2629 36297
36293 21007 66234 7374 36297
36293 13691 71183 4996 36297
36293 24332 61731 8669 36297
36293 30773 60689 176 36297
36293 29269 63658 8750 36297
36293 17226 54141 7754 36297
36293 35423 70777 14 36297
36293 34789 76873 8493 36297
36293 12120 57257 7453 36297
36293 19820 61385 5978 36297
36293 33967 56632 5495 36297
36293 18687 65514 3846 36296
36293 22146 71235 3027 36297
36293 18687 56334 3846 36296
36293 36044 53890 3268 36297
36293 18687 69260 3846 36296
36293 29305 74805 175 36297
36293 15229 49649 5306 36297
36293 18870 50681 1516 36297
36293 22808 46852 5648 36297
36293 30009 65150 6856 36297
36293 22441 59677 164 36297
36293 31670 76177 5495 36297
36293 11279 50015 2895 36297
36293 13099 61526 5031 36297
36293 27826 67654 4502 36297
36293 16253 48057 2335 36297
36293 17588 62222 3077 36297
36293 12567 46602 1504 36297
36293 30144 55484 8220 36297
36293 13733 47517 2157 36297
36293 33131 67215 8569 36297
36293 33700 69510 7838 36297
36293 9839 54498 1690 36297
36293 10408 69573 944 36297
36293 26341 60642 1011 36297
36293 11344 67689 7243 36297
36293 18687 59045 3846 36296
36293 30616 61514 4458 36297
36293 14459 54250 4070 36297
36293 21038 47748 6728 36297
36293 23626 67368 3515 36297
36293 30523 74094 8885 36297
36293 24569 52121 2919 36297
36293 10264 59102 1920 36297
36293 27999 46411 6452 36297
36293 18687 62918 3846 36296
36293 28377 58266 8060 36297
36293 25216 69428 5876 36297
36293 25362 78044 3235 36297
36293 13880 77563 5529 36297
36293 24688 60151 1002 36297
36293 18390 50077 5206 36297
36293 14907 67021 6022 36297
36293 18687 58907 3846 36296
36293 22358 66146 4660 36297
36293 33943 60918 44 36297
36293 20590 49080 7950 36297
36293 27594 48656 3126 36297
36293 23006 73336 9666 36297
36293 23757 66159 8657 36297
36293 26100 50647 1197 36297
36293 18687 61834 3846 36296
36293 15592 77979 5213 36297
36293 18687 73418 3846 36296
36293 21778 77437 2495 36297
36293 17685 64811 4942 36297
36293 15844 73714 4905 36297
36293 17917 63335 756 36297
36293 25313 75398 7920 36297
36293 20911 50048 2766 36297
36293 9779 72524 2414 36297
36293 18687 56680 3846 36296
36293 18687 56959 3846 36296
36293 26146 63530 1814 36297
36293 21993 76234 5042 36297
36293 28750 67951 4852 36297
36293 22337 45518 4310 36297
36293 23906 55427 410 36297
36293 30985 55490 6651 36297
36293 28667 45097 197 36297
36293 18687 64783 3846 36296
36293 10308 57622 5405 36297
36293 14178 55518 3294 36297
36293 35565 56348 6179 36297
36293 11010 76636 1319 36297
36293 18687 64934 3846 36296
36293 18687 56097 3846 36296
36293 29634 66369 6461 36297
36293 15389 57338 961 36297
36293 11732 52215 831 36297
36293 11727 76764 9200 36297
36293 13089 72154 4725 36297
36293 28650 67476 6296 36297
36293 33680 57002 5383 36297
36293 20700 46927 1800 36297
36293 19044 46382 7634 36297
36293 18161 67671 442 36297
36293 18687 60274 3846 36296
36293 10161 59598 4390 36297
36293 25920 73312 314 36297
36293 18687 71637 3846 36296
36293 20644 45662 4396 36297
36293 19043 52916 6967 36297
36293 31713 54238 724 36297
36293 15960 56242 1182 36297
36293 14120 68880 9255 36297
36293 18687 72063 3846 36296
36293 24521 73682 7395 36297
36293 14144 76555 6482 36297
36293 18687 73282 3846 36296
36293 18687 59962 3846 36296
36293 17510 56348 4966 36297
36293 18687 68035 3846 36296
36293 18687 57865 3846 36296
36293 18687 55993 3846 36296
36293 16758 67684 6600 36297
36293 13459 56645 1145 36297
36293 17622 58285 4045 36297
36293 31056 64430 1375 36297
36293 24572 68351 7090 36297
36293 16607 57586 6031 36297
36293 26964 64783 3163 36297
36293 35604 64194 834 36297
36293 14706 47526 649 36297
36293 15596 75123 4755 36297
36293 35902 68007 6991 36297
36293 15622 74905 3751 36297
36293 30965 78185 4276 36297
36293 28671 54084 1537 36297
36293 14472 73109 7847 36297
36293 22772 56355 2762 36297
36293 18687 61329 3846 36296
36293 30668 49201 657 36297
36293 13439 56407 9276 36297
36293 16530 69417 6768 36297
36293 18687 67981 3846 36296
36293 22885 71779 1436 36297
36293 23839 60406 3685 36297
36293 18687 72775 3846 36296
36293 12383 75774 6556 36297
36293 14470 53847 3224 36297
36293 22511 69306 3798 36297
36293 34207 55161 2665 36297
36293 22756 51029 9246 36297
36293 36263 45849 8971 36297
36293 28551 75633 8710 36297
36293 11836 73194 6135 36297
36293 9868 62967 981 36297
36293 32130 50667 7258 36297
36293 15403 57537 2618 36297
36293 18307 46583 3368 36297
36293 11483 54308 7926 36297
36293 10319 49254 3347 36297
36293 28085 76142 904 36297
36293 17647 78155 275 36297
36293 30281 71823 3731 36297
36293 18687 71902 3846 36296
36293 25232 57226 2275 36297
36293 12453 49468 9241 36297
36293 18687 60578 3846 36296
36293 10248 47922 3830 36297
36293 21457 51240 4924 36297
36293 30755 77997 3910 36297
36293 9900 45592 5229 36297
36293 34495 47537 5473 36297
36293 18687 65191 3846 36296
36293 14652 57836 3048 36297
36293 20506 57254 2109 36297
36293 25527 60500 9071 36297
36293 24173 57907 3233 36297
36293 18687 56548 3846 36296
36293 9810 45751 5645 36297
36293 22668 75746 7713 36297
36293 10473 61353 8623 36297
36293 12409 74244 2236 36297
36293 16875 46056 1680 36297
36293 17594 65875 8018 36297
36293 31815 70600 8835 36297
36293 10886 75409 2930 36297
36293 18331 55835 5359 36297
36293 33134 62296 4549 36297
36293 34746 48498 195 36297
36293 17034 54830 377 36297
36293 26263 50835 9601 36297
36293 26953 59142 9090 36297
36293 27243 65480 1195 36297
36293 33883 51206 5277 36297
36293 35303 63715 6601 36297
36293 16379 77451 9574 36297
36293 17642 53168 6166 36297
36293 11581 57921 2610 36297
36293 31827 50088 9694 36297
36293 15560 59369 9607 36297
36293 30334 62519 1425 36297
36293 29573 55491 1847 36297
36293 11149 57987 6070 36297
36293 13183 45524 3867 36297
36293 21436 57811 3577 36297
36293 33872 76882 7316 36297
36293 27081 67211 2016 36297
36293 18931 59073 1772 36297
36293 10570 54928 7387 36297
36293 34006 57089 8762 36297
36293 17007 53606 5244 36297
36293 32324 74637 6612 36297
36293 12373 53829 7804 36297
36293 36233 72351 4353 36297
36293 26031 55014 1980 36297
36293 15842 56072 2603 36297
36293 18316 55356 6788 36297
36293 34839 50474 4318 36297
36293 21743 48045 8019 36297
36293 19306 74382 5345 36297
36293 28378 71490 2918 36297
36293 26305 45430 7756 36297
36293 12948 77609 301 36297
36293 11194 50616 7906 36297
36293 33633 60868 9662 36297
36293 31233 72971 319 36297
36293 35724 54123 5764 36297
36293 24473 57775 6637 36297
36293 16757 46253 7387 36297
36293 32830 77310 5250 36297
36293 18687 56743 3846 36296
36293 27540 74879 8356 36297
36293 18468 60867 6294 36297
36293 13212 49899 912 36297
36293 23770 72005 8553 36297
36293 25885 70009 1851 36297
36293 26179 47260 552 36297
36293 20025 61926 8113 36297
36293 19290 49602 7203 36297
36293 29983 46175 4024 36297
36293 26774 75821 9425 36297
36293 36042 62727 7401 36297
36293 12710 70956 7061 36297
36293 31941 78008 7900 36297
36293 24301 52269 1461 36297
36293 36077 57343 4952 36297
36293 13226 60386 8188 36297
36293 34525 63859 256 36297
36293 30140 69597 4632 36297
36293 11775 55767 8588 36297
36293 23186 45125 700 36297
36293 10479 62707 3907 36297
36293 23423 73839 5918 36297
36293 24969 66891 7292 36297
36293 18431 52422 1212 36297
36293 14954 55343 2946 36297
36293 18687 65514 3846 36296
36293 12387 70383 8030 36297
36293 18687 56334 3846 36296
36293 35079 69755 9656 36297
36293 31522 45742 1221 36297
36293 12473 60732 7205 36297
36293 18687 69260 3846 36296
36293 34149 65309 8988 36297
36293 22088 61820 2088 36297
36293 25124 62714 583 36297
36293 24250 52330 1789 36297
36293 22080 54491 3577 36297
36293 24368 53102 6279 36297
36293 21334 77955 7487 36297
36293 18061 60981 7839 36297
36293 13327 53994 895 36297
36293 30530 50755 848 36297
36293 18642 71567 636 36297
36293 17271 62189 3367 36297
36293 20071 53335 8147 36297
36293 33478 76532 379 36297
36293 31252 58591 1009 36297
36293 30379 66544 4647 36297
36293 32253 74177 811 36297
36293 22226 57340 1816 36297
36293 29792 62689 7171 36297
36293 24551 50527 7207 36297
36293 23705 51624 1940 36297
36293 10875 72624 1993 36297
36293 13634 74814 7832 36297
36293 17333 68402 2806 36297
36293 15775 51994 7809 36297
36293 11197 52997 3441 36297
36293 35872 51598 7533 36297
36293 27593 48626 4412 36297
36293 13034 53650 5120 36297
36293 11515 51225 5653 36297
36293 18687 62918 3846 36296
36293 19035 55895 5539 36297
36293 22298 65717 3741 36297
36293 18687 58907 3846 36296
36293 36156 75249 1867 36297
36293 15492 76517 6866 36297
36293 26053 61711 8137 36297
36293 30263 66698 1222 36297
36293 11824 46112 381 36297
36293 21046 63410 5814 36297
36293 22916 73752 6928 36297
36293 20755 48461 5953 36297
36293 34743 52638 971 36297
36293 27521 60368 3882 36297
36293 25523 66044 4365 36297
36293 18687 61834 3846 36296
36293 22581 47424 5077 36297
36293 18687 73418 3846 36296
36293 30295 64044 7078 36297
36293 31093 72858 8781 36297
36293 34626 76389 2674 36297
36293 19753 73039 611 36297
36293 35512 74100 3402 36297
36293 14415 73301 1915 36297
36293 33310 53439 4477 36297
36293 23467 51062 427 36297
36293 18687 56680 3846 36296
36293 13061 58679 174 36297
36293 18687 56959 3846 36296
36293 10425 63204 8681 36297
36293 33147 60229 5345 36297
36293 31863 73172 6916 36297
36293 19609 51765 6017 36297
36293 31071 57124 8049 36297
36293 23186 55554 5071 36297
36293 15674 52446 2087 36297
36293 11369 73742 752 36297
36293 18687 64783 3846 36296
36293 19728 51458 6738 36297
36293 34432 55074 7077 36297
36293 16754 75322 968 36297
36293 23973 70956 8593 36297
36293 20633 77255 5545 36297
36293 10120 50938 5092 36297
36293 25747 73380 463 36297
36293 18687 64934 3846 36296
36293 18687 56097 3846 36296
36293 16262 48474 7528 36297
36293 14664 76999 2498 36297
36293 18142 67139 1369 36297
36293 22306 51132 6026 36297
36293 20132 71878 4294 36297
36293 20421 57979 7629 36297
36293 22458 73460 225 36297
36293 26438 60752 3897 36297
36293 26276 72703 7849 36297
36293 18687 60274 3846 36296
36293 15817 71765 9523 36297
36293 31864 49101 8760 36297
36293 29295 68841 5121 36297
36293 18687 71637 3846 36296
36293 35006 49077 2493 36297
36293 18906 67454 5515 36297
36293 12365 77644 9228 36297
36293 24897 51499 609 36297
36293 30962 75059 2904 36297
36293 18687 72063 3846 36296
36293 18687 73282 3846 36296
36293 18687 59962 3846 36296
36293 35585 78189 7395 36297
36293 36025 75086 810 36297
36293 22720 62913 1959 36297
36293 18687 68035 3846 36296
36293 18687 57865 3846 36296
36293 18687 55993 3846 36296
36293 33465 68776 9146 36297
36293 35289 71230 672 36297
36293 10428 77612 2751 36297
36293 17802 61285 3735 36297
36293 20654 66332 8198 36297
36293 16036 76906 7417 36297
36293 13236 61794 8621 36297
36293 13699 58735 5961 36297
36293 36050 45071 8435 36297
36293 33686 54980 7209 36297
36293 13035 77526 64 36297
36293 31703 76888 3236 36297
36293 19801 61687 6867 36297
36293 36276 48736 7582 36297
36293 20106 51510 3321 36297
36293 13897 64707 5340 36297
36293 18687 61329 3846 36296
36293 14265 66593 5742 36297
36293 14758 65005 3047 36297
36293 25545 62108 8344 36297
36293 20579 51598 5682 36297
36293 18687 67981 3846 36296
36293 11180 76869 4693 36297
36293 19137 75248 1210 36297
36293 25078 63695 8908 36297
36293 12136 73346 385 36297
36293 18687 72775 3846 36296
36293 36228 62973 1 36297
36293 10342 60992 5603 36297
36293 19706 73886 6339 36297
36293 13556 66310 4716 36297
36293 18239 51722 1129 36297
36293 29068 73218 9585 36297
36293 32240 61593 424 36297
36293 10823 54078 1446 36297
36293 22082 74641 618 36297
36293 10268 68004 9429 36297
36293 20852 75973 1738 36297
36293 24940 51169 5867 36297
36293 14909 49069 8866 36297
36293 26237 66503 159 36297
36293 19993 63989 9574 36297
36293 12829 62679 2204 36297
36293 23694 57146 5844 36297
36293 34635 76603 6122 36297
36293 33744 58095 1031 36297
36293 9922 55795 1206 36297
36293 19270 67016 7109 36297
36293 18687 71902 3846 36296
36293 30751 66781 2986 36297
36293 24995 50326 4643 36297
36293 21990 65978 1534 36297
36293 18687 60578 3846 36296
36293 9831 74424 956 36297
36293 14379 52886 4325 36297
36293 23769 54047 8660 36297
36293 10114 46939 5547 36297
36293 34736 45896 7655 36297
36293 13387 60586 3340 36297
36293 9930 69265 7060 36297
36293 18687 65191 3846 36296
36293 25245 67173 4563 36297
36293 10637 71914 6480 36297
36293 27844 55845 8458 36297
36293 18687 56548 3846 36296
36293 35378 66908 7334 36297
36293 27543 61107 4348 36297
36293 23802 77384 1699 36297
36293 20865 58859 6473 36297
36293 31749 54308 7894 36297
36293 11757 77008 4129 36297
36293 20130 45578 1731 36297
36293 11001 68198 6979 36297
36293 30306 64079 5354 36297
36293 23567 76930 7692 36297
36293 28298 72929 4528 36297
36293 35653 50346 942 36297
36293 11122 56187 3953 36297
36293 34487 62747 2665 36297
36293 32380 59580 6613 36297
36293 35568 48748 5419 36297
36293 12711 49624 4001 36297
36293 20030 46672 8791 36297
36293 27613 58465 6654 36297
36293 33786 75794 5645 36297
36293 9918 57935 7916 36297
36293 23784 47519 8792 36297
36293 23333 54292 5035 36297
36293 10018 71668 3651 36297
36293 17168 77124 5958 36297
36293 24180 77481 5905 36297
36293 12154 48854 5256 36297
36293 13317 46528 3833 36297
36293 13068 47282 8855 36297
36293 29012 69025 8753 36297
36293 33738 48981 1898 36297
36293 19472 50542 3003 36297
36293 31908 65605 1853 36297
36293 18687 56743 3846 36296
36293 34241 65842 1827 36297
36293 30355 59107 5865 36297
36293 26515 46122 8917 36297
36293 24583 52716 2507 36297
36293 14597 48862 3221 36297
36293 28198 49671 4758 36297
36293 16845 66702 1029 36297
36293 33500 72768 1274 36297
36293 27309 65825 9284 36297
36293 18687 65514 3846 36296
36293 25718 49794 216 36297
36293 19994 66884 9304 36297
36293 18687 56334 3846 36296
36293 21541 74731 3002 36297
36293 26164 74323 1355 36297
36293 36084 65910 3511 36297
36293 26858 53533 6511 36297
36293 17735 75106 9681 36297
36293 20233 47756 2392 36297
36293 26041 49521 5838 36297
36293 18687 69260 3846 36296
36293 10540 60635 8056 36297
36293 32190 49950 4061 36297
36293 14846 77704 2890 36297
36293 11964 75255 1941 36297
36293 20775 62467 6835 36297
36293 28874 67031 2612 36297
36293 21506 53393 7849 36297
36293 19873 63839 6906 36297
36293 19097 63472 4294 36297
36293 19273 50348 8974 36297
36293 12736 48000 4102 36297
36293 32590 70364 2587 36297
36293 23171 68026 1092 36297
36293 28596 77122 53 36297
36293 31585 67967 3626 36297
36293 31115 50320 1050 36297
36293 19083 52739 8304 36297
36293 13937 54229 1340 36297
36293 23612 70169 6149 36297
36293 30682 71392 790 36297
36293 32163 75131 1770 36297
36293 16022 56707 2635 36297
36293 27247 53924 434 36297
36293 15751 64073 7637 36297
36293 35547 72513 7856 36297
36293 18687 59045 3846 36296
36293 14452 72481 2098 36297
36293 32933 59172 6802 36297
36293 15711 58490 108 36297
36293 21684 50699 9093 36297
36293 15269 65142 8278 36297
36293 18213 73214 1697 36297
36293 36143 65964 8998 36297
36293 29866 75131 8375 36297
36293 33574 63994 4174 36297
36293 22128 75406 5264 36297
36293 17272 52219 8062 36297
36293 18687 62918 3846 36296
36293 20972 76155 4770 36297
36293 31788 68060 9482 36297
36293 24684 52779 4234 36297
36293 15597 58670 4397 36297
36293 13907 61801 3502 36297
36293 27200 50844 2176 36297
36293 24718 65131 4826 36297
36293 14014 65026 9658 36297
36293 17928 55973 5052 36297
36293 12997 51787 9404 36297
36293 22307 75457 5879 36297
36293 29352 75038 8993 36297
36293 18157 65842 4401 36297
36293 32615 49867 5672 36297
36293 16575 72860 7500 36297
36293 26227 55459 4215 36297
36293 18687 61834 3846 36296
36293 24647 56286 7362 36297
36293 32734 50297 5641 36297
36293 14655 49386 9570 36297
36293 18687 73418 3846 36296
36293 32931 51346 7159 36297
36293 33206 53868 1323 36297
36293 36239 68576 7277 36297
36293 24468 56900 9295 36297
36293 14068 68289 5151 36297
36293 32920 53674 3022 36297
36293 18687 56680 3846 36296
36293 30583 76204 5003 36297
36293 21013 69875 7763 36297
36293 18687 56959 3846 36296
36293 22057 53560 8223 36297
36293 30509 49578 8979 36297
36293 34508 59032 2033 36297
36293 15795 62781 6228 36297
36293 19683 58201 3601 36297
36293 18687 64783 3846 36296
36293 34942 48877 6502 36297
36293 22024 62295 8583 36297
36293 15709 65865 7698 36297
36293 30851 51425 2250 36297
36293 18687 59401 3846 36296
36293 24756 54646 2717 36297
36293 20860 45283 7441 36297
36293 12878 78174 5031 36297
36293 32290 45294 3189 36297
36293 31917 70019 3261 36297
36293 33618 45574 2601 36297
36293 18687 56097 3846 36296
36293 18687 64934 3846 36296
36293 31617 53736 1733 36297
36293 18718 72526 512 36297
36293 16454 74423 527 36297
36293 23029 66078 8639 36297
36293 25537 66803 6626 36297
36293 9896 67172 4799 36297
36293 21459 45673 8458 36297
36293 35545 62545 5141 36297
36293 18345 59282 7069 36297
36293 28418 75067 6000 36297
36293 26904 75449 8341 36297
36293 18687 60274 3846 36296
36293 33326 73864 6113 36297
36293 18687 71637 3846 36296
36293 24558 60245 1805 36297
36293 26851 46000 4395 36297
36293 19283 65015 4947 36297
36293 20653 56875 5111 36297
36293 20528 62371 5756 36297
36293 11051 48539 6552 36297
36293 18687 64542 3846 36296
36293 14526 51721 2721 36297
36293 25058 48107 4869 36297
36293 35605 55269 8162 36297
36293 18687 72063 3846 36296
36293 20600 50100 7765 36297
36293 10552 55743 3377 36297
36293 32744 51556 7859 36297
36293 27060 48551 3745 36297
36293 18687 73282 3846 36296
36293 18687 59962 3846 36296
36293 27817 66621 483 36297
36293 11043 77714 919 36297
36293 14006 46450 4575 36297
36293 10202 67638 5259 36297
36293 18687 68035 3846 36296
36293 18687 57865 3846 36296
36293 18687 55993 3846 36296
36293 12010 57970 8004 36297
36293 14230 48824 7688 36297
36293 23730 54889 9306 36297
36293 13258 75153 3733 36297
36293 35847 52792 6974 36297
36293 20767 54162 6822 36297
36293 27762 71298 7248 36297
36293 25034 52165 8138 36297
36293 13860 55456 8498 36297
36293 13963 55453 1726 36297
36293 29234 74696 8533 36297
36293 18687 61329 3846 36296
36293 17538 48266 9321 36297
36293 26980 59245 7944 36297
36293 12683 48005 9083 36297
36293 29593 69186 6193 36297
36293 18687 67981 3846 36296
36293 30617 67642 8828 36297
36293 30906 47010 5460 36297
36293 23962 48983 6275 36297
36293 22532 62301 6249 36297
36293 31237 51272 644 36297
36293 32010 50182 1644 36297
36293 27919 66096 2870 36297
36293 31598 46645 1047 36297
36293 15635 78108 4617 36297
36293 29684 70768 9571 36297
36293 27996 50573 5551 36297
36293 18924 77934 3889 36297
36293 34607 64422 3319 36297
36293 35899 76636 9385 36297
36293 18687 56207 3846 36296
36293 10089 50227 5535 36297
36293 15336 62836 7382 36297
36293 24342 56217 8307 36297
36293 18687 71902 3846 36296
36293 23050 58316 2103 36297
36293 18687 60578 3846 36296
36293 18687 68798 3846 36296
36293 20302 77246 3587 36297
36293 10901 69584 226 36297
36293 20438 51296 7976 36297
36293 34028 50860 7722 36297
36293 14984 72388 1196 36297
36293 17624 67955 7948 36297
36293 26171 72248 5975 36297
36293 17782 55195 8031 36297
36293 13074 67322 6704 36297
36293 18687 65191 3846 36296
36293 25814 52657 9396 36297
36293 29458 55285 7306 36297
36293 23839 72232 9421 36297
36293 18687 56548 3846 36296
36293 24310 75950 6676 36297
36293 33849 57376 2493 36297
36293 30324 55086 6128 36297
36293 30767 56465 900 36297
36293 15437 61633 873 36297
36293 30122 58125 1460 36297
36293 35617 50170 9469 36297
36293 18253 50617 7923 36297
36293 27665 52986 3058 36297
36293 29613 65931 242 36297
36293 34487 60224 300 36297
36293 23447 50329 4553 36297
36293 20724 53252 2189 36297
36293 11937 72593 2844 36297
36293 31882 54957 3688 36297
36293 16392 46623 4851 36297
36293 27324 74454 2455 36297
36293 24449 66544 5009 36297
36293 12649 50038 8775 36297
36293 32511 48583 8475 36297
36293 24064 68851 30 36297
36293 31016 62436 8699 36297
36293 25351 53101 7363 36297
36293 15620 52428 9591 36297
36293 35658 46987 5606 36297
36293 10297 57122 6323 36297
36293 13759 65104 6160 36297
36293 28697 67502 5173 36297
36293 12624 58414 7098 36297
36293 27925 45677 269 36297
36293 25996 76748 421 36297
36293 14581 49996 863 36297
36293 22204 74929 1550 36297
36293 24535 48256 233 36297
36293 11506 68681 3535 36297
36293 16069 57494 3200 36297
36293 11512 53527 1424 36297
36293 12235 50815 46 36297
36293 19719 55062 4944 36297
36293 11760 67701 8506 36297
36293 18687 56743 3846 36296
36293 21604 68736 5163 36297
36293 20119 75201 471 36297
36293 22386 69687 2950 36297
36293 23628 55931 400 36297
36293 26760 69270 5224 36297
36293 31823 72232 4317 36297
36293 19281 53235 4749 36297
36293 16890 61384 4274 36297
36293 20884 56805 7642 36297
36293 34497 50018 9154 36297
36293 30279 56069 1471 36297
36293 20100 62850 3379 36297
36293 17579 48429 5491 36297
36293 29984 77915 363 36297
36293 18753 68352 5588 36297
36293 25907 46741 2569 36297
36293 21424 71666 9237 36297
36293 18880 61903 6892 36297
36293 26579 49719 9483 36297
36293 35464 59331 7776 36297
36293 13754 45389 3808 36297
36293 24830 47857 5063 36297
36293 26126 72145 6263 36297
36293 14434 57669 5745 36297
36293 32207 60031 460 36297
36293 18687 65514 3846 36297
36293 13554 58513 2834 36297
36293 26803 64273 1349 36297
36293 22692 62965 9168 36297
36293 24691 59838 5353 36297
36293 18687 56334 3846 36296
36293 30264 67082 3928 36297
36293 24843 47783 9159 36297
36293 10105 58972 6137 36297
36293 18699 56041 815 36297
36293 18687 69260 3846 36296
36293 26376 74198 9554 36297
36293 21838 49922 7211 36297
36293 27712 62928 4566 36297
36293 24958 50718 5351 36297
36293 24120 65368 9485 36297
36293 14989 58046 6086 36297
36293 28663 62740 6254 36297
36293 27959 67214 3709 36297
36293 34266 55860 6074 36297
36293 20688 76285 3895 36297
36293 12770 67575 4605 36297
36293 9883 56189 6636 36297
36293 21547 54153 9632 36297
36293 23733 71477 5707 36297
36293 12008 57757 6083 36297
36293 21006 53751 6017 36297
36293 18687 59045 3846 36296
36293 32156 46108 4160 36297
36293 10313 77470 1746 36297
36293 19367 53115 6228 36297
36293 19727 74337 2440 36297
36293 32385 47771 7906 36297
36293 20082 75708 7055 36297
36293 19128 53645 3236 36297
36293 22658 50727 5116 36297
36293 31397 56411 6495 36297
36293 15581 48360 4139 36297
36293 18687 62918 3846 36296
36293 20363 49291 7747 36297
36293 31881 73688 1796 36297
36293 25315 55480 7336 36297
36293 33543 47713 2278 36297
36293 11288 51585 1020 36297
36293 15915 45762 7976 36297
36293 18687 58907 3846 36296
36293 30629 74582 6396 36297
36293 29424 52199 965 36297
36293 10749 60545 8299 36297
36293 15807 60593 2115 36297
36293 23356 76494 8308 36297
36293 21794 53599 6686 36297
36293 29656 77865 20 36297
36293 18687 61834 3846 36297
36293 34278 62060 3828 36297
36293 18687 73418 3846 36296
36293 13938 45893 9198 36297
36293 28714 46932 2876 36297
36293 28100 74302 6935 36297
36293 28127 61948 5475 36297
36293 34082 65508 3782 36297
36293 18687 56680 3846 36296
36293 12281 49418 8979 36297
36293 18687 56959 3846 36296
36293 35567 52790 4403 36297
36293 11901 73141 6435 36297
36293 32586 55502 7407 36297
36293 18496 45225 526 36297
36293 36279 68955 8017 36297
36293 33390 76314 1668 36297
36293 18687 64783 3846 36296
36293 18687 59401 3846 36296
36293 30779 68129 5623 36297
36293 28794 51798 8158 36297
36293 34467 50873 4071 36297
36293 29930 62100 5814 36297
36293 18687 56097 3846 36296
36293 18687 64934 3846 36296
36293 25848 50707 9698 36297
36293 29640 71487 89 36297
36293 9710 64936 2923 36297
36293 26701 63982 4851 36297
36293 14999 61691 4130 36297
36293 17753 65623 425 36297
36293 12813 54247 5479 36297
36293 29401 57566 909 36297
36293 18687 60274 3846 36296
36293 32310 51691 1190 36297
36293 24066 46486 7659 36297
36293 23293 68204 7821 36297
36293 18687 71637 3846 36296
36293 11021 63794 5949 36297
36293 35930 64759 3358 36297
36293 29590 58968 7608 36297
36293 24386 71084 7667 36297
36293 31335 59803 5880 36297
36293 21855 51857 5379 36297
36293 18687 64542 3846 36296
36293 10586 52383 1817 36297
36293 10776 52727 7690 36297
36293 18687 72063 3846 36296
36293 15230 57957 9435 36297
36293 13396 71450 5892 36297
36293 18687 73282 3846 36296
36293 18687 59962 3846 36296
36293 31918 62864 506 36297
36293 15424 54398 1586 36297
36293 18687 68035 3846 36296
36293 18687 57865 3846 36296
36293 18687 55993 3846 36296
36293 25029 55727 1146 36297
36293 28313 67126 8564 36297
36293 28610 61434 8236 36297
36293 18326 55219 8159 36297
36293 10122 62164 5180 36297
36293 25443 61901 6455 36297
36293 23457 64490 894 36297
36293 35138 66772 8855 36297
36293 14534 55672 4493 36297
36293 17571 60754 4455 36297
36293 15306 55574 9688 36297
36293 16292 64175 6457 36297
36293 33679 63216 7835 36297
36293 16520 46959 7352 36297
36293 23208 50951 3342 36297
36293 16142 53031 2050 36297
36293 32973 75246 2563 36297
36293 12762 49693 4808 36297
36293 21589 51794 1929 36297
36293 12516 68910 7502 36297
36293 14859 71623 7966 36297
36293 20825 53412 2437 36297
36293 18687 61329 3846 36296
36293 10453 76950 1762 36297
36293 11364 47502 1445 36297
36293 22064 47140 5942 36297
36293 15164 74472 3701 36297
36293 18687 67981 3846 36296
36293 13426 46698 3211 36297
36293 18687 72775 3846 36296
36293 20396 50743 3449 36297
36293 33339 48195 588 36297
36293 31416 61398 3050 36297
36293 23884 74552 7026 36297
36293 31265 64576 3169 36297
36293 33709 66887 9470 36297
36293 14834 75991 260 36297
36293 23994 74437 9416 36297
36293 17367 77485 626 36297
36293 10959 56729 4181 36297
36293 18687 56207 3846 36296
36293 13938 50598 5308 36297
36293 13734 68605 8068 36297
36293 17797 72912 3824 36297
36293 9714 76134 6801 36297
36293 24900 66656 4079 36297
36293 34640 74527 2734 36297
36293 35990 49081 9281 36297
36293 30019 60324 6533 36297
36293 18687 60578 3846 36296
36293 25365 68689 5566 36297
36293 18687 68798 3846 36296
36293 27349 75739 6648 36297
36293 19876 50231 2507 36297
36293 22997 68609 4595 36297
36293 22949 65045 5522 36297
36293 18687 65191 3846 36296
36293 33084 59460 3872 36297
36293 18687 56548 3846 36296
36293 17082 67804 6920 36297
36293 13823 47609 4142 36297
36293 27275 46100 354 36297
36293 17623 49485 6644 36297
36293 19696 61014 4123 36297
36293 13731 71329 1540 36297
36293 17727 64616 8186 36297
36293 33974 68580 9435 36297
36293 19553 58375 1381 36297
36293 28943 70447 6191 36297
36293 27728 67049 1683 36297
36293 10810 52809 1309 36297
36293 17485 62194 3712 36297
36293 15335 66226 7601 36297
36293 18449 64483 5515 36297
36293 19411 51083 9119 36297
36293 30769 77509 2253 36297
36293 15119 48198 4297 36297
36293 19404 53857 857 36297
36293 24410 58168 3284 36297
36293 19269 74309 7578 36297
36293 32511 47501 1908 36297
36293 29918 45539 4682 36297
36293 14164 56697 6376 36297
36293 30958 47140 4807 36297
36293 35158 49983 9011 36297
36293 36023 77271 3591 36297
36293 22029 48787 2899 36297
36293 28374 56566 1424 36297
36293 18070 69538 9000 36297
36293 28527 70865 3547 36297
36293 29732 52160 4261 36297
36293 33622 50061 5037 36297
36293 25710 70880 1698 36297
36293 15020 52980 1364 36297
36293 17427 60793 2352 36297
36293 10150 65064 1923 36297
36293 26832 54811 5581 36297
36293 20033 49453 3062 36297
36293 31955 62243 3662 36297
36293 12549 53592 5229 36297
36293 15769 59185 9158 36297
36293 23550 72770 2054 36297
36293 12976 76380 3764 36297
36293 23151 72242 4775 36297
36293 29144 51285 551 36297
36293 11074 77081 7669 36297
36293 18687 56743 3846 36296
36293 25951 52084 8826 36297
36293 34193 77694 2205 36297
36293 20960 72798 9573 36297
36293 14135 73051 541 36297
36293 22572 48601 9117 36297
36293 22591 71305 4597 36297
36293 15590 73328 244 36297
36293 19606 53280 5302 36297
36293 31390 52095 9283 36297
36293 34083 46824 9457 36297
36293 29025 52893 3487 36297
36293 20625 53981 7195 36297
36293 36252 64152 547 36297
36293 15241 48012 9275 36297
36293 17113 70675 234 36297
36293 30256 59184 7725 36297
36293 18069 52642 1558 36297
36293 18687 65514 3846 36296
36293 19989 51632 2656 36297
36293 18687 56334 3846 36296
36293 29582 60750 1379 36297
36293 33900 47903 8984 36297
36293 30157 48163 6667 36297
36293 15788 51424 2586 36297
36293 18687 69260 3846 36296
36293 15835 51961 4500 36297
36293 24071 56979 4541 36297
36293 21674 47293 72 36297
36293 18939 70886 2174 36297
36293 34029 60632 9298 36297
36293 19056 63029 6078 36297
36293 15020 45882 2087 36297
36293 17269 47063 3284 36297
36293 26669 48920 9548 36297
36293 18318 55288 5471 36297
36293 23075 50482 1152 36297
36293 26471 64225 883 36297
36293 18763 74280 177 36297
36293 35898 77977 3447 36297
36293 15070 74982 4193 36297
36293 18687 59045 3846 36296
36293 18783 64022 8117 36297
36293 31446 69557 8378 36297
36293 34222 74114 4510 36297
36293 32823 68530 4563 36297
36293 33343 58893 3156 36297
36293 18424 77586 6199 36297
36293 10215 77537 7073 36297
36293 33345 51637 4455 36297
36293 24807 72495 9431 36297
36293 34547 68383 4500 36297
36293 22823 69910 2214 36297
36293 18687 62918 3846 36296
36293 33042 67761 7767 36297
36293 36166 72425 4186 36297
36293 18498 58666 4092 36297
36293 21110 47814 1924 36297
36293 10974 64944 6639 36297
36293 12125 64206 9217 36297
36293 34406 61845 4183 36297
36293 18687 58907 3846 36296
36293 33016 50668 7385 36297
36293 16525 55050 3646 36297
36293 18376 74077 2059 36297
36293 9990 63224 4348 36297
36293 15760 64029 3085 36297
36293 14802 47432 3120 36297
36293 27366 63677 1008 36297
36293 29332 71630 1490 36297
36293 22554 76232 5488 36297
36293 16319 67252 8229 36297
36293 10275 48762 4806 36297
36293 18687 61834 3846 36296
36293 31641 64142 7868 36297
36293 25643 52034 6257 36297
36293 18687 73418 3846 36296
36293 18899 58559 3204 36297
36293 22970 52402 9031 36297
36293 14491 50166 763 36297
36293 31002 58961 7014 36297
36293 11176 77791 7398 36297
36293 21889 52481 2324 36297
36293 24836 45194 9366 36297
36293 18687 56680 3846 36296
36293 18687 56959 3846 36296
36293 18172 72283 650 36297
36293 18687 64783 3846 36296
36293 18687 59401 3846 36296
36293 32597 47926 3897 36297
36293 30057 55293 4003 36297
36293 34053 61174 9227 36297
36293 24128 76219 8375 36297
36293 28948 58021 5321 36297
36293 20304 49227 8310 36297
36293 15115 75178 7613 36297
36293 21269 47351 659 36297
36293 20861 56357 2164 36297
36293 15491 60680 100 36297
36293 33803 60232 1277 36297
36293 18687 56097 3846 36296
36293 18687 64934 3846 36296
36293 28853 73008 6156 36297
36293 29339 49482 3938 36297
36293 19920 50776 4829 36297
36293 10909 48512 2574 36297
36293 15774 56337 8156 36297
36293 11629 49295 2646 36297
36293 32514 78124 2817 36297
36293 11295 72191 6533 36297
36293 28069 54260 2052 36297
36293 23220 77805 4142 36297
36293 18687 60274 3846 36296
36293 18687 71637 3846 36296
36293 18929 47523 5352 36297
36293 13484 72761 1530 36297
36293 22206 70682 4372 36297
36293 18687 64542 3846 36296
36293 34978 49479 8823 36297
36293 15418 65663 3927 36297
36293 17801 47367 5578 36297
36293 18687 72063 3846 36296
36293 28511 63982 1672 36297
36293 17364 48054 7772 36297
36293 32376 50137 8129 36297
36293 14470 77687 6702 36297
36293 18687 73282 3846 36296
36293 18687 59962 3846 36296
36293 24909 54442 5026 36297
36293 16027 69436 2368 36297
36293 18687 68035 3846 36296
36293 25886 75856 6816 36297
36293 26742 57245 1510 36297
36293 13565 54716 4732 36297
36293 18687 57865 3846 36296
36293 18687 55993 3846 36296
36293 10633 48285 6745 36297
36293 19637 73429 2367 36297
36293 18916 60987 5338 36297
36293 14594 66368 742 36297
36293 27784 54668 1950 36297
36293 28245 56499 2562 36297
36293 32608 60535 8336 36297
36293 17446 54445 5134 36297
36293 32825 50282 8529 36297
36293 27600 61526 9242 36297
36293 14918 74116 4037 36297
36293 18048 67366 1196 36297
36293 34711 56560 5535 36297
36293 14554 59705 5420 36297
36293 15899 76447 9361 36297
36293 29911 52822 6222 36297
36293 21906 70458 8054 36297
36293 10718 75069 6059 36297
36293 23010 70067 8726 36297
36293 21166 53733 6081 36297
36293 33593 58805 3620 36297
36293 33275 55363 6095 36297
36293 16562 62312 1757 36297
36293 19390 65394 2447 36297
36293 18687 61329 3846 36296
36293 10022 76859 4110 36297
36293 10476 51434 8217 36297
36293 15472 76062 1576 36297
36293 19927 51149 4322 36297
36293 19006 46921 7032 36297
36293 30438 72168 7969 36297
36293 18687 67981 3846 36296
36293 22242 61967 605 36297
36293 18687 72775 3846 36296
36293 33462 76092 3880 36297
36293 17678 48744 7258 36297
36293 10724 62753 8409 36297
36293 30946 53289 3974 36297
36293 33839 74352 6940 36297
36293 28051 54095 5989 36297
36293 31347 77235 6094 36297
36293 31448 71433 9188 36297
36293 24453 60498 3565 36297
36293 9941 75561 4181 36297
36293 18687 56207 3846 36296
36293 26955 70281 6201 36297
36293 34111 64785 3786 36297
36293 18258 51330 4696 36297
36293 35438 72932 4506 36297
36293 23263 68594 4466 36297
36293 29012 58551 3150 36297
36293 22863 62141 7201 36297
36293 15709 55700 6815 36297
36293 18687 71902 3846 36296
36293 13717 62759 6600 36297
36293 27345 67022 3713 36297
36293 31032 65047 6175 36297
36293 35614 61060 2908 36297
36293 12199 62276 5657 36297
36293 18687 60578 3846 36296
36293 18687 68798 3846 36296
36293 29717 47439 3020 36297
36293 20236 66883 436 36297
36293 19952 75997 3148 36297
36293 18687 65191 3846 36296
36293 35896 67646 8034 36297
36293 12134 73285 4505 36297
36293 34951 56164 1046 36297
36293 18687 56548 3846 36296
36293 24638 45735 4268 36297
36293 35943 65274 3011 36297
36293 27867 56797 1695 36297
36293 15726 67102 3243 36297
36293 15846 71417 6097 36297
36293 31975 57879 4379 36297
36293 14010 55709 5893 36297
36293 33136 73464 3589 36297
36293 17723 71798 6609 36297
36293 12788 53161 3793 36297
36293 27725 52730 5209 36297
36293 28872 72364 8292 36297
36293 34478 48155 3430 36297
36293 36251 55026 6151 36297
36293 10893 57235 6533 36297
36293 25663 73772 6897 36297
36293 12890 50215 1126 36297
36293 29752 51636 9029 36297
36293 17352 58479 2484 36297
36293 29869 54586 1583 36297
36293 25237 57915 7431 36297
36293 20864 49976 9664 36297
36293 17448 50872 8423 36297
36293 33806 77466 3363 36297
36293 26479 52767 2712 36297
36293 13155 52172 7859 36297
36293 13065 63901 606 36297
36293 19651 75444 8167 36297
36293 33236 69176 7108 36297
36293 29095 65031 6448 36297
36293 27937 54631 3336 36297
36293 26710 73684 9649 36297
36293 25248 66289 5668 36297
36293 25707 49518 5837 36297
36293 25874 46979 2189 36297
36293 30560 49450 3021 36297
36293 23934 77880 8889 36297
36293 11541 74765 5320 36297
36293 18687 56743 3846 36296
36293 33981 52940 3492 36297
36293 29249 61774 3111 36297
36293 25807 51002 8837 36297
36293 13981 74477 1981 36297
36293 26651 66095 9201 36297
36293 28057 64288 5198 36297
36293 19733 61770 4440 36297
36293 14167 45056 15 36297
36293 12031 65838 1098 36297
36293 31277 77264 4360 36297
36293 12366 76667 6015 36297
36293 24352 77986 1676 36297
36293 25989 74151 561 36297
36293 20768 68748 6635 36297
36293 27059 68008 2565 36297
36293 19863 55712 225 36297
36293 10561 59944 5352 36297
36293 33982 73104 2175 36297
36293 18687 65514 3846 36296
36293 29474 52129 4837 36297
36293 10031 62879 7717 36297
36293 18687 56334 3846 36296
36293 18687 69260 3846 36296
36293 23924 45301 4535 36297
36293 22982 76184 9631 36297
36293 24735 53561 7165 36297
36293 32593 50725 4451 36297
36293 30493 47165 7538 36297
36293 16977 61445 6340 36297
36293 27006 54745 2668 36297
36293 29781 76790 7078 36297
36293 13086 56661 9512 36297
36293 34031 63442 1662 36297
36293 14388 52843 1374 36297
36293 22347 46302 4668 36297
36293 31130 56123 597 36297
36293 19093 69302 3552 36297
36293 19572 73933 7820 36297
36293 30658 71892 7075 36297
36293 10636 71088 8812 36297
36293 30820 75530 2363 36297
36293 18687 59045 3846 36296
36293 28892 58575 5605 36297
36293 32144 50641 265 36297
36293 16039 73560 1589 36297
36293 14325 63183 7980 36297
36293 19946 70597 5906 36297
36293 17599 55108 7771 36297
36293 30508 55088 1342 36297
36293 18403 45360 1999 36297
36293 34302 45169 1191 36297
36293 18687 62918 3846 36296
36293 18899 48968 835 36297
36293 12307 69567 8496 36297
36293 25854 74721 6496 36297
36293 13537 67587 8934 36297
36293 17674 53872 7938 36297
36293 30492 73723 8843 36297
36293 18687 58907 3846 36296
36293 14861 50214 6390 36297
36293 17960 69876 625 36297
36293 18737 73997 3539 36297
36293 21233 50535 8333 36297
36293 22198 76318 815 36297
36293 27837 47162 4063 36297
36293 15572 45359 8267 36297
36293 31567 56338 3272 36297
36293 15030 72403 2562 36297
36293 25551 51764 1647 36297
36293 18687 61834 3846 36296
36293 13622 46969 8785 36297
36293 25546 59917 1085 36297
36293 24084 59999 4425 36297
36293 11269 56663 7203 36297
36293 30672 73883 3904 36297
36293 18687 73418 3846 36296
36293 20897 64407 8372 36297
36293 29711 48895 3032 36297
36293 30341 51820 631 36297
36293 11299 61551 1866 36297
36293 32561 56281 5454 36297
36293 13143 58840 7019 36297
36293 19331 52712 3330 36297
36293 25789 76335 8823 36297
36293 18687 56680 3846 36296
36293 26241 47092 2567 36297
36293 23214 54380 1261 36297
36293 24214 55664 5418 36297
36293 9975 51644 6314 36297
36293 21523 57589 6902 36297
36293 18687 56959 3846 36296
36293 31759 66875 3252 36297
36293 29034 74531 7214 36297
36293 17366 64885 4690 36297
36293 28251 46247 2340 36297
36293 11725 67292 1958 36297
36293 18687 64783 3846 36296
36293 18687 59401 3846 36296
36293 18400 64613 3634 36297
36293 14292 48871 2139 36297
36293 27284 50439 8578 36297
36293 17508 50586 6130 36297
36293 23830 56017 6677 36297
36293 16786 48853 3072 36297
36293 30846 71474 5667 36297
36293 13801 65094 1229 36297
36293 18687 56097 3846 36296
36293 18687 64934 3846 36296
36293 18737 64307 5489 36297
36293 18207 45330 1263 36297
36293 10828 57644 9121 36297
36293 20117 49496 4740 36297
36293 34401 46317 327 36297
36293 18029 75387 2779 36297
36293 14684 64738 2344 36297
36293 18687 60274 3846 36296
36293 35549 66482 7292 36297
36293 21798 69477 3058 36297
36293 10497 49888 3141 36297
36293 28200 74330 1759 36297
36293 17878 76594 614 36297
36293 18687 71637 3846 36296
36293 24826 74538 5126 36297
36293 20615 57009 7472 36297
36293 29822 46939 7838 36297
36293 31831 74527 217 36297
36293 29730 67339 8652 36297
36293 10295 76655 3556 36297
36293 14715 52280 9438 36297
36293 18790 67273 6276 36297
36293 13592 62498 4515 36297
36293 18687 72063 3846 36296
36293 32264 75674 3019 36297
36293 17454 67858 8804 36297
36293 33056 55555 7218 36297
36293 18687 73282 3846 36296
36293 18687 59962 3846 36296
36293 18687 68035 3846 36296
36293 28503 50651 7168 36297
36293 18687 57865 3846 36296
36293 18687 55993 3846 36296
36293 18915 58580 1892 36297
36293 20097 47072 3112 36297
36293 21708 77214 2252 36297
36293 32063 52559 5263 36297
36293 11295 58752 8221 36297
36293 26594 64239 1337 36297
36293 34762 60450 9653 36297
36293 32842 75020 4121 36297
36293 25755 59043 1935 36297
36293 11913 56957 9606 36297
36293 17779 54088 7185 36297
36293 25966 55535 4624 36297
36293 13201 60820 3359 36297
36293 33564 56789 4059 36297
36293 33310 62526 9142 36297
36293 28482 70712 4393 36297
36293 16741 51834 6960 36297
36293 23420 47205 3619 36297
36293 23842 70254 3639 36297
36293 28078 60296 5465 36297
36293 10115 48275 5559 36297
36293 12626 51084 3752 36297
36293 20668 54780 8832 36297
36293 34118 69034 2899 36297
36293 18794 71996 2211 36297
36293 18687 61329 3846 36296
36293 24733 51848 1260 36297
36293 25642 65078 573 36297
36293 28726 62747 3511 36297
36293 18687 67981 3846 36296
36293 12181 57569 7573 36297
36293 18517 54867 2988 36297
36293 27032 56451 4658 36297
36293 20871 59160 8490 36297
36293 20607 56042 6968 36297
36293 18687 72775 3846 36296
36293 32768 69004 1895 36297
36293 15579 67213 8047 36297
36293 25356 74625 2997 36297
36293 10639 50086 6230 36297
36293 16387 54661 5749 36297
36293 26218 65637 6387 36297
36293 14294 71468 4638 36297
36293 29346 75759 2424 36297
36293 14530 47599 3353 36297
36293 20318 65442 686 36297
36293 29798 55307 8072 36297
36293 18687 71902 3846 36296
36293 25319 54521 2479 36297
36293 18687 60578 3846 36296
36293 24847 61378 6536 36297
36293 35260 75426 6131 36297
36293 18687 68798 3846 36296
36293 30289 73581 1897 36297
36293 26159 70395 7736 36297
36293 35738 48297 1213 36297
36293 31970 63046 913 36297
36293 29714 50874 9605 36297
36293 11896 54407 6477 36297
36293 25784 54946 9108 36297
36293 12424 77389 5593 36297
36293 18687 65191 3846 36296
36293 11838 49717 531 36297
36293 29067 66796 8222 36297
36293 18687 56548 3846 36296
36293 14980 53194 866 36297
36293 21467 57894 4844 36297
36293 20640 75327 4475 36297
36293 33063 68949 7762 36297
36293 30055 50304 8467 36297
36293 20270 65413 4239 36297
36293 35575 54494 14 36297
36293 31324 49220 9398 36297
36293 23708 61216 8842 36297
36293 12475 74487 3074 36297
36293 13167 68647 8424 36297
36293 31839 45781 1116 36297
36293 33535 54541 9355 36297
36293 28706 67864 8599 36297
36293 23430 52383 7026 36297
36293 19950 52522 8984 36297
36293 13647 66791 7451 36297
36293 15432 76686 7842 36297
36293 21309 77814 8286 36297
36293 12023 69638 9349 36297
36293 33254 53339 2158 36297
36293 32221 65532 5752 36297
36293 30023 50023 1656 36297
36293 24561 66522 7387 36297
36293 15545 74001 1599 36297
36293 23498 75229 6422 36297
36293 33523 53545 7566 36297
36293 19984 59300 2758 36297
36293 30437 52606 1365 36297
36293 23494 66530 5652 36297
36293 29816 69786 1990 36297
36293 22614 54881 7122 36297
36293 26907 50686 4273 36297
36293 18687 56743 3846 36296
36293 18744 51384 6450 36297
36293 31496 68507 6876 36297
36293 25021 46948 6597 36297
36293 10680 53442 3839 36297
36293 32111 55329 4136 36297
36293 31876 47160 7166 36297
36293 26347 46295 2447 36297
36293 22129 45401 5265 36297
36293 9951 59068 5182 36297
36293 21122 53348 4940 36297
36293 28752 62313 949 36297
36293 24464 75958 8825 36297
36293 29724 65264 5006 36297
36293 26454 62689 1346 36297
36293 20035 51616 1784 36297
36293 11448 68088 9387 36297
36293 23043 51279 8818 36297
36293 10315 52829 7664 36297
36293 18687 65514 3846 36296
36293 15692 52089 859 36297
36293 9761 47627 7390 36297
36293 14603 60048 5047 36297
36293 17269 51106 7873 36297
36293 18687 56334 3846 36296
36293 12273 76003 6291 36297
36293 14718 47768 2117 36297
36293 10412 50155 45 36297
36293 10285 62094 4776 36297
36293 19679 74376 3650 36297
36293 14443 66397 3499 36297
36293 17095 56169 3939 36297
36293 18687 69260 3846 36296
36293 17817 56267 6738 36297
36293 16322 73392 10 36297
36293 18387 47376 1670 36297
36293 19933 61778 3547 36297
36293 24943 62202 5533 36297
36293 29011 73543 4886 36297
36293 28320 48825 7201 36297
36293 11463 70628 94 36297
36293 18255 55143 426 36297
36293 26969 52025 5690 36297
36293 20445 47359 4729 36297
36293 27199 62551 8076 36297
36293 19337 64675 1530 36297
36293 21932 49637 8808 36297
36293 18687 59045 3846 36296
36293 10675 59866 9332 36297
36293 27492 65191 4219 36297
36293 11334 60313 242 36297
36293 21239 74669 9280 36297
36293 33487 73365 7302 36297
36293 25140 47570 4695 36297
36293 27584 73182 8934 36297
36293 18687 62918 3846 36296
36293 16906 56050 2790 36297
36293 24257 75523 6675 36297
36293 18283 49621 5494 36297
36293 15466 71490 629 36297
36293 16949 77416 5812 36297
36293 35224 52470 503 36297
36293 26796 48699 3325 36297
36293 19448 67445 1742 36297
36293 26551 65141 3142 36297
36293 18687 58907 3846 36296
36293 31115 69360 1253 36297
36293 11878 56709 3208 36297
36293 13856 54926 2613 36297
36293 12032 54624 7811 36297
36293 11366 54079 3454 36297
36293 11427 60838 6771 36297
36293 31534 49239 4669 36297
36293 32195 51713 7967 36297
36293 18687 61834 3846 36296
36293 23366 60809 1542 36297
36293 24814 70339 5098 36297
36293 18687 73418 3846 36296
36293 13853 46708 2212 36297
36293 30786 53800 1546 36297
36293 26042 64947 7038 36297
36293 31210 58984 9570 36297
36293 12075 60710 9410 36297
36293 32618 67805 4735 36297
36293 21874 58413 638 36297
36293 25794 61994 2210 36297
36293 19394 69250 750 36297
36293 18687 56680 3846 36296
36293 32756 73970 3757 36297
36293 33295 58371 8363 36297
36293 21203 48289 8750 36297
36293 21861 54621 2248 36297
36293 18687 56959 3846 36296
36293 12137 65638 164 36297
36293 20997 68558 2824 36297
36293 28747 48923 2430 36297
36293 27720 73728 1329 36297
36293 18687 64783 3846 36296
36293 18687 59401 3846 36296
36293 15312 61087 449 36297
36293 21291 70522 2374 36297
36293 32301 52156 7442 36297
36293 18687 56097 3846 36296
36293 18687 64934 3846 36296
36293 29230 57004 184 36297
36293 10196 54605 5519 36297
36293 13783 53227 1376 36297
36293 19242 74711 8598 36297
36293 14681 48558 1231 36297
36293 22488 54404 9207 36297
36293 18687 60274 3846 36296
36293 13755 70485 6756 36297
36293 29030 77779 2193 36297
36293 18687 71637 3846 36296
36293 24335 74798 4795 36297
36293 24537 72223 7416 36297
36293 34957 78199 3889 36297
36293 13895 48215 6191 36297
36293 36262 59694 7670 36297
36293 32034 64858 1242 36297
36293 18687 64542 3846 36296
36293 18687 72063 3846 36296
36293 25415 71843 9142 36297
36293 17601 57194 568 36297
36293 18734 51830 1622 36297
36293 34949 53854 8975 36297
36293 17353 61235 8535 36297
36293 21115 71156 4105 36297
36293 19501 49366 1180 36297
36293 18687 73282 3846 36296
36293 18687 59962 3846 36296
36293 18687 68035 3846 36297
36293 11101 72064 8717 36297
36293 12544 68268 5061 36297
36293 18687 57865 3846 36296
36293 35648 70123 2146 36297
36293 13259 69612 9553 36297
36293 23506 70567 169 36297
36293 27361 65748 8026 36297
36293 29131 60024 1894 36297
36293 18687 55993 3846 36296
36293 23232 67075 7691 36297
36293 15083 67818 9530 36297
36293 13839 69966 6522 36297
36293 17440 52494 8126 36297
36293 34938 77951 3381 36297
36293 20424 55994 9366 36297
36293 17315 76450 903 36297
36293 18684 47629 6041 36297
36293 19039 75684 8621 36297
36293 24540 64951 8767 36297
36293 19660 73560 5553 36297
36293 32957 57088 468 36297
36293 27184 48832 6523 36297
36293 23318 54451 1693 36297
36293 32401 70424 6381 36297
36293 10098 66223 4657 36297
36293 22416 49724 8027 36297
36293 15437 73849 3738 36297
36293 18349 71021 1559 36297
36293 29838 72613 713 36297
36293 26767 67952 5415 36297
36293 21066 62761 5640 36297
36293 18687 61329 3846 36296
