36293 18672 68934 1298 36296
36293 18672 63359 1298 36296
36293 18672 59722 1298 36296
36293 21120 72676 1298 36296
36293 21120 73344 1298 36296
36293 18672 58657 1298 36296
36293 18672 58615 1298 36296
36293 18672 73311 1298 36296
36293 21120 61284 1298 36296
36293 18672 61037 1298 36296
36293 18672 63252 1298 36296
36293 18672 56197 1298 36296
36293 18672 58037 1298 36296
36293 18672 62594 1298 36296
36293 21120 56635 1298 36296
36293 18672 67989 1298 36296
36293 18672 62276 1298 36296
36293 18672 67698 1298 36296
36293 18672 60072 1298 36296
36293 18672 73452 1298 36296
36293 18672 75487 1298 36297
36293 18672 77260 1298 36297
36293 18672 70688 1298 36297
36293 18672 65751 1298 36297
36293 18672 50650 1298 36297
36293 18672 72903 1298 36297
36293 18672 69274 1298 36297
36293 18672 69275 1298 36297
36293 18672 67227 1298 36297
36293 18672 67228 1298 36297
36293 18672 62299 1298 36297
36293 21120 60964 1298 36297
36293 18672 57138 1298 36297
36293 18672 50360 1298 36297
36293 18672 71374 1298 36297
36293 21120 47345 1298 36297
36293 18672 74410 1298 36297
36293 18672 75224 1298 36297
36293 18672 56484 1298 36297
36293 18672 70315 1298 36297
36293 18672 51704 1298 36297
36293 18672 66123 1298 36297
36293 18672 53608 1298 36297
36293 18672 70058 1298 36297
36293 18672 78208 1298 36297
36293 18672 75247 1298 36297
36293 18672 75064 1298 36297
36293 21120 74841 1298 36297
36293 18672 50606 1298 36297
36293 18672 64247 1298 36297
36293 18672 72751 1298 36297
36293 18672 67243 1298 36297
36293 18672 58793 1298 36296
36293 18672 58795 1298 36296
36293 18672 62356 1298 36297
36293 18672 62357 1298 36297
36293 18672 57467 1298 36297
36293 21120 64794 1298 36297
36293 18672 49588 1298 36297
36293 18672 77026 1298 36297
36293 18672 65149 1298 36297
36293 18672 67204 1298 36297
36293 18672 45788 1298 36297
36293 18672 53714 1298 36297
36293 18672 58118 1298 36297
36293 18672 78211 1298 36297
36293 18672 50164 1298 36297
36293 18672 77005 1298 36297
36293 21120 78160 1298 36297
36293 18672 75696 1298 36297
36293 18672 61409 1298 36297
36293 18672 51690 1298 36297
36293 18672 62466 1298 36297
36293 21120 48663 1298 36297
36293 18672 60352 1298 36297
36293 21120 45066 1298 36297
36293 18672 53515 1298 36297
36293 18672 63029 1298 36297
36293 18672 47264 1298 36297
36293 21120 75589 1298 36297
36293 18672 77738 1298 36297
36293 18672 62251 1298 36297
36293 18672 49656 1298 36297
36293 18672 54970 1298 36297
36293 18672 47381 1298 36297
36293 18672 54264 1298 36297
36293 18672 73048 1298 36297
36293 18672 49938 1298 36297
36293 18672 75134 1298 36297
36293 18672 63921 1298 36297
36293 18672 69188 1298 36297
36293 18672 74517 1298 36297
36293 18672 51591 1298 36297
36293 21120 57550 1298 36297
36293 18672 62218 1298 36297
36293 18672 66162 1298 36297
36293 18672 64263 1298 36297
36293 18672 50459 1298 36297
36293 21120 56543 1298 36297
36293 21120 63786 1298 36297
36293 18672 68208 1298 36296
36293 18672 68210 1298 36296
36293 18672 58550 1298 36297
36293 18672 58552 1298 36297
36293 21120 63386 1298 36297
36293 18672 51304 1298 36297
36293 18672 74131 1298 36297
36293 18672 53165 1298 36297
36293 18672 50843 1298 36297
36293 18672 75969 1298 36297
36293 18672 58444 1298 36297
36293 18672 75741 1298 36297
36293 21120 72432 1298 36297
36293 21120 72433 1298 36297
36293 18672 66076 1298 36297
36293 18672 66078 1298 36297
36293 18672 75632 1298 36297
36293 18672 65390 1298 36297
36293 21120 69008 1298 36296
36293 18672 77215 1298 36297
36293 21120 48943 1298 36297
36293 18672 58578 1298 36297
36293 18672 53444 1298 36297
36293 18672 74929 1298 36297
36293 18672 68710 1298 36297
36293 18672 58881 1298 36297
36293 18672 58882 1298 36297
36293 18672 49818 1298 36297
36293 18672 73731 1298 36297
36293 18672 73732 1298 36297
36293 18672 56620 1298 36297
36293 18672 56622 1298 36297
36293 21120 57177 1298 36297
36293 18672 65733 1298 36297
36293 18672 65735 1298 36297
36293 18672 58534 1298 36297
36293 18672 61760 1298 36297
36293 18672 50797 1298 36297
36293 18672 72826 1298 36297
36293 21120 73954 1298 36297
36293 18672 68345 1298 36297
36293 18672 51819 1298 36297
36293 18672 51492 1298 36297
36293 18672 76400 1298 36297
36293 18672 47721 1298 36297
36293 18672 60890 1298 36297
36293 18672 65152 1298 36297
36293 18672 65153 1298 36297
36293 21120 59091 1298 36297
36293 21120 59092 1298 36297
36293 18672 64357 1298 36297
36293 18672 46728 1298 36297
36293 21120 55151 1298 36297
36293 18672 60409 1298 36297
36293 18672 71960 1298 36297
36293 18672 63077 1298 36297
36293 21120 60800 1298 36297
36293 18672 61669 1298 36297
36293 21120 58781 1298 36296
36293 18672 77395 1298 36297
36293 18672 77402 1298 36297
36293 18672 52581 1298 36297
36293 18672 54347 1298 36297
36293 18672 71149 1298 36297
36293 18672 71151 1298 36297
36293 21120 59551 1298 36297
36293 18672 49294 1298 36297
36293 18672 56274 1298 36297
36293 18672 64695 1298 36297
36293 18672 64212 1298 36297
36293 18672 68193 1298 36297
36293 18672 73464 1298 36297
36293 21120 62620 1298 36297
36293 18672 69439 1298 36297
36293 18672 46238 1298 36297
36293 18672 68118 1298 36297
36293 18672 57405 1298 36297
36293 18672 73559 1298 36297
36293 16266 51861 3584 36297
36293 28311 66291 3388 36297
36293 35550 58148 4122 36297
36293 27450 60401 2917 36297
36293 17583 68391 9015 36297
36293 29355 52745 8643 36297
36293 10353 74518 8843 36297
36293 24258 67959 9123 36297
36293 19095 57407 3114 36297
36293 27824 51033 4612 36297
36293 15266 70765 8606 36297
36293 19290 45961 7024 36297
36293 9850 74216 4592 36297
36293 28747 58876 6358 36297
36293 33323 47765 7389 36297
36293 32091 47020 374 36297
36293 22267 68596 5595 36297
36293 9753 76450 4884 36297
36293 11598 64259 7066 36297
36293 31847 74255 7912 36297
36293 14325 45939 6894 36297
36293 23814 57481 5828 36297
36293 20989 62694 2847 36297
36293 18071 63566 4140 36297
36293 19424 74011 3407 36297
36293 32217 67455 1698 36297
36293 16912 77190 7142 36297
36293 18602 53889 1470 36297
36293 32129 65479 737 36297
36293 22860 73748 6143 36297
36293 13117 53005 9445 36297
36293 25231 51639 6364 36297
36293 24610 72701 4318 36297
36293 25560 57172 6376 36297
36293 10249 57409 6029 36297
36293 20577 48110 394 36297
36293 23742 46087 7759 36297
36293 9836 53750 4448 36297
36293 20192 49492 2027 36297
36293 29272 59586 8176 36297
36293 26342 64834 9412 36297
36293 9826 52966 8430 36297
36293 31527 74788 9624 36297
36293 18541 48650 120 36297
36293 26897 68749 2268 36297
36293 26453 74579 5297 36297
36293 12781 49616 4515 36297
36293 15215 61407 6639 36297
36293 19364 51053 5200 36297
36293 22828 62240 5304 36297
36293 26628 55647 2588 36297
36293 12594 46333 1557 36297
36293 15226 72731 9041 36297
36293 35085 61350 5890 36297
36293 13330 68600 962 36297
36293 26058 49310 8800 36297
36293 35779 62022 9446 36297
36293 16511 46780 519 36297
36293 22995 57713 8447 36297
36293 27926 73821 550 36297
36293 19743 70896 727 36297
36293 17218 63094 5942 36297
36293 11258 72737 7883 36297
36293 22087 63240 6192 36297
36293 35325 59726 7749 36297
36293 22569 60273 5781 36297
36293 28276 59434 7810 36297
36293 10871 76948 5228 36297
36293 12585 76796 5980 36297
36293 33132 64789 3824 36297
36293 26584 64159 9193 36297
36293 20374 53428 3737 36297
36293 17703 51628 5907 36297
36293 33502 72548 8108 36297
36293 24024 65552 2721 36297
36293 33859 54264 5272 36297
36293 27463 69161 2699 36297
36293 23088 58106 3545 36297
36293 34900 62941 3527 36297
36293 34405 77723 3380 36297
36293 17773 49493 4601 36297
36293 18502 74893 2712 36297
36293 27666 67774 7802 36297
36293 35798 50436 2228 36297
36293 17791 48346 2132 36297
36293 24952 51733 4829 36297
36293 29993 61232 8040 36297
36293 15011 65433 4467 36297
36293 26360 71864 5501 36297
36293 33601 53114 1720 36297
36293 16751 53448 4811 36297
36293 18570 71677 3747 36297
36293 32212 61106 1220 36297
36293 20288 73712 1404 36297
36293 25151 53980 6183 36297
36293 31678 47011 242 36297
36293 32168 73033 6840 36297
36293 13788 50002 4344 36297
36293 13444 64356 3918 36297
36293 31307 47838 8467 36297
36293 35346 46331 7164 36297
36293 13901 72376 6016 36297
36293 20552 53164 1707 36297
36293 20979 64330 7809 36297
36293 22855 74574 2403 36297
36293 33746 63332 1564 36297
36293 12530 59701 1324 36297
36293 16919 51647 9072 36297
36293 31737 51831 421 36297
36293 30124 52588 663 36297
36293 35941 73957 6152 36297
36293 26872 77031 6293 36297
36293 33154 72638 5749 36297
36293 21084 76477 3762 36297
36293 20395 51437 2261 36297
36293 24094 62637 8327 36297
36293 16929 59011 4627 36297
36293 13145 76430 9273 36297
36293 17321 51160 786 36297
36293 22242 46675 6283 36297
36293 26098 62023 499 36297
36293 30826 62790 9049 36297
36293 25987 59146 3352 36297
36293 32626 46070 9022 36297
36293 19639 75332 5379 36297
36293 12505 72494 5118 36297
36293 12628 71180 2856 36297
36293 13875 62595 8820 36297
36293 30013 71033 4531 36297
36293 13778 74502 3757 36297
36293 22907 56932 197 36297
36293 27917 48808 1087 36297
36293 19872 72879 7837 36297
36293 25780 45580 5829 36297
36293 13445 77197 1594 36297
36293 11090 53663 4753 36297
36293 11936 53058 6204 36297
36293 32153 57932 8527 36297
36293 19044 63090 3894 36297
36293 22502 59492 5160 36297
36293 18840 49339 5399 36297
36293 31443 47314 7588 36297
36293 27884 49474 724 36297
36293 27626 53738 1080 36297
36293 29320 76921 2746 36297
36293 25810 49933 3779 36297
36293 30142 77788 2335 36297
36293 23444 64327 1715 36297
36293 15616 64551 1525 36297
36293 21049 49200 5121 36297
36293 28593 47431 5851 36297
36293 9959 56986 93 36297
36293 22013 50032 3615 36297
36293 32871 49473 1955 36297
36293 27211 77121 9315 36297
36293 11897 65464 3469 36297
36293 31814 61864 1465 36297
36293 11560 75869 5661 36297
36293 32938 75553 5871 36297
36293 17365 68114 579 36297
36293 14168 55496 8543 36297
36293 10866 63124 9266 36297
36293 21501 59733 5746 36297
36293 11971 51227 7958 36297
36293 26726 46673 5015 36297
36293 28879 65491 1598 36297
36293 26451 68851 1297 36297
36293 13353 68918 3666 36297
36293 35342 48722 8901 36297
36293 18574 65876 3434 36297
36293 33134 50371 9469 36297
36293 10458 64751 2426 36297
36293 28702 69975 4764 36297
36293 27142 64798 6401 36297
36293 21590 74867 5767 36297
36293 15559 48254 2725 36297
36293 17055 63876 7678 36297
36293 23605 74608 7116 36297
36293 21001 73606 7502 36297
36293 27027 53034 1421 36297
36293 29053 50476 8588 36297
36293 32587 51150 9348 36297
36293 18047 65380 7981 36297
36293 33474 67799 2682 36297
36293 23670 60908 8526 36297
36293 10646 69151 2434 36297
36293 10082 56201 4867 36297
36293 31400 50057 7162 36297
36293 12830 67626 2847 36297
36293 28992 47287 9634 36297
36293 35028 65386 447 36297
36293 30087 47466 1830 36297
36293 25567 50465 1238 36297
36293 34453 75067 700 36297
36293 19326 65905 5431 36297
36293 28341 76524 3131 36297
36293 30789 59756 8 36297
36293 25105 56583 7436 36297
36293 27528 71594 7572 36297
36293 34449 53130 6042 36297
36293 10720 66361 418 36297
36293 9860 51208 5485 36297
36293 17390 73855 4124 36297
36293 34717 52197 9659 36297
36293 25333 65245 4386 36297
36293 28360 51233 7849 36297
36293 12074 69607 645 36297
36293 15414 72505 8970 36297
36293 28166 66044 6692 36297
36293 22897 62569 753 36297
36293 27654 66013 3195 36297
36293 19408 52137 5961 36297
36293 24059 48177 4332 36297
36293 17456 58587 1187 36297
36293 10985 46481 3222 36297
36293 25352 77375 3421 36297
36293 15493 76250 9389 36297
36293 19428 72727 2256 36297
36293 33253 72256 4149 36297
36293 19891 77834 8062 36297
36293 10982 64635 6260 36297
36293 21769 76310 6593 36297
36293 9942 52811 7824 36297
36293 20918 70384 4145 36297
36293 35432 45631 3897 36297
36293 14492 45769 3546 36297
36293 19524 72463 5104 36297
36293 21553 77551 916 36297
36293 33861 68178 3585 36297
36293 17093 62506 603 36297
36293 11006 53760 1698 36297
36293 22506 58928 3699 36297
36293 33380 47473 3207 36297
36293 15369 73634 2123 36297
36293 28342 64772 7212 36297
36293 24174 68647 3563 36297
36293 12144 51087 2474 36297
36293 15872 46669 2473 36297
36293 18314 49238 3625 36297
36293 33741 57363 6354 36297
36293 22816 72512 1868 36297
36293 11763 47407 5718 36297
36293 26648 75445 438 36297
36293 17471 53884 8345 36297
36293 16755 56824 4311 36297
36293 27276 64631 5294 36297
36293 13243 57067 7141 36297
36293 22310 72689 8191 36297
36293 31959 60159 5562 36297
36293 34969 55827 3280 36297
36293 30232 63539 8088 36297
36293 10008 48505 4771 36297
36293 10782 60067 7394 36297
36293 13280 54887 7369 36297
36293 31446 68018 6476 36297
36293 31284 55210 1220 36297
36293 28530 71866 4899 36297
36293 22568 58374 6336 36297
36293 13321 49534 6350 36297
36293 35047 71263 3096 36297
36293 27902 58514 1757 36297
36293 18884 77399 6005 36297
36293 35945 70889 5488 36297
36293 26651 50128 599 36297
36293 29356 66938 5263 36297
36293 21561 70891 7568 36297
36293 21234 46617 7794 36297
36293 19927 47392 1662 36297
36293 13343 69873 2589 36297
36293 17949 46977 7093 36297
36293 21138 52107 2887 36297
36293 14742 55938 5518 36297
36293 34739 73250 7281 36297
36293 25640 56279 5642 36297
36293 34931 76148 3966 36297
36293 14992 71980 284 36297
36293 21036 46484 3387 36297
36293 32369 49848 4540 36297
36293 15274 45857 8074 36297
36293 34164 54846 5261 36297
36293 28735 70779 822 36297
36293 34252 75413 559 36297
36293 28521 61542 9244 36297
36293 11222 56567 3569 36297
36293 13067 49741 8214 36297
36293 21954 66087 7518 36297
36293 22033 69318 837 36297
36293 11799 70059 792 36297
36293 30102 49609 2257 36297
36293 14269 74911 4966 36297
36293 12602 73440 5206 36297
36293 35825 54217 7878 36297
36293 11372 49323 5713 36297
36293 23412 45299 1224 36297
36293 30524 60124 6273 36297
36293 11084 59952 414 36297
36293 14206 75838 5253 36297
36293 36230 72257 6296 36297
36293 33359 49489 4112 36297
36293 11509 66609 655 36297
36293 18914 47105 7375 36297
36293 34690 53057 6177 36297
36293 22951 60603 7135 36297
36293 31542 49146 8622 36297
36293 32030 75808 2475 36297
36293 25148 74069 2942 36297
36293 16662 53046 897 36297
36293 23143 47115 3218 36297
36293 11070 54338 8035 36297
36293 19723 69495 6590 36297
36293 16239 54790 9522 36297
36293 12011 46560 4328 36297
36293 32937 75499 46 36297
36293 25613 66855 1606 36297
36293 29211 72355 9358 36297
36293 33656 69704 7636 36297
36293 23426 64545 3326 36297
36293 23183 47530 9205 36297
36293 29146 62206 6726 36297
36293 18412 67544 6389 36297
36293 35747 78197 8413 36297
36293 18589 57468 7199 36297
36293 23939 56531 570 36297
36293 22741 47342 9569 36297
36293 24234 71945 8985 36297
36293 16099 73749 3388 36297
36293 33273 63522 6653 36297
36293 28645 74886 8473 36297
36293 18717 75617 1610 36297
36293 18845 77812 1234 36297
36293 31508 75882 5071 36297
36293 25361 70388 8605 36297
36293 35746 45978 2610 36297
36293 29605 71965 2085 36297
36293 12569 63678 763 36297
36293 17923 63570 7201 36297
36293 30104 57732 4236 36297
36293 17061 52361 2319 36297
36293 19224 46289 4106 36297
36293 25405 60238 9169 36297
36293 35490 73869 6091 36297
36293 17374 72064 2737 36297
36293 22842 47218 9689 36297
36293 16994 45424 7537 36297
36293 24993 52268 3062 36297
36293 29971 65893 4601 36297
36293 24658 65543 3250 36297
36293 18888 47008 6616 36297
36293 36223 77327 4991 36297
36293 12799 49622 6900 36297
36293 11253 52420 2518 36297
36293 31524 47347 3754 36297
36293 27851 64163 5291 36297
36293 34960 67131 6290 36297
36293 33775 72214 6442 36297
36293 10187 58387 1289 36297
36293 35993 52625 9631 36297
36293 16079 45153 5930 36297
36293 19406 49206 7457 36297
36293 14133 74728 9586 36297
36293 9970 53166 9006 36297
36293 20171 61396 8181 36297
36293 15693 47783 8482 36297
36293 33965 52606 7971 36297
36293 34389 56723 6470 36297
36293 24141 46682 317 36297
36293 15723 45329 1800 36297
36293 10058 50728 3879 36297
36293 14025 73661 4960 36297
36293 23096 59623 9213 36297
36293 30051 45753 7659 36297
36293 18373 60983 6892 36297
36293 28644 64854 49 36297
36293 31452 62929 3171 36297
36293 12360 47724 4910 36297
36293 18951 50498 6540 36297
36293 25851 55022 1700 36297
36293 16664 65847 6750 36297
36293 29588 53387 9616 36297
36293 13028 58382 9115 36297
36293 24894 61951 6820 36297
36293 34523 53284 8057 36297
36293 10908 53305 2489 36297
36293 34382 71178 3313 36297
36293 31633 48709 3661 36297
36293 30937 50952 3092 36297
36293 16328 50043 8972 36297
36293 13056 72383 7857 36297
36293 17177 67948 1249 36297
36293 25051 63448 5538 36297
36293 25940 48240 7607 36297
36293 11248 46297 8033 36297
36293 19218 70994 9454 36297
36293 35221 76651 1638 36297
36293 21410 76397 9036 36297
36293 22108 61470 7736 36297
36293 33912 59157 2263 36297
36293 16655 59922 3889 36297
36293 27109 46361 4756 36297
36293 12734 63180 6313 36297
36293 13611 65374 2734 36297
36293 11891 67874 351 36297
36293 17956 58324 334 36297
36293 22714 50283 6433 36297
36293 14242 78126 1967 36297
36293 29776 55568 299 36297
36293 21924 48003 9349 36297
36293 20289 50589 988 36297
36293 24442 58896 4490 36297
36293 13579 51681 4126 36297
36293 14527 51221 5682 36297
36293 33105 54528 6396 36297
36293 21752 61878 6783 36297
36293 26669 73074 2872 36297
36293 10585 72382 8064 36297
36293 10012 49298 6782 36297
36293 30359 49870 8804 36297
36293 33409 48098 5064 36297
36293 20403 67855 8966 36297
36293 23578 54173 230 36297
36293 23566 61408 9426 36297
36293 17560 73609 5659 36297
36293 18430 54749 7654 36297
36293 34988 51445 1641 36297
36293 25511 63743 2346 36297
36293 28509 57877 6051 36297
36293 28755 56151 9207 36297
36293 17334 53225 3948 36297
36293 10097 68242 6566 36297
36293 15333 53826 6536 36297
36293 24677 71022 2270 36297
36293 26565 69916 8942 36297
36293 30444 45866 5186 36297
36293 17871 47578 217 36297
36293 9717 71887 2048 36297
36293 32970 48162 8887 36297
36293 25038 75390 4401 36297
36293 26032 59411 3217 36297
36293 14785 67685 4008 36297
36293 15559 50473 509 36297
36293 13408 59385 22 36297
36293 10407 49067 1543 36297
36293 22620 71717 805 36297
36293 23060 75451 4132 36297
36293 12343 77589 4282 36297
36293 23916 66751 8420 36297
36293 9776 62076 2197 36297
36293 29509 63208 4185 36297
36293 25040 56027 755 36297
36293 22617 51291 5911 36297
36293 33934 74669 4893 36297
36293 21760 75825 6893 36297
36293 25012 77426 523 36297
36293 19698 53097 4843 36297
36293 27156 71490 4084 36297
36293 26450 45720 1761 36297
36293 33785 54418 6943 36297
36293 14691 75450 5736 36297
36293 30721 74492 7817 36297
36293 33326 48138 1616 36297
36293 17519 52717 5671 36297
36293 20360 48069 8120 36297
36293 16194 76582 4699 36297
36293 24411 66807 1937 36297
36293 14851 52535 9175 36297
36293 24299 45290 805 36297
36293 32032 58630 8950 36297
36293 17242 53506 3570 36297
36293 10262 56748 1050 36297
36293 20433 74709 5763 36297
36293 28285 69675 5170 36297
36293 14604 47241 1970 36297
36293 28591 56216 4969 36297
36293 23957 49251 62 36297
36293 23960 47374 2375 36297
36293 10329 45514 9665 36297
36293 25086 52776 6184 36297
36293 36256 65240 6277 36297
36293 29773 60194 746 36297
36293 12934 63759 4607 36297
36293 34225 68792 623 36297
36293 29623 63529 6713 36297
36293 23307 55710 6952 36297
36293 22115 56578 9272 36297
36293 26566 50083 2045 36297
36293 34219 45933 1309 36297
36293 23323 59786 9073 36297
36293 10375 48475 2948 36297
36293 35671 69835 225 36297
36293 9815 67457 6153 36297
36293 32329 59086 5339 36297
36293 14753 46850 6230 36297
36293 16052 48336 5456 36297
36293 16931 68407 6740 36297
36293 17798 51759 7157 36297
36293 23893 66693 9556 36297
36293 34483 70393 7720 36297
36293 10483 56003 9651 36297
36293 35113 70358 5351 36297
36293 10500 77372 3191 36297
36293 28086 60022 3286 36297
36293 10876 48730 4569 36297
36293 10604 51815 3591 36297
36293 23382 73191 2918 36297
36293 34742 65713 4746 36297
36293 29229 67904 785 36297
36293 18992 76009 2516 36297
36293 28339 68559 3744 36297
36293 32930 48326 1234 36297
36293 14411 56667 6472 36297
36293 15782 52577 3453 36297
36293 15029 47283 6975 36297
36293 13944 77607 5065 36297
36293 11759 73480 2227 36297
36293 10421 68380 8343 36297
36293 15599 47018 8770 36297
36293 19935 47451 1469 36297
36293 22075 69467 9013 36297
36293 17345 49512 1988 36297
36293 27299 53074 7829 36297
36293 28638 66477 4352 36297
36293 9992 75816 6699 36297
36293 22996 49699 3853 36297
36293 30837 49999 5706 36297
36293 12875 49587 5392 36297
36293 11220 60251 1105 36297
36293 16204 48497 1272 36297
36293 32235 69246 4237 36297
36293 27127 51252 2200 36297
36293 36153 70421 1747 36297
36293 33271 51720 1985 36297
36293 13341 56801 8912 36297
36293 11718 77206 1739 36297
36293 21803 69764 2509 36297
36293 34020 75902 5473 36297
36293 27868 54455 6368 36297
36293 29928 47204 3612 36297
36293 19815 51483 4287 36297
36293 14691 73306 7118 36297
36293 29186 67559 5700 36297
36293 23129 57117 3306 36297
36293 25644 61129 7478 36297
36293 24564 75185 3171 36297
36293 15439 54022 3160 36297
36293 23295 62538 5155 36297
36293 10599 77383 3973 36297
36293 17199 56121 6311 36297
36293 27871 45917 9533 36297
36293 23916 45310 7436 36297
36293 34596 62069 5541 36297
36293 24447 50992 5239 36297
36293 19534 52697 478 36297
36293 32525 65471 1915 36297
36293 32154 73101 9646 36297
36293 17619 76601 7405 36297
36293 11511 64096 2127 36297
36293 25276 77113 5527 36297
36293 13698 61670 8089 36297
36293 21632 76757 6202 36297
36293 11683 53651 2474 36297
36293 29696 58569 8979 36297
36293 31679 64482 4857 36297
36293 31343 55227 7814 36297
36293 22930 75230 2776 36297
36293 26371 68273 5325 36297
36293 13273 52651 3714 36297
36293 27382 68082 1905 36297
36293 29746 52338 9278 36297
36293 36169 55171 503 36297
36293 22070 53452 5742 36297
36293 15470 63575 748 36297
36293 10335 51697 3315 36297
36293 20814 71684 5280 36297
36293 21730 75540 1062 36297
36293 20589 74431 2083 36297
36293 15460 55861 8061 36297
36293 28344 50106 3390 36297
36293 14356 52432 517 36297
36293 33063 73092 1474 36297
36293 23420 66865 237 36297
36293 16461 74189 5322 36297
36293 18453 59391 7859 36297
36293 15088 55114 1942 36297
36293 31061 70115 6415 36297
36293 20834 64328 2426 36297
36293 26487 46136 6170 36297
36293 30072 46724 2659 36297
36293 31041 55514 3655 36297
36293 34929 47056 8038 36297
36293 17761 51908 8916 36297
36293 30011 69494 8082 36297
36293 24318 69253 6019 36297
36293 15627 71282 4973 36297
36293 32378 47381 2219 36297
36293 10001 51117 3534 36297
36293 19494 48315 3148 36297
36293 11527 63190 7013 36297
36293 32811 75702 1535 36297
36293 24745 59815 178 36297
36293 35058 51636 8522 36297
36293 16179 47204 2849 36297
36293 28212 52196 2884 36297
36293 34782 73694 731 36297
36293 30796 75260 2569 36297
36293 19059 74760 4346 36297
36293 28020 70015 2144 36297
36293 15210 62021 7966 36297
36293 28567 77013 6739 36297
36293 32097 53330 2017 36297
36293 26664 70621 5152 36297
36293 15248 76722 9556 36297
36293 32846 69978 9157 36297
36293 21353 53804 3942 36297
36293 22764 78057 9536 36297
36293 17039 50584 502 36297
36293 27222 64630 8373 36297
36293 14782 46710 1176 36297
36293 31356 48787 317 36297
36293 11314 45059 2138 36297
36293 18433 48468 2600 36297
36293 27264 66062 9297 36297
36293 19066 56450 8406 36297
36293 31763 66954 9694 36297
36293 9768 56955 2621 36297
36293 16413 46020 195 36297
36293 31360 62786 5343 36297
36293 14710 51211 6792 36297
36293 15283 45223 2657 36297
36293 14749 72592 3597 36297
36293 20464 49066 7167 36297
36293 29334 72705 3778 36297
36293 23999 68490 9139 36297
36293 22310 52121 4030 36297
36293 24469 45989 9042 36297
36293 21429 76027 4227 36297
36293 13825 47976 5252 36297
36293 23142 74670 5926 36297
36293 13598 48013 1955 36297
36293 13570 49593 5940 36297
36293 25532 71961 1099 36297
36293 33930 55490 901 36297
36293 31079 48086 7855 36297
36293 25512 70977 4605 36297
36293 34212 76642 8101 36297
36293 25301 57766 7312 36297
36293 26507 77581 307 36297
36293 19131 49658 350 36297
36293 16093 57307 8787 36297
36293 19997 49649 2610 36297
36293 14769 75255 479 36297
36293 28774 69068 6558 36297
36293 32679 73790 8810 36297
36293 19838 71893 1309 36297
36293 33849 72591 6597 36297
36293 27865 45964 7284 36297
36293 33093 68584 3521 36297
36293 19948 63805 140 36297
36293 17812 58314 5599 36297
36293 19480 56071 1578 36297
36293 15777 62113 9005 36297
36293 24652 63709 5067 36297
36293 17278 51745 3008 36297
36293 20617 64663 7854 36297
36293 15128 76874 6537 36297
36293 31750 76662 5763 36297
36293 23872 72114 779 36297
36293 24648 57955 6588 36297
36293 33559 49716 5800 36297
36293 24970 75868 7774 36297
36293 10886 73547 9152 36297
36293 34321 74965 8977 36297
36293 12443 58919 3367 36297
36293 27305 56530 2422 36297
36293 20799 51408 8648 36297
36293 26299 59133 241 36297
36293 24045 73210 2343 36297
36293 26472 58631 147 36297
36293 23690 64564 4992 36297
36293 34285 52091 2774 36297
36293 13827 53766 5188 36297
36293 21638 72230 6145 36297
36293 35684 70134 5920 36297
36293 25158 65251 5040 36297
36293 29141 46812 9214 36297
36293 30873 64149 9162 36297
36293 24511 74661 17 36297
36293 31193 72795 1265 36297
36293 27373 63767 4295 36297
36293 31726 49274 8942 36297
36293 13049 45286 5201 36297
36293 11210 62023 6504 36297
36293 15032 46415 5355 36297
36293 29454 49465 1140 36297
36293 30708 67930 8400 36297
36293 23313 50808 1010 36297
36293 24129 75683 382 36297
36293 14820 47868 6823 36297
36293 25820 74949 2567 36297
36293 12659 63663 3523 36297
36293 29375 63252 9500 36297
36293 34077 60664 6081 36297
36293 31433 73790 9169 36297
36293 28481 74767 2646 36297
36293 14439 54857 2259 36297
36293 31585 53690 4144 36297
36293 15093 63230 3943 36297
36293 21124 75737 8808 36297
36293 23090 67538 6796 36297
36293 18762 62229 677 36297
36293 25187 70720 4939 36297
36293 25046 55494 5705 36297
36293 11201 65541 8156 36297
36293 15982 64237 1636 36297
36293 25913 45705 6730 36297
36293 14621 77909 6558 36297
36293 18765 71609 3737 36297
36293 34763 71486 7514 36297
36293 14489 67493 693 36297
36293 18348 46407 8908 36297
36293 26739 78131 1945 36297
36293 16806 61270 6604 36297
36293 27486 75773 6656 36297
36293 25649 46431 5005 36297
36293 14063 70399 8611 36297
36293 12658 72545 6388 36297
36293 32052 51829 3707 36297
36293 24286 57567 4211 36297
36293 33194 68495 283 36297
36293 22065 55144 5557 36297
36293 24260 58171 7154 36297
36293 19303 45276 5203 36297
36293 16033 60567 2816 36297
36293 9731 76982 6656 36297
36293 28787 49070 4124 36297
36293 31152 54971 4429 36297
36293 27510 56187 1927 36297
36293 26437 58856 6617 36297
36293 12314 50996 5227 36297
36293 12981 45134 4823 36297
36293 34630 59637 1332 36297
36293 31647 51234 3945 36297
36293 34824 74238 9469 36297
36293 14615 49743 3994 36297
36293 18335 71471 2782 36297
36293 9843 57967 7686 36297
36293 20046 54493 3300 36297
36293 18375 48543 6400 36297
36293 10907 66184 1782 36297
36293 15026 48715 5104 36297
36293 19580 49358 1773 36297
36293 11638 77566 490 36297
36293 26405 55317 3247 36297
36293 33785 65172 1356 36297
36293 35440 55113 9356 36297
36293 20179 55183 2031 36297
36293 35964 68847 6451 36297
36293 11505 47928 2744 36297
36293 16012 56650 803 36297
36293 26891 75912 8709 36297
36293 14472 47477 8650 36297
36293 34672 49234 7366 36297
36293 11518 55235 1729 36297
36293 31468 64306 5496 36297
36293 18446 46652 4633 36297
36293 14140 70626 2653 36297
36293 12514 52236 84 36297
36293 12004 46459 7731 36297
36293 33776 50437 2462 36297
36293 21537 68619 7853 36297
36293 14900 62475 9144 36297
36293 15585 73156 910 36297
36293 35220 70925 4753 36297
36293 14893 57405 7186 36297
36293 31243 76207 8634 36297
36293 28047 72229 7230 36297
36293 28835 69509 7228 36297
36293 20496 47009 5325 36297
36293 20303 74111 7742 36297
36293 28557 67582 555 36297
36293 30673 56435 4193 36297
36293 12256 74464 6625 36297
36293 27109 76902 8037 36297
36293 33584 76400 2731 36297
36293 36122 74377 8822 36297
36293 34250 71261 7591 36297
36293 16966 52180 6561 36297
36293 20861 63025 2748 36297
36293 35379 60376 9646 36297
36293 23169 53979 7213 36297
36293 31656 50953 986 36297
36293 32645 62495 6985 36297
36293 11128 72467 7375 36297
36293 22648 62456 4838 36297
36293 22759 57854 2469 36297
36293 23638 66446 6479 36297
36293 20298 51845 7957 36297
36293 27536 73441 316 36297
36293 32389 47698 3883 36297
36293 12332 66632 9133 36297
36293 35622 73828 9085 36297
36293 20199 77026 8701 36297
36293 17393 53391 1656 36297
36293 12920 58693 7302 36297
36293 15034 77005 5064 36297
36293 21025 54806 2325 36297
36293 35888 55389 4567 36297
36293 35486 72782 5853 36297
36293 30508 68100 335 36297
36293 34366 59057 6942 36297
36293 27296 60550 258 36297
36293 9855 52737 6688 36297
36293 21884 66500 6442 36297
36293 20886 52364 8407 36297
36293 23870 58826 9577 36297
36293 36182 48952 7879 36297
36293 12587 69738 3268 36297
36293 34763 75169 7682 36297
36293 18826 72387 4356 36297
36293 25878 45711 4643 36297
36293 31010 45510 8663 36297
36293 10570 53670 1556 36297
36293 30746 45748 5828 36297
36293 31365 60021 1382 36297
36293 13676 73067 7145 36297
36293 28984 57184 1869 36297
36293 13584 46482 6644 36297
36293 34705 59014 5902 36297
36293 20841 60984 3084 36297
36293 26134 48265 6916 36297
36293 18607 46466 9073 36297
36293 35027 56575 7950 36297
36293 36234 65258 8574 36297
36293 27629 55316 8982 36297
36293 16032 52154 1542 36297
36293 27872 50241 8713 36297
36293 32733 72619 2707 36297
36293 32856 46937 3673 36297
36293 25251 53193 8606 36297
36293 12251 61265 4406 36297
36293 10361 50453 8873 36297
36293 35515 45349 9102 36297
36293 16909 75580 2506 36297
36293 18232 49920 6370 36297
36293 12320 50293 6000 36297
36293 15060 51046 5685 36297
36293 24963 48501 7685 36297
36293 34070 65549 7114 36297
36293 34431 69581 7093 36297
36293 28595 46259 8226 36297
36293 12972 64742 7079 36297
36293 36068 70264 9407 36297
36293 10559 69376 2511 36297
36293 22799 58962 252 36297
36293 35667 55507 3214 36297
36293 13245 56799 9106 36297
36293 24928 51777 2243 36297
36293 19151 77341 7566 36297
36293 13096 47974 4702 36297
36293 27105 74458 9285 36297
36293 16393 57161 5382 36297
36293 21205 59826 5825 36297
36293 19618 55691 9573 36297
36293 24986 64678 9493 36297
36293 26825 66572 10 36297
36293 14750 77072 955 36297
36293 35052 77778 1214 36297
36293 30168 46947 218 36297
36293 18670 76132 4860 36297
36293 15162 63215 4442 36297
36293 20892 46670 7514 36297
36293 31140 62321 8317 36297
36293 22092 63471 6704 36297
36293 19522 62401 3580 36297
36293 18261 56072 5357 36297
36293 19335 50797 1143 36297
36293 32950 71215 8901 36297
36293 22469 75860 9492 36297
36293 30868 63299 5547 36297
36293 13632 75013 6106 36297
36293 25673 46081 8586 36297
36293 27282 72447 8201 36297
36293 10395 56093 5458 36297
36293 32298 76644 7179 36297
36293 25864 49026 9119 36297
36293 33625 54154 5709 36297
36293 28223 67412 2112 36297
36293 33162 70416 1027 36297
36293 12795 52226 9496 36297
36293 31392 65074 4845 36297
36293 26062 68476 1992 36297
36293 22860 78221 3338 36297
36293 12459 53486 1283 36297
36293 34751 70868 999 36297
36293 16557 47798 4598 36297
36293 23887 54537 9139 36297
36293 35977 54293 6131 36297
36293 15071 52978 8895 36297
36293 28477 73182 8866 36297
36293 28107 45530 815 36297
36293 23662 59751 3166 36297
36293 30045 75056 2309 36297
36293 16469 46804 1551 36297
36293 24138 56089 215 36297
36293 18216 66356 1184 36297
36293 16436 75911 7904 36297
36293 24828 63126 6675 36297
36293 32962 56670 3080 36297
36293 17500 76958 1536 36297
36293 20584 69636 7670 36297
36293 33037 74769 7905 36297
36293 35897 71311 4362 36297
36293 24927 48059 7294 36297
36293 10359 54356 8307 36297
36293 25828 57013 970 36297
36293 24254 51165 9430 36297
36293 29070 50156 8706 36297
36293 10702 55422 7406 36297
36293 31799 59134 9637 36297
36293 16965 54936 5577 36297
36293 12046 77459 4444 36297
36293 19890 47685 8059 36297
36293 18327 60230 1315 36297
36293 24972 63074 2517 36297
36293 30691 71036 2532 36297
36293 27466 53374 8164 36297
36293 9747 69387 8323 36297
36293 20328 58822 2616 36297
36293 16382 77182 8763 36297
36293 22373 51504 3203 36297
36293 15466 74158 8029 36297
36293 19634 51526 1226 36297
36293 31042 64541 3048 36297
36293 19955 74417 5029 36297
36293 13155 57353 1089 36297
36293 33091 50038 914 36297
36293 25518 61713 9599 36297
36293 16881 48528 357 36297
36293 24115 63486 1482 36297
36293 30941 47654 457 36297
36293 30249 62216 9658 36297
36293 15261 78206 4195 36297
36293 23216 72279 7854 36297
36293 35906 52875 6059 36297
36293 31403 73981 3055 36297
36293 33141 50318 3402 36297
36293 12918 47972 106 36297
36293 18249 59839 3245 36297
36293 21870 55120 4192 36297
36293 21469 70909 7762 36297
36293 24741 63570 8828 36297
36293 32072 70319 1633 36297
36293 25654 47370 3060 36297
36293 35601 65598 6773 36297
36293 30230 68356 5985 36297
36293 30427 59514 8932 36297
36293 16500 63616 2666 36297
36293 14646 70719 7613 36297
36293 28369 68379 5515 36297
36293 11634 45513 4601 36297
36293 11605 76475 4107 36297
36293 27346 69326 7667 36297
36293 21647 51055 9151 36297
36293 16721 58875 9180 36297
36293 33287 63331 8689 36297
36293 23417 71355 1244 36297
36293 12976 69489 234 36297
36293 26345 45639 2624 36297
36293 15783 72515 5827 36297
36293 18892 51897 4327 36297
36293 11187 66012 9565 36297
36293 12256 74972 1302 36297
36293 17660 66927 8363 36297
36293 25924 57075 3393 36297
36293 13943 76626 2616 36297
36293 13865 73382 960 36297
36293 28802 55639 1078 36297
36293 34568 51564 9388 36297
36293 20047 60341 5158 36297
36293 26718 45243 8566 36297
36293 11712 51428 6653 36297
36293 14189 54667 6566 36297
36293 35611 74317 8888 36297
36293 11539 49882 3330 36297
36293 24289 57281 926 36297
36293 34004 51284 7343 36297
36293 32257 70957 4456 36297
36293 27965 70912 5407 36297
36293 21711 49499 5627 36297
36293 20608 75202 3422 36297
36293 21466 46692 1790 36297
36293 22341 72502 2651 36297
36293 11846 64402 803 36297
36293 35168 76255 3375 36297
36293 13161 46859 5021 36297
36293 18371 48525 3184 36297
36293 10120 52311 353 36297
36293 23563 70037 9404 36297
36293 26770 69400 4071 36297
36293 35493 45606 6447 36297
36293 32313 68637 9104 36297
36293 18942 50377 6672 36297
36293 30027 56155 4947 36297
36293 11215 74640 3641 36297
36293 16835 45380 1795 36297
36293 10127 49122 8732 36297
36293 22029 59406 1203 36297
36293 26232 76474 6470 36297
36293 29629 61161 1838 36297
36293 13366 56641 2180 36297
36293 27196 76550 505 36297
36293 34827 56577 2535 36297
36293 11370 77059 3340 36297
36293 31684 72869 2872 36297
36293 11304 54669 4075 36297
36293 34003 74371 7656 36297
36293 32504 61773 7097 36297
36293 25891 76258 3489 36297
36293 12964 53739 7173 36297
36293 21950 71153 4814 36297
36293 29301 64508 6681 36297
36293 12917 62176 1928 36297
36293 35901 75464 2275 36297
36293 34187 75603 966 36297
36293 19414 70487 7547 36297
36293 10199 65792 6862 36297
36293 26261 52843 2922 36297
36293 27602 63800 7181 36297
36293 32966 58601 5460 36297
36293 20482 77545 3117 36297
36293 9853 57091 8441 36297
36293 27532 51069 2116 36297
36293 12368 65811 422 36297
36293 15098 74803 4473 36297
36293 34013 53912 9689 36297
36293 22734 47556 1115 36297
36293 22882 76142 9016 36297
36293 13527 66905 4435 36297
36293 10714 49959 6887 36297
36293 20959 45191 4399 36297
36293 33914 49429 5359 36297
36293 12057 48249 5603 36297
36293 29167 55127 208 36297
36293 31594 69795 8365 36297
36293 15102 77140 1178 36297
36293 32415 63227 1252 36297
36293 26621 57489 382 36297
36293 13241 60848 6745 36297
36293 31406 47759 7887 36297
36293 34066 69213 2086 36297
36293 34274 56336 1881 36297
36293 17013 62640 5095 36297
36293 13474 65801 7865 36297
36293 13869 56477 780 36297
36293 34186 56211 1938 36297
36293 27327 60856 3033 36297
36293 35474 50065 9591 36297
36293 34502 60649 38 36297
36293 32801 65565 473 36297
36293 28994 47099 2838 36297
36293 28105 70377 2818 36297
36293 12744 71961 2287 36297
36293 23726 62702 4842 36297
36293 30638 53802 9639 36297
36293 20365 57392 150 36297
36293 28148 76136 8407 36297
36293 28272 76626 5971 36297
36293 27072 55533 3778 36297
36293 20309 49486 677 36297
36293 30201 47371 5099 36297
36293 18347 65025 7718 36297
36293 32969 45824 6552 36297
36293 13462 63903 2616 36297
36293 18681 77493 877 36297
36293 14850 63621 5902 36297
36293 29286 54644 2534 36297
36293 22066 58663 285 36297
36293 24416 75342 6880 36297
36293 26271 59741 8266 36297
36293 12058 55116 1173 36297
36293 23274 45195 3386 36297
36293 33302 63153 4773 36297
36293 28264 75003 6274 36297
36293 18594 75213 5628 36297
36293 32526 69324 4520 36297
36293 30591 55590 4696 36297
36293 12881 72660 907 36297
36293 23719 56429 2563 36297
36293 23824 60886 4364 36297
36293 17293 76468 5811 36297
36293 14703 59439 2549 36297
36293 27160 54531 369 36297
36293 34002 63247 5259 36297
36293 29099 48277 7882 36297
36293 26845 61327 3998 36297
36293 35447 78205 9333 36297
36293 13092 66923 2135 36297
36293 26044 61219 6325 36297
36293 28329 71153 2209 36297
36293 18140 52870 8499 36297
36293 31060 65235 1795 36297
36293 16048 76389 8948 36297
36293 31358 54360 5022 36297
36293 26670 47572 5817 36297
36293 25711 55533 5304 36297
36293 16210 67273 789 36297
36293 29547 49762 5346 36297
36293 28068 61880 7127 36297
36293 24025 74070 4931 36297
36293 22098 75600 620 36297
36293 16878 75936 7259 36297
36293 35134 55256 3315 36297
36293 36008 60954 857 36297
36293 28199 59975 3302 36297
36293 36087 45459 5778 36297
36293 34847 50387 7413 36297
36293 23066 61634 7459 36297
36293 24838 75602 9325 36297
36293 32007 53566 6672 36297
36293 16101 47984 607 36297
36293 20513 58657 2642 36297
36293 30615 70900 8775 36297
36293 17211 47309 9096 36297
36293 32199 67510 660 36297
36293 26683 63685 2548 36297
36293 35267 62427 7450 36297
36293 11113 48457 2799 36297
36293 10357 49549 1032 36297
36293 13246 47593 1402 36297
36293 34635 45548 7216 36297
36293 28720 70291 5975 36297
36293 14968 60431 4832 36297
36293 33754 52800 6089 36297
36293 36244 73772 4439 36297
36293 12911 54407 1240 36297
36293 12487 50965 4173 36297
36293 25498 46634 8537 36297
36293 35034 76527 2000 36297
36293 27978 72129 110 36297
36293 18439 59063 3046 36297
36293 32308 56814 9397 36297
36293 25514 45544 1097 36297
36293 33972 72475 1328 36297
36293 11498 76224 646 36297
36293 31804 74036 985 36297
36293 13177 54613 1783 36297
36293 31309 46709 1046 36297
36293 28064 58343 7222 36297
36293 22521 51717 6037 36297
36293 13229 52912 4177 36297
36293 32236 66809 3288 36297
36293 20178 76459 1819 36297
36293 14490 63426 3746 36297
36293 21304 69047 1623 36297
36293 21664 47795 2355 36297
36293 21557 45309 7375 36297
36293 25715 54593 8709 36297
36293 12621 48212 8432 36297
36293 28718 67020 5088 36297
36293 34859 67480 9427 36297
36293 23981 59105 4675 36297
36293 11823 51506 5250 36297
36293 10999 69116 2044 36297
36293 21079 50316 4608 36297
36293 16799 56998 5059 36297
36293 20981 77999 9550 36297
36293 17977 52319 593 36297
36293 28376 59672 6749 36297
36293 16528 57080 9533 36297
36293 11530 48617 149 36297
36293 29418 47174 6580 36297
36293 10045 51926 5670 36297
36293 31636 71987 5900 36297
36293 34398 47500 7128 36297
36293 14796 66253 4477 36297
36293 27215 56607 2217 36297
36293 10751 62675 9592 36297
36293 33487 49187 43 36297
36293 27674 73210 7663 36297
36293 16823 51366 453 36297
36293 16664 48068 9160 36297
36293 14302 46866 8044 36297
36293 10127 50038 3904 36297
36293 12989 51959 8372 36297
36293 11527 60995 1212 36297
36293 11471 65609 9422 36297
36293 26069 68975 495 36297
36293 34335 65015 8712 36297
36293 28699 51205 9233 36297
36293 34896 68527 1415 36297
36293 23768 61992 4832 36297
36293 33432 73237 2392 36297
36293 18013 54365 2175 36297
36293 18091 65223 7964 36297
36293 22743 47924 703 36297
36293 33529 61151 3538 36297
36293 24067 53643 7908 36297
36293 20290 61234 4200 36297
36293 21188 48164 9111 36297
36293 33211 61313 1817 36297
36293 25963 46687 8974 36297
36293 13035 45595 9292 36297
36293 34018 55867 496 36297
36293 35720 46429 4 36297
36293 34689 48532 8727 36297
36293 15681 46820 54 36297
36293 14348 46476 6011 36297
36293 13406 69752 5074 36297
36293 28134 48873 2309 36297
36293 34479 57849 4349 36297
36293 10045 49943 27 36297
36293 11684 61969 5102 36297
36293 19282 75494 2449 36297
36293 25257 58055 9120 36297
36293 26160 51096 2501 36297
36293 9720 60879 956 36297
36293 24403 47176 7712 36297
36293 20819 48801 4810 36297
36293 12259 76989 602 36297
36293 26794 73878 4560 36297
36293 19660 76576 7953 36297
36293 33285 62376 7518 36297
36293 18319 48557 5623 36297
36293 33129 69304 3548 36297
36293 28296 75936 6348 36297
36293 29556 48768 3441 36297
36293 35273 77162 4403 36297
36293 20931 74439 1756 36297
36293 26580 74308 912 36297
36293 21026 63275 7996 36297
36293 24846 48414 6760 36297
36293 17841 69921 4060 36297
36293 16885 58243 5645 36297
36293 21492 74843 7779 36297
36293 10457 77837 5949 36297
36293 31398 58920 8646 36297
36293 21247 59637 6531 36297
36293 18246 53340 3298 36297
36293 35388 74469 3305 36297
36293 20123 70950 9270 36297
36293 30023 49758 1291 36297
36293 24404 65356 5259 36297
36293 26524 59891 3775 36297
36293 29588 61919 8596 36297
36293 24628 75761 9189 36297
36293 17633 67236 7673 36297
36293 24189 59594 1482 36297
36293 13435 71532 9157 36297
36293 33979 49359 5546 36297
36293 30056 64472 7007 36297
36293 28649 54012 6903 36297
36293 19025 55364 2017 36297
36293 34436 52300 8335 36297
36293 28989 58485 374 36297
36293 10773 53297 8547 36297
36293 33674 68299 4608 36297
36293 15721 76111 8227 36297
36293 29181 70878 5434 36297
36293 29839 73192 4167 36297
36293 27575 67452 1904 36297
36293 22634 48996 138 36297
36293 26344 68150 5651 36297
36293 22952 54102 3182 36297
36293 33603 68919 7289 36297
36293 18339 67999 9442 36297
36293 10051 68873 3620 36297
36293 18473 61639 1745 36297
36293 14054 54321 1616 36297
36293 28091 65458 8689 36297
36293 29335 61728 6128 36297
36293 12741 77552 8248 36297
36293 15977 55894 166 36297
36293 35977 63568 4730 36297
36293 13339 75345 5550 36297
36293 11925 45549 6647 36297
36293 23413 64014 1577 36297
36293 30149 57700 3955 36297
36293 26720 45884 9048 36297
36293 24637 54022 6132 36297
36293 33843 63766 7896 36297
36293 12341 50798 2534 36297
36293 30874 50090 4667 36297
36293 21063 57107 2458 36297
36293 27310 54138 5153 36297
36293 23782 77965 37 36297
36293 34160 69337 9151 36297
36293 23683 71317 7705 36297
36293 17288 62566 6668 36297
36293 24657 72583 4027 36297
36293 27291 73096 8705 36297
36293 23113 53079 399 36297
36293 29679 60212 8515 36297
36293 28799 52189 1340 36297
36293 18485 49632 4518 36297
36293 25229 58779 933 36297
36293 18950 62367 4839 36297
36293 26562 60109 8824 36297
36293 26960 76771 611 36297
36293 24163 52396 2678 36297
36293 27790 71387 6084 36297
36293 22259 49427 6903 36297
36293 34584 66489 7770 36297
36293 17871 71655 6979 36297
36293 32417 46200 1176 36297
36293 24159 52799 5852 36297
36293 22422 57224 2878 36297
36293 26936 47920 3947 36297
36293 30592 45337 3623 36297
36293 15312 71687 4510 36297
36293 25718 71587 5984 36297
36293 11669 66542 5314 36297
36293 25542 58726 3043 36297
36293 28325 52926 419 36297
36293 16164 71548 8929 36297
36293 10233 54040 2936 36297
36293 15569 69586 3842 36297
36293 30254 50950 8159 36297
36293 19638 65330 9406 36297
36293 24696 71727 3948 36297
36293 20714 46750 6238 36297
36293 24686 76696 1360 36297
36293 11095 52463 1139 36297
36293 13825 55941 9148 36297
36293 27179 51468 1845 36297
36293 32196 54100 3527 36297
36293 18822 54826 6906 36297
36293 21699 67858 4248 36297
36293 21943 53792 846 36297
36293 10163 50233 4567 36297
36293 26081 69208 4368 36297
36293 13723 52038 8026 36297
36293 25968 65854 8277 36297
36293 12985 58537 8528 36297
36293 36110 59382 2264 36297
36293 33865 75859 9589 36297
36293 33832 71303 3264 36297
36293 35013 74278 46 36297
36293 24450 51470 3263 36297
36293 31646 50039 1674 36297
36293 27644 74133 9254 36297
36293 19247 77912 1787 36297
36293 18547 53058 152 36297
36293 35887 62587 3945 36297
36293 26990 69009 5832 36297
36293 31307 74893 2631 36297
36293 15242 49663 6292 36297
36293 35241 53182 6872 36297
36293 11733 60532 4710 36297
36293 19047 59581 1454 36297
36293 25324 62602 2927 36297
36293 34865 63783 397 36297
36293 22629 52648 1505 36297
36293 29372 51609 7511 36297
36293 17939 54891 1321 36297
36293 12118 48963 7626 36297
36293 24297 48009 8020 36297
36293 32354 64398 161 36297
36293 23835 63371 2919 36297
36293 23327 54030 7293 36297
36293 27434 48339 4314 36297
36293 32553 64255 1519 36297
36293 13295 45536 5316 36297
36293 31197 53307 8553 36297
36293 13692 75680 5411 36297
36293 25435 60525 1992 36297
36293 11106 70594 9244 36297
36293 32040 45043 8451 36297
36293 24209 56225 6729 36297
36293 11496 49287 861 36297
36293 19894 52877 827 36297
36293 33539 60128 5793 36297
36293 33912 48421 952 36297
36293 16609 51206 3318 36297
36293 24429 70873 754 36297
36293 33793 49503 4059 36297
36293 36269 58546 6254 36297
36293 18395 48109 9021 36297
36293 26123 75190 9133 36297
36293 30539 50891 300 36297
36293 19795 56180 230 36297
36293 35420 73203 5808 36297
36293 12714 76057 8630 36297
36293 22666 55080 2110 36297
36293 24757 53451 2273 36297
36293 35766 60881 6080 36297
36293 22065 75873 7197 36297
36293 30903 60155 7589 36297
36293 29854 46562 9484 36297
36293 16553 74104 3794 36297
36293 34936 47104 439 36297
36293 26686 61086 8611 36297
36293 27401 45856 1628 36297
36293 30803 62902 2441 36297
36293 19258 50907 8044 36297
36293 25113 47534 3050 36297
36293 30229 77751 4121 36297
36293 13617 46180 9610 36297
36293 19671 50020 8755 36297
36293 14147 66918 508 36297
36293 30044 60740 8356 36297
36293 24541 50840 6954 36297
36293 32219 45638 2889 36297
36293 24919 74188 8672 36297
36293 20003 76674 8828 36297
36293 30342 56417 8737 36297
36293 11291 54212 8558 36297
36293 22978 55012 3055 36297
36293 33334 57148 5619 36297
36293 11900 53116 3854 36297
36293 22070 68655 863 36297
36293 35315 55967 340 36297
36293 33755 58109 2046 36297
36293 16277 55045 456 36297
36293 9895 77026 8196 36297
36293 32357 69835 5926 36297
36293 33615 74530 833 36297
36293 12300 56746 936 36297
36293 22986 55713 3579 36297
36293 14975 70620 8906 36297
36293 33596 77501 3456 36297
36293 13198 54826 7691 36297
36293 20722 45689 3053 36297
36293 17067 62247 3528 36297
36293 33896 76941 5771 36297
36293 19084 50185 1171 36297
36293 32785 75297 671 36297
36293 21294 71528 8676 36297
36293 24064 57450 7324 36297
36293 21141 74501 840 36297
36293 33719 62506 3821 36297
36293 10096 70346 127 36297
36293 36238 71131 4051 36297
36293 28164 63288 318 36297
36293 28884 50585 4434 36297
36293 15013 77458 446 36297
36293 21251 57442 4805 36297
36293 33868 71803 1894 36297
36293 13552 73556 3336 36297
36293 20977 74300 3449 36297
36293 36144 51199 664 36297
36293 9918 47379 4697 36297
36293 31761 67337 2722 36297
36293 21386 68427 2756 36297
36293 27509 77179 3893 36297
36293 13718 50645 1017 36297
36293 10272 51129 8202 36297
36293 12647 76481 8243 36297
36293 26164 70119 255 36297
36293 21945 54714 1970 36297
36293 20491 50721 5621 36297
36293 16928 51539 9441 36297
36293 29520 66098 3852 36297
36293 18795 55046 4592 36297
36293 10687 53306 7074 36297
36293 11003 56327 5726 36297
36293 15356 65746 6800 36297
36293 35275 60294 7853 36297
36293 12176 74539 6511 36297
36293 29978 64115 312 36297
36293 31849 73186 7965 36297
36293 25640 45324 9214 36297
36293 35149 64222 7343 36297
36293 25272 49145 3135 36297
36293 33356 45116 1154 36297
36293 9751 61686 6240 36297
36293 13614 52591 8584 36297
36293 10275 65581 4263 36297
36293 21714 49874 4237 36297
36293 15864 63621 8833 36297
36293 28036 58260 568 36297
36293 29479 57496 742 36297
36293 29496 57464 5683 36297
36293 25011 67449 3035 36297
36293 20677 74057 7969 36297
36293 24713 64114 4845 36297
36293 30194 46266 4353 36297
36293 18730 57220 3626 36297
36293 29336 60253 6009 36297
36293 21278 53882 8473 36297
36293 32370 71159 9245 36297
36293 9925 45104 7268 36297
36293 16282 71580 2767 36297
36293 12422 56128 4668 36297
36293 17473 47343 8312 36297
36293 13579 67918 8078 36297
36293 24649 53164 1591 36297
36293 32189 50500 9249 36297
36293 28288 46371 4804 36297
36293 32958 52528 9058 36297
36293 16421 59758 8552 36297
36293 20728 47024 7843 36297
36293 18428 74720 4760 36297
36293 13226 45558 13 36297
36293 18783 53419 4047 36297
36293 20503 51441 642 36297
36293 16295 76562 3603 36297
36293 30572 47889 4054 36297
36293 34953 62532 3278 36297
36293 23909 69546 2685 36297
36293 17971 70298 2881 36297
36293 28032 56923 5077 36297
36293 29343 51377 5470 36297
36293 14257 65482 1150 36297
36293 31683 60766 4379 36297
36293 12762 71112 2922 36297
36293 31907 78007 7486 36297
36293 30860 77856 3130 36297
36293 10135 69394 1950 36297
36293 28621 70382 5187 36297
36293 33467 77064 9190 36297
36293 33638 75919 6825 36297
36293 16298 76313 589 36297
36293 28690 48348 795 36297
36293 22815 77382 8420 36297
36293 29481 56700 5551 36297
36293 31461 77813 4929 36297
36293 19658 71937 6364 36297
36293 12960 73223 9062 36297
36293 36061 70263 2380 36297
36293 17463 71891 1355 36297
36293 33383 49156 1556 36297
36293 30357 47060 1586 36297
36293 26445 62232 8256 36297
36293 10405 55483 6597 36297
36293 32392 62981 4845 36297
36293 18862 72130 9087 36297
36293 21934 50764 5870 36297
36293 14286 53030 6454 36297
36293 33326 66569 4654 36297
36293 27134 77789 5128 36297
36293 10938 47373 3469 36297
36293 19435 62131 7660 36297
36293 26824 72890 3619 36297
36293 20937 73270 3974 36297
36293 20575 50925 6817 36297
36293 20113 46267 2053 36297
36293 31526 65451 3228 36297
36293 21468 71760 7101 36297
36293 34760 54937 1942 36297
36293 35479 73595 6141 36297
36293 11625 69686 1402 36297
36293 14162 58255 8485 36297
36293 30106 77591 5705 36297
36293 24105 59175 6916 36297
36293 34167 46010 1704 36297
36293 19090 63349 6920 36297
36293 33248 61223 6272 36297
36293 29275 62302 1406 36297
36293 34413 54311 8493 36297
36293 33892 57841 9671 36297
36293 26728 48843 6759 36297
36293 10710 59732 2369 36297
36293 30108 51078 9201 36297
36293 30512 52299 1614 36297
36293 15948 56222 7709 36297
36293 11165 76170 7315 36297
36293 20146 62938 1150 36297
36293 30748 74907 1806 36297
36293 34021 73649 3172 36297
36293 33389 72070 8153 36297
36293 21471 50814 7350 36297
36293 28024 48800 6725 36297
36293 25044 77533 4976 36297
36293 33100 65504 1534 36297
36293 11784 51562 282 36297
36293 15212 60535 899 36297
36293 31286 70795 5178 36297
36293 28826 74852 7367 36297
36293 27978 54196 9668 36297
36293 15407 55607 6921 36297
36293 34877 50051 5492 36297
36293 32782 66338 3332 36297
36293 36232 69161 8688 36297
36293 23159 77385 8169 36297
36293 16869 55958 2081 36297
36293 10392 64839 613 36297
36293 26470 61758 7583 36297
36293 18365 47926 8737 36297
36293 20701 61933 4867 36297
36293 14440 48271 5795 36297
36293 23718 47598 6037 36297
36293 11818 69204 4150 36297
36293 16116 74751 3129 36297
36293 10044 65928 2939 36297
36293 33321 53144 5521 36297
36293 22160 73870 1594 36297
36293 10790 55241 3122 36297
36293 23667 73506 3073 36297
36293 26043 52057 1803 36297
36293 14076 60700 4792 36297
36293 33550 76761 1851 36297
36293 20977 47255 8744 36297
36293 19171 47494 1129 36297
36293 17702 61789 2314 36297
36293 23309 65105 4790 36297
36293 19946 75796 9090 36297
36293 16109 53489 1094 36297
36293 15084 53582 3296 36297
36293 23454 57903 2760 36297
36293 34680 60503 7021 36297
36293 15696 53648 7448 36297
36293 29378 74413 1266 36297
36293 27546 61827 7570 36297
36293 12627 72059 1637 36297
36293 24939 73649 9177 36297
36293 22276 67735 541 36297
36293 29088 50412 3235 36297
36293 16804 47321 1869 36297
36293 10118 60112 5770 36297
36293 16381 50055 8834 36297
36293 36137 72767 2848 36297
36293 23098 77811 989 36297
36293 10864 63564 1873 36297
36293 32727 52377 6643 36297
36293 13278 60351 3225 36297
36293 34895 65392 9599 36297
36293 23661 45962 1274 36297
36293 25691 66222 2370 36297
36293 15066 74847 5559 36297
36293 32454 50750 5554 36297
36293 12439 61105 3012 36297
36293 32990 50012 7972 36297
36293 34850 50575 2304 36297
36293 27114 66590 2359 36297
36293 15469 78166 3224 36297
36293 25399 78083 4266 36297
36293 24797 45135 4143 36297
36293 27188 46218 376 36297
36293 30913 46090 6668 36297
36293 32621 45813 2417 36297
36293 11324 46690 6476 36297
36293 28289 75881 6660 36297
36293 9792 53903 4818 36297
36293 18418 46896 1620 36297
36293 14130 49894 841 36297
36293 28011 53363 5051 36297
36293 23156 51991 8917 36297
36293 22429 77500 6944 36297
36293 13617 76239 1115 36297
36293 22069 49379 2768 36297
36293 14430 45632 5767 36297
36293 17641 77735 2738 36297
36293 35817 56282 9556 36297
36293 14224 69143 8575 36297
36293 29033 75843 3264 36297
36293 15846 46244 777 36297
36293 27565 51116 420 36297
36293 10355 58445 8663 36297
36293 33238 54902 8813 36297
36293 27665 77120 2396 36297
36293 21374 50975 8270 36297
36293 16424 72211 7021 36297
36293 31114 61242 600 36297
36293 13179 68199 6013 36297
36293 32535 61296 5183 36297
36293 34098 45215 864 36297
36293 19356 62152 5770 36297
36293 18304 51535 220 36297
36293 11401 56905 7231 36297
36293 22622 78134 5672 36297
36293 11647 70707 2177 36297
36293 14352 75224 8700 36297
36293 27150 74999 6599 36297
36293 35029 54482 2195 36297
36293 29207 67476 2434 36297
36293 22250 66732 2652 36297
36293 30987 67482 4242 36297
36293 12299 77342 6220 36297
36293 24767 76760 4309 36297
36293 24667 62392 9200 36297
36293 34461 53986 4202 36297
36293 31779 46489 6015 36297
36293 13433 76337 9656 36297
36293 18063 64768 6619 36297
36293 29303 48552 5395 36297
36293 17369 72664 1858 36297
36293 24967 50094 2590 36297
36293 32452 55626 7999 36297
36293 26913 72582 8729 36297
36293 22338 60605 5255 36297
36293 19007 46394 7975 36297
36293 32754 57391 6473 36297
36293 33913 51496 7233 36297
36293 20172 45905 1207 36297
36293 22408 77242 2317 36297
36293 33193 77758 858 36297
36293 36265 64389 6389 36297
36293 26804 46551 9276 36297
36293 9787 76069 1988 36297
36293 19755 54930 2082 36297
36293 19105 46347 2808 36297
36293 16330 65273 7140 36297
36293 10840 67274 300 36297
36293 28322 50006 4763 36297
36293 30340 57413 2508 36297
36293 33517 49944 3263 36297
36293 12833 57613 4639 36297
36293 20040 52400 5114 36297
36293 21487 75688 2785 36297
36293 31976 78180 418 36297
36293 24275 68782 4077 36297
36293 29059 48041 6437 36297
36293 17118 77809 8126 36297
36293 27474 77731 3856 36297
36293 13300 49025 1679 36297
36293 35784 55630 4853 36297
36293 22686 68933 1984 36297
36293 18661 70529 9575 36297
36293 22781 72658 6527 36297
36293 26674 50947 6575 36297
36293 31531 51312 2765 36297
36293 31771 76128 1032 36297
36293 12262 73531 2922 36297
36293 11733 76273 1133 36297
36293 35805 62473 4874 36297
36293 30891 54833 1242 36297
36293 23814 48340 4612 36297
36293 28815 78073 4939 36297
36293 26028 65221 1275 36297
36293 25583 46726 8381 36297
36293 22988 54185 321 36297
36293 13164 54171 5939 36297
36293 12774 74616 4106 36297
36293 17952 59409 4946 36297
36293 28290 50223 9098 36297
36293 33429 50024 4798 36297
36293 15942 69709 2343 36297
36293 28206 50139 6685 36297
36293 32852 49665 7490 36297
36293 31700 60455 4957 36297
36293 17120 66456 348 36297
36293 12156 68945 4563 36297
36293 25104 70813 3429 36297
36293 27940 55032 5445 36297
36293 20327 61581 6694 36297
36293 26915 64495 5314 36297
36293 16085 69988 6698 36297
36293 23585 68304 2395 36297
36293 16682 45131 4241 36297
36293 24531 63953 5747 36297
36293 26817 47957 9054 36297
36293 29561 46751 292 36297
36293 34661 76112 8903 36297
36293 35523 65032 5893 36297
36293 21862 69518 3873 36297
36293 23560 65972 2160 36297
36293 10146 65348 7866 36297
36293 31331 61671 7625 36297
36293 30490 67484 1601 36297
36293 15791 76369 650 36297
36293 34396 58250 4808 36297
36293 33088 48430 2526 36297
36293 15666 61970 9647 36297
36293 27844 68211 3817 36297
36293 23988 74485 4156 36297
36293 18925 47931 1129 36297
36293 16892 56731 4985 36297
36293 22845 76350 863 36297
36293 20080 58819 7692 36297
36293 30084 73105 120 36297
36293 16677 51039 8002 36297
36293 35865 57884 6044 36297
36293 25975 51446 1491 36297
36293 32327 69021 2954 36297
36293 21564 60556 1599 36297
36293 22683 56793 4813 36297
36293 13033 75347 5955 36297
36293 27523 48274 5808 36297
36293 20803 49083 6500 36297
36293 10490 69106 2816 36297
36293 27070 76519 73 36297
36293 35131 75226 2959 36297
36293 14657 69118 1691 36297
36293 34048 70877 1626 36297
36293 26107 52622 6860 36297
36293 21083 73413 8330 36297
36293 19613 58163 585 36297
36293 23371 66114 288 36297
36293 10322 49192 9701 36297
36293 32662 72247 3371 36297
36293 26878 58688 7074 36297
36293 33857 71924 6771 36297
36293 25852 70577 2271 36297
36293 19118 48603 3073 36297
36293 18111 58493 6231 36297
36293 11089 68522 599 36297
36293 29399 77071 8551 36297
36293 33928 70471 9237 36297
36293 35237 55038 7658 36297
36293 26607 63232 5770 36297
36293 29669 66220 2779 36297
36293 11248 53570 1441 36297
36293 13344 68947 4560 36297
36293 13928 71702 3396 36297
36293 18788 68956 6121 36297
36293 18664 75941 1776 36297
36293 20761 69328 2467 36297
36293 34011 48454 4825 36297
36293 30085 53546 2191 36297
36293 16105 55394 5497 36297
36293 33702 72438 9005 36297
36293 34393 77221 1819 36297
36293 12534 49504 8129 36297
36293 31055 59789 8792 36297
36293 31596 74975 2766 36297
36293 21853 48006 7154 36297
36293 27734 52371 7911 36297
36293 31194 71178 1678 36297
36293 27870 77077 6198 36297
36293 25837 61955 9623 36297
36293 17350 68072 8135 36297
36293 11086 46341 5951 36297
36293 32553 65715 2861 36297
36293 11239 51572 6285 36297
36293 21378 77635 7154 36297
36293 21351 68561 9310 36297
36293 16832 51350 1717 36297
36293 16197 45892 1870 36297
36293 16111 47606 3930 36297
36293 33758 56825 5445 36297
36293 20944 50188 250 36297
36293 18981 67904 163 36297
36293 17395 77464 113 36297
36293 26847 52030 1731 36297
36293 23105 54752 7334 36297
36293 34709 57500 3889 36297
36293 13679 56874 8290 36297
36293 14667 49074 7131 36297
36293 10943 46496 995 36297
36293 13533 78136 3598 36297
36293 31953 48188 3924 36297
36293 26435 68828 6688 36297
36293 30077 46291 8018 36297
36293 14520 61984 9573 36297
36293 20527 64864 5639 36297
36293 14122 57889 2948 36297
36293 27617 64255 5500 36297
36293 20674 57790 752 36297
36293 22113 60517 3673 36297
36293 19985 59169 1306 36297
36293 20992 59968 1125 36297
36293 29373 53575 6822 36297
36293 35045 60911 7116 36297
36293 9748 49364 2322 36297
36293 21754 65374 386 36297
36293 16133 62162 1824 36297
36293 31910 62914 909 36297
36293 16396 73859 2308 36297
36293 22599 71946 4420 36297
36293 15899 68173 2522 36297
36293 24223 64866 182 36297
36293 31227 49045 7720 36297
36293 22113 69674 2025 36297
36293 17800 46848 8111 36297
36293 17298 50684 8991 36297
36293 24722 74146 8991 36297
36293 28332 77343 6272 36297
36293 30625 62238 9479 36297
36293 29258 51558 7780 36297
36293 15158 75967 4307 36297
36293 33113 66300 9062 36297
36293 26574 67329 2743 36297
36293 29528 48696 2090 36297
36293 27853 77721 3963 36297
36293 26097 63292 7933 36297
36293 17998 73827 1118 36297
36293 31200 68121 2406 36297
36293 11374 56126 776 36297
36293 10529 66941 5938 36297
36293 19528 58472 3061 36297
36293 15448 57121 3484 36297
36293 29264 72393 9312 36297
36293 31615 66637 4470 36297
36293 32956 61252 1190 36297
36293 12949 47797 4292 36297
36293 11515 56153 5195 36297
36293 30099 59165 7979 36297
36293 35108 65614 6351 36297
36293 16155 61357 4727 36297
36293 25087 67311 3673 36297
36293 18329 53434 6610 36297
36293 13112 62031 4771 36297
36293 16321 45217 4209 36297
36293 21608 72061 8811 36297
36293 13093 54539 2587 36297
36293 18694 57697 185 36297
36293 26973 67682 8845 36297
36293 22316 53523 2764 36297
36293 35911 49283 9670 36297
36293 26206 67812 9241 36297
36293 13005 77042 6779 36297
36293 33371 53922 4340 36297
36293 10439 46483 536 36297
36293 23565 45044 4297 36297
36293 14701 46346 7558 36297
36293 19564 62038 8525 36297
36293 24796 67304 8308 36297
36293 19938 71150 5097 36297
36293 31448 63510 1376 36297
36293 35484 46926 2840 36297
36293 27525 45465 1005 36297
36293 18504 68680 8900 36297
36293 10180 46755 8312 36297
36293 25851 61190 4046 36297
36293 18539 77691 3603 36297
36293 24518 58611 3907 36297
36293 32181 69102 6472 36297
36293 35227 75688 3963 36297
36293 11265 57104 4023 36297
36293 26388 51565 576 36297
36293 17238 71691 5095 36297
36293 13575 45493 3127 36297
36293 32165 67005 1264 36297
36293 14322 64859 3891 36297
36293 18035 75245 7008 36297
36293 16617 64475 1648 36297
36293 35743 70438 6219 36297
36293 25420 60974 5158 36297
36293 20223 56234 1234 36297
36293 18643 49406 7434 36297
36293 19479 64308 5244 36297
36293 32372 73618 5685 36297
36293 14365 49442 6609 36297
36293 34988 64841 7884 36297
36293 21680 55906 5431 36297
36293 30206 71159 2093 36297
36293 25897 60935 2645 36297
36293 22175 49834 7934 36297
36293 21664 72727 134 36297
36293 34587 52418 4640 36297
36293 27036 59163 7767 36297
36293 31459 53174 5897 36297
36293 12828 50974 7729 36297
36293 33009 50379 5796 36297
36293 12689 58312 1010 36297
36293 12824 59247 8487 36297
36293 18459 52041 5513 36297
36293 24467 73051 1731 36297
36293 32343 65105 9529 36297
36293 17470 54257 4339 36297
36293 23966 45832 9028 36297
36293 18060 48664 2532 36297
36293 33743 64134 4739 36297
36293 29342 56363 4159 36297
36293 27716 77438 7739 36297
36293 32063 51056 2211 36297
36293 35436 50240 7987 36297
36293 11283 73226 9601 36297
36293 13955 45051 4304 36297
36293 10438 56727 9552 36297
36293 25228 48133 7915 36297
36293 15743 48028 3701 36297
36293 31155 65992 850 36297
36293 22019 51407 4409 36297
36293 27965 72979 7565 36297
36293 25595 56247 9353 36297
36293 32892 70507 7256 36297
36293 15191 45469 9257 36297
36293 22484 49275 5604 36297
36293 13627 46035 3671 36297
36293 28612 76560 1813 36297
36293 21962 59015 8360 36297
36293 10286 67458 6590 36297
36293 21800 77880 7821 36297
36293 11449 60728 9552 36297
36293 17843 72643 2124 36297
36293 35016 62087 8103 36297
36293 28981 62084 6116 36297
36293 34239 50588 8856 36297
36293 26768 53817 6365 36297
36293 26928 67448 4050 36297
36293 32762 75472 6411 36297
36293 10137 73493 9217 36297
36293 15963 50796 4405 36297
36293 33952 77486 6059 36297
36293 36163 51505 682 36297
36293 10720 64439 3360 36297
36293 25003 60651 506 36297
36293 35938 50254 6685 36297
36293 17699 71780 183 36297
36293 23065 77520 4586 36297
36293 18100 66912 6040 36297
36293 32514 70857 4130 36297
36293 28938 51341 9118 36297
36293 36115 58603 8968 36297
36293 10505 65645 6020 36297
36293 25060 73012 3754 36297
36293 31634 69266 8691 36297
36293 21987 63177 7199 36297
36293 12326 56686 1035 36297
36293 17342 49787 1059 36297
36293 30065 50352 4895 36297
36293 16803 74964 4187 36297
36293 24236 67891 2728 36297
36293 13590 49157 1001 36297
36293 33141 76537 1910 36297
36293 13805 59947 4920 36297
36293 18872 75271 5296 36297
36293 19523 57840 6576 36297
36293 29413 64496 2918 36297
36293 31281 74689 8424 36297
36293 17400 53371 3307 36297
36293 29391 62935 1813 36297
36293 18982 50569 4794 36297
36293 16973 48815 3009 36297
36293 31954 67063 2600 36297
36293 23330 54115 3113 36297
36293 26922 63210 3216 36297
36293 29702 76799 4600 36297
36293 32339 46650 968 36297
36293 16202 74313 6883 36297
36293 20876 47441 6846 36297
36293 35124 53592 517 36297
36293 25665 60371 885 36297
36293 14091 50313 8189 36297
36293 34723 68028 9571 36297
36293 24160 72339 613 36297
36293 33841 45308 1028 36297
36293 36248 55338 681 36297
36293 13490 49740 3503 36297
36293 27685 46351 6286 36297
36293 17291 74745 3035 36297
36293 28562 74830 2688 36297
36293 14074 62363 8810 36297
36293 14197 54939 8876 36297
36293 34903 56722 9653 36297
36293 28653 59473 2888 36297
36293 28179 66956 1759 36297
36293 27386 74110 8424 36297
36293 19635 77861 9187 36297
36293 16807 70880 4521 36297
36293 17349 78116 4052 36297
36293 19086 52512 6993 36297
36293 24934 46127 8071 36297
36293 30407 65638 2575 36297
36293 28741 72183 6476 36297
36293 30005 51160 4620 36297
36293 25957 62462 3691 36297
36293 13377 56605 1604 36297
36293 22456 70952 9374 36297
36293 29799 64967 6241 36297
36293 29489 58706 5708 36297
36293 33502 50433 2422 36297
36293 28859 63953 5960 36297
36293 22058 51911 6126 36297
36293 26940 66020 7484 36297
36293 24145 58931 1222 36297
36293 23747 61613 2932 36297
36293 26622 72057 26 36297
36293 30460 53244 5950 36297
36293 18520 65168 4501 36297
36293 22002 72113 1476 36297
36293 28050 74195 4408 36297
36293 21930 71277 3958 36297
36293 13390 73179 4218 36297
36293 15830 66233 730 36297
36293 11851 46559 333 36297
36293 23274 72437 3847 36297
36293 19498 50848 4464 36297
36293 16634 73147 5065 36297
36293 28359 67623 8621 36297
36293 20052 49635 8052 36297
36293 17648 65616 7887 36297
36293 15401 54570 953 36297
36293 33665 48191 5985 36297
36293 27623 49605 8292 36297
36293 21545 45470 5790 36297
36293 35056 77948 3159 36297
36293 31407 77308 1609 36297
36293 11381 48716 5610 36297
36293 13930 53943 8271 36297
36293 26201 72428 347 36297
36293 32503 67730 7235 36297
36293 29162 61995 7961 36297
36293 22611 55619 1704 36297
36293 20906 67921 9410 36297
36293 22580 50879 5623 36297
36293 18003 53375 6474 36297
36293 29741 67388 842 36297
36293 17093 65848 4008 36297
36293 16019 45840 3555 36297
36293 22391 56714 1196 36297
36293 11719 71198 5659 36297
36293 9910 67045 2279 36297
36293 18608 54817 4943 36297
36293 15267 53061 9330 36297
36293 25253 46668 7507 36297
36293 11115 55583 1029 36297
36293 10574 55378 3076 36297
36293 21089 72880 6896 36297
36293 14943 49055 9237 36297
36293 27863 77108 4047 36297
36293 22025 52904 9591 36297
36293 11227 51052 4518 36297
36293 15274 63046 6450 36297
36293 32435 50958 2265 36297
36293 29712 75557 7127 36297
36293 29745 74515 3234 36297
36293 21839 76354 2657 36297
36293 25588 52367 4327 36297
36293 23026 57594 450 36297
36293 26361 56192 9399 36297
36293 29028 46982 1086 36297
36293 22557 45223 3243 36297
36293 35191 74632 8362 36297
36293 28971 46870 6900 36297
36293 12059 45340 5687 36297
36293 27015 71675 6436 36297
36293 21855 60545 9494 36297
36293 34264 58847 883 36297
36293 28313 50418 895 36297
36293 11988 57012 9610 36297
36293 22931 45058 5779 36297
36293 11216 73174 6155 36297
36293 33788 58682 5834 36297
36293 16489 64746 4921 36297
36293 13738 63288 5965 36297
36293 29583 63439 7025 36297
36293 35407 75217 5516 36297
36293 10201 51670 5477 36297
36293 34593 45835 4404 36297
36293 14902 49811 7765 36297
36293 20874 74961 460 36297
36293 18648 51445 8547 36297
36293 15594 53064 2074 36297
36293 31600 60600 9560 36297
36293 31866 75622 8321 36297
36293 10307 58756 7991 36297
36293 30053 45889 7204 36297
36293 12352 62568 7348 36297
36293 11408 60528 2544 36297
36293 11697 45775 7708 36297
36293 11854 53982 982 36297
36293 26075 51403 8721 36297
36293 31926 71607 3382 36297
36293 35253 55520 959 36297
36293 18533 50036 7975 36297
36293 13650 60982 5145 36297
36293 28993 77543 6227 36297
36293 17716 70657 6550 36297
36293 10212 69233 1964 36297
36293 30656 66123 7225 36297
36293 12051 50257 6787 36297
36293 12605 57931 5768 36297
36293 28977 53268 8016 36297
36293 24133 46882 6814 36297
36293 27140 67960 6745 36297
36293 29603 53409 4692 36297
36293 30189 51531 683 36297
36293 25881 57885 809 36297
36293 24687 58622 8223 36297
36293 31110 76391 6532 36297
36293 14993 65192 664 36297
36293 35142 76068 7686 36297
36293 14371 73951 9456 36297
36293 31359 48730 8611 36297
36293 33524 49122 1257 36297
36293 20496 53672 6283 36297
36293 19026 72813 6727 36297
36293 32301 48129 1206 36297
36293 33208 67965 5908 36297
36293 16067 72587 8185 36297
36293 31500 53962 3091 36297
36293 20597 49729 5704 36297
36293 13485 46955 3078 36297
36293 16176 61324 6650 36297
36293 24130 67509 8145 36297
36293 24819 66744 4127 36297
36293 13079 68275 2626 36297
36293 19547 48497 4438 36297
36293 25510 46115 8777 36297
36293 12669 76950 6013 36297
36293 17302 74478 479 36297
36293 16514 74165 4550 36297
36293 15386 53218 7575 36297
36293 32960 73523 7055 36297
36293 28913 74618 2561 36297
36293 29388 46980 6687 36297
36293 15346 67050 7937 36297
36293 33797 45993 4430 36297
36293 20482 47133 2861 36297
36293 18050 55640 8386 36297
36293 26700 48971 8213 36297
36293 32128 64278 5911 36297
36293 27269 72071 1630 36297
36293 12090 63392 2844 36297
36293 18819 66673 5118 36297
36293 36150 58718 3051 36297
36293 31763 67282 7826 36297
36293 22259 58174 1404 36297
36293 23194 76469 4110 36297
36293 24789 50003 6730 36297
36293 33201 49815 860 36297
36293 23306 60688 3477 36297
36293 16357 74676 3213 36297
36293 30566 76047 1537 36297
36293 12641 57484 5534 36297
36293 14090 60828 3197 36297
36293 11473 47215 8413 36297
36293 33127 67718 8050 36297
36293 23916 46266 9633 36297
36293 16848 77860 4309 36297
36293 17742 73499 3999 36297
36293 29620 64704 9431 36297
36293 27789 54943 1031 36297
36293 15806 51525 5949 36297
36293 19727 45654 5000 36297
36293 13905 48658 1181 36297
36293 18240 55734 4192 36297
36293 20453 56996 961 36297
36293 22765 58027 723 36297
36293 30255 52021 3902 36297
36293 11134 58595 8275 36297
36293 21877 50478 896 36297
36293 15963 58471 3660 36297
36293 30442 52083 5747 36297
36293 17422 60593 8208 36297
36293 31129 45389 412 36297
36293 23632 50480 2729 36297
36293 25406 65994 3313 36297
36293 12014 61182 691 36297
36293 22516 70981 8049 36297
36293 30426 51299 716 36297
36293 27266 49049 8581 36297
36293 10169 67022 2434 36297
36293 17240 54370 6940 36297
36293 30109 48337 9673 36297
36293 15593 61381 9375 36297
36293 23037 71720 2441 36297
36293 29829 64431 4180 36297
36293 30352 74872 8564 36297
36293 34280 76566 1517 36297
36293 27433 49136 2430 36297
36293 30542 77938 8904 36297
36293 26320 60700 4523 36297
36293 24164 75571 1721 36297
36293 36134 53534 2342 36297
36293 23265 73844 7077 36297
36293 28749 75610 310 36297
36293 20174 55165 7418 36297
36293 13755 75246 7027 36297
36293 10950 57085 8631 36297
36293 25906 74952 9109 36297
36293 22702 47631 513 36297
36293 17075 49599 9126 36297
36293 33942 62987 886 36297
36293 11294 46440 1078 36297
36293 15397 61811 6570 36297
36293 10317 57933 4714 36297
36293 29807 59546 6617 36297
36293 26707 49648 9608 36297
36293 29451 50611 6775 36297
36293 23157 52241 5851 36297
36293 26978 57874 4293 36297
36293 24068 51187 7400 36297
36293 29215 51469 6925 36297
36293 19014 53403 8503 36297
36293 21332 53806 9220 36297
36293 27564 54155 8254 36297
36293 19455 52895 3789 36297
36293 33575 48312 4366 36297
36293 25064 77510 3958 36297
36293 11989 53729 8382 36297
36293 35691 76715 5491 36297
36293 23348 68235 8103 36297
36293 17915 67481 6250 36297
36293 26487 63589 5516 36297
36293 16369 70479 1102 36297
36293 34758 54402 6525 36297
36293 25259 76558 9136 36297
36293 15681 65511 721 36297
36293 25779 76243 667 36297
36293 25772 68593 6781 36297
36293 23353 55285 6757 36297
36293 10842 57200 4607 36297
36293 18443 75339 8393 36297
36293 25574 52148 4670 36297
36293 16377 53059 6135 36297
36293 13624 74468 4683 36297
36293 22070 58902 6824 36297
36293 20660 74938 4237 36297
36293 33137 53749 4752 36297
36293 31122 53984 3695 36297
36293 15200 51491 4116 36297
36293 22268 54420 2147 36297
36293 20810 65616 1551 36297
36293 32342 61111 5808 36297
36293 23104 54150 9698 36297
36293 26557 73593 9617 36297
36293 20576 49665 1066 36297
36293 17319 66588 5127 36297
36293 15004 55450 9230 36297
36293 22432 52187 6776 36297
36293 21416 63824 7791 36297
36293 14015 51167 1975 36297
36293 18776 59333 9353 36297
36293 24955 67504 5422 36297
36293 21199 71437 8583 36297
36293 17142 58234 4050 36297
36293 22561 72810 4783 36297
36293 24020 68350 2990 36297
36293 14316 47124 1618 36297
36293 36218 62408 2375 36297
36293 9811 59766 424 36297
36293 10990 46968 665 36297
36293 35602 49088 3413 36297
36293 32466 51353 3509 36297
36293 30325 60631 734 36297
36293 27368 69880 4360 36297
36293 18781 51996 5089 36297
36293 24640 54758 7713 36297
36293 16453 76818 490 36297
36293 19783 75829 4125 36297
36293 32302 53557 7286 36297
36293 27918 45434 8527 36297
36293 21292 50443 7368 36297
36293 16660 59462 5990 36297
36293 9718 74685 3719 36297
36293 31106 74159 3965 36297
36293 29895 54364 4513 36297
36293 24723 64264 4321 36297
36293 17373 54186 2395 36297
36293 24528 76446 249 36297
36293 23816 53269 1099 36297
36293 18441 45422 3280 36297
36293 11111 66926 490 36297
36293 30053 55759 9271 36297
36293 26000 62288 4570 36297
36293 26419 55924 1601 36297
36293 23939 48685 2818 36297
36293 12881 63872 9267 36297
36293 12616 53070 780 36297
36293 28478 62267 4128 36297
36293 11144 45486 2666 36297
36293 28900 55071 9031 36297
36293 31896 53275 6529 36297
36293 15341 59793 2560 36297
36293 11694 58813 9316 36297
36293 34388 71075 9162 36297
36293 26175 66565 9098 36297
36293 10325 72385 807 36297
36293 27082 74621 8908 36297
36293 20911 64798 9192 36297
36293 17186 68946 9388 36297
36293 15211 74053 1302 36297
36293 24609 53883 7282 36297
36293 29480 72138 3552 36297
36293 24513 62191 1129 36297
36293 13515 53397 6411 36297
36293 29794 60214 7416 36297
36293 30166 68969 9475 36297
36293 27007 68263 35 36297
36293 21743 74736 4462 36297
36293 32058 46786 599 36297
36293 27584 70612 399 36297
36293 28125 68575 646 36297
36293 31306 65742 3058 36297
36293 28855 46196 4887 36297
36293 32664 45560 3486 36297
36293 14589 53663 2929 36297
36293 11400 60996 7490 36297
36293 21956 52103 8048 36297
36293 10550 70266 6455 36297
36293 17937 54588 3043 36297
36293 20685 46663 3081 36297
36293 24573 55846 1807 36297
36293 24986 63533 4934 36297
36293 21633 64388 2075 36297
36293 18848 65917 8376 36297
36293 14680 71751 6938 36297
36293 24383 58275 4589 36297
36293 20749 62204 2008 36297
36293 17280 51560 7602 36297
36293 14585 60597 5001 36297
36293 33825 56505 2002 36297
36293 17231 67982 1522 36297
36293 10641 57901 477 36297
36293 32656 78156 4082 36297
36293 31893 73042 1426 36297
36293 9778 45365 6048 36297
36293 14503 61469 6477 36297
36293 22061 50856 5302 36297
36293 19570 74941 847 36297
36293 16640 50281 5790 36297
36293 11591 54035 1060 36297
36293 15263 51751 7821 36297
36293 34329 59824 5480 36297
36293 11593 54138 6495 36297
36293 24476 73692 1474 36297
36293 13472 70524 4694 36297
36293 23574 73203 8308 36297
36293 15050 53590 6794 36297
36293 18377 53344 4385 36297
36293 29299 71283 2615 36297
36293 29152 48432 2645 36297
36293 14614 75897 5008 36297
36293 22620 77391 5389 36297
36293 9980 77645 7523 36297
36293 17488 70752 2788 36297
36293 22270 62020 9048 36297
36293 33172 51784 2943 36297
36293 20945 53871 173 36297
36293 30506 58848 3798 36297
36293 14947 72513 7656 36297
36293 21935 65856 2604 36297
36293 35076 74754 6949 36297
36293 17116 74639 6042 36297
36293 35030 52139 3587 36297
36293 14212 53960 9099 36297
36293 25868 46667 24 36297
36293 20866 73875 874 36297
36293 14106 49876 637 36297
36293 15138 53484 7499 36297
36293 32079 56408 7519 36297
36293 30219 45958 2329 36297
36293 19745 77573 2425 36297
36293 11101 49477 3009 36297
36293 18477 63362 8453 36297
36293 33011 56424 5905 36297
36293 18548 52366 6803 36297
36293 34062 65853 6722 36297
36293 16688 46946 3354 36297
36293 15882 59230 1977 36297
36293 22027 59969 8897 36297
36293 25290 62821 9404 36297
36293 19700 75610 5344 36297
36293 26567 70683 3449 36297
36293 25724 55267 9157 36297
36293 15624 76564 509 36297
36293 12305 64504 3115 36297
36293 19159 45443 3772 36297
36293 33331 68712 2530 36297
36293 32903 75157 8908 36297
36293 16812 52130 4575 36297
36293 23796 71250 3109 36297
36293 19088 67133 2269 36297
36293 11971 64124 4882 36297
36293 15641 60835 2886 36297
36293 12009 55818 9267 36297
36293 14309 77337 5046 36297
36293 33535 58142 714 36297
36293 29143 73571 7489 36297
36293 35311 71138 1249 36297
36293 23561 76843 3267 36297
36293 34643 57151 8915 36297
36293 27169 69477 4718 36297
36293 13437 52503 1975 36297
36293 14143 45744 8407 36297
36293 19277 76595 291 36297
36293 19116 75735 2116 36297
36293 30935 64975 8144 36297
36293 24132 55044 2938 36297
36293 11388 55767 7534 36297
36293 17260 73600 1699 36297
36293 31484 76063 7154 36297
36293 9853 65003 3568 36297
36293 18174 69375 363 36297
36293 19646 53667 9384 36297
36293 19174 53494 160 36297
36293 11065 47465 1880 36297
36293 11441 75733 3530 36297
36293 35259 45094 5685 36297
36293 25561 57553 6104 36297
36293 29647 50526 3765 36297
36293 19343 49011 5456 36297
36293 35312 74951 2933 36297
36293 31224 58692 9201 36297
36293 12143 49986 2769 36297
36293 22574 68774 5124 36297
36293 12125 51714 8812 36297
36293 29292 66370 2238 36297
36293 16316 52551 7499 36297
36293 31891 61732 5539 36297
36293 29855 67081 7237 36297
36293 17059 59227 1962 36297
36293 16707 59233 5622 36297
36293 13220 68582 8349 36297
36293 25640 45924 7420 36297
36293 11399 72832 7814 36297
36293 23476 69984 8457 36297
36293 13413 48957 8796 36297
36293 27612 67606 3927 36297
36293 25102 52840 4402 36297
36293 22043 48490 1687 36297
36293 12544 78103 3104 36297
36293 28449 55746 8712 36297
36293 10000 67280 4422 36297
36293 25693 66851 927 36297
36293 33894 77739 4741 36297
36293 35429 60552 296 36297
36293 20709 64809 306 36297
36293 34837 70729 3278 36297
36293 23752 71173 3792 36297
36293 20339 51617 2991 36297
36293 24763 48314 4782 36297
36293 15999 65098 2546 36297
36293 11422 74841 5475 36297
36293 11853 54287 7401 36297
36293 10310 55300 2013 36297
36293 15061 73810 959 36297
36293 30335 52129 8712 36297
36293 17419 47385 7486 36297
36293 35234 52147 3170 36297
36293 23812 47749 807 36297
36293 19353 71877 8211 36297
36293 10710 53567 1870 36297
36293 31145 50428 1426 36297
36293 34891 73793 5301 36297
36293 30167 52958 8223 36297
36293 20020 73338 8704 36297
36293 14039 73607 7995 36297
36293 28075 50587 4440 36297
36293 28031 63051 996 36297
36293 23718 60422 8474 36297
36293 25125 50219 4056 36297
36293 35627 63185 8385 36297
36293 12019 65615 7339 36297
36293 24452 48668 78 36297
36293 14138 78093 3565 36297
36293 17828 45807 4364 36297
36293 17003 72035 9308 36297
36293 27335 46402 968 36297
36293 13691 72839 5714 36297
36293 16416 52736 28 36297
36293 20839 72309 5299 36297
36293 23055 55007 4318 36297
36293 35077 67362 7241 36297
36293 23735 74575 1900 36297
36293 27203 56537 5596 36297
36293 17447 72259 6339 36297
36293 22406 46603 8894 36297
36293 20628 58959 7370 36297
36293 31832 74367 5036 36297
36293 18044 64249 6820 36297
36293 11976 54596 4957 36297
36293 13551 73291 7260 36297
36293 16802 75510 6645 36297
36293 27183 59511 2557 36297
36293 13011 55836 7607 36297
36293 22910 72414 3463 36297
36293 29912 59129 4776 36297
36293 13569 46531 1127 36297
36293 29084 47436 3691 36297
36293 35476 55858 6899 36297
36293 29514 61944 6206 36297
36293 31128 54071 7300 36297
36293 34748 65523 14 36297
36293 20256 48412 4839 36297
36293 20636 63319 8907 36297
36293 30885 63802 2588 36297
36293 16842 66871 1138 36297
36293 13333 75286 4389 36297
36293 34217 66563 7207 36297
36293 30092 71233 2103 36297
36293 17101 65547 8608 36297
36293 30338 73478 4918 36297
36293 23627 74936 2459 36297
36293 18972 60498 3777 36297
36293 25509 67177 1822 36297
36293 28352 65943 7449 36297
36293 32053 57630 4571 36297
36293 33124 55026 8847 36297
36293 15391 58785 788 36297
36293 11002 46910 4785 36297
36293 15787 53302 6857 36297
36293 31955 63896 9596 36297
36293 33262 47225 2551 36297
36293 36010 60850 7177 36297
36293 13441 47097 4677 36297
36293 29439 65874 9632 36297
36293 20735 63630 9694 36297
36293 29198 54258 8367 36297
36293 29001 50644 936 36297
36293 21945 57984 1656 36297
36293 17102 58059 6629 36297
36293 30338 53768 7020 36297
36293 26671 76415 5968 36297
36293 15051 49388 9354 36297
36293 13988 77771 6379 36297
36293 35382 45934 3771 36297
36293 10559 77522 4644 36297
36293 17775 65627 6678 36297
36293 20348 60344 8700 36297
36293 18678 58151 3908 36297
36293 31939 48268 6628 36297
36293 11693 53345 7464 36297
36293 13833 76231 7740 36297
36293 28962 74438 1416 36297
36293 13939 46313 6626 36297
36293 35562 49688 6695 36297
36293 21054 63218 4565 36297
36293 23306 45414 2180 36297
36293 25717 76222 6745 36297
36293 23634 67670 2034 36297
36293 24654 77376 2440 36297
36293 28614 75652 4632 36297
36293 14717 58114 2333 36297
36293 17150 55529 6853 36297
36293 15087 71553 7709 36297
36293 20234 65677 8849 36297
36293 15947 61342 4423 36297
36293 32117 48058 6495 36297
36293 23118 53676 5858 36297
36293 13975 46246 5584 36297
36293 21906 69409 6191 36297
36293 10849 67917 5652 36297
36293 34493 70556 7080 36297
36293 19315 46075 6586 36297
36293 10361 54724 6557 36297
36293 10780 48940 1966 36297
36293 16798 63734 2831 36297
36293 14599 72945 3420 36297
36293 36189 64659 5631 36297
36293 27377 45872 4752 36297
36293 27568 47892 218 36297
36293 19607 49389 7793 36297
36293 30224 77256 6043 36297
36293 18631 57564 7412 36297
36293 32295 46085 1426 36297
36293 19940 45390 1617 36297
36293 19792 46860 6119 36297
36293 26180 46782 6999 36297
36293 30770 75904 722 36297
36293 25592 69042 5448 36297
36293 33617 63346 3922 36297
36293 31812 55335 1915 36297
36293 35399 76437 4785 36297
36293 32682 73887 8756 36297
36293 10321 61933 2071 36297
36293 24465 48672 841 36297
36293 13729 71988 161 36297
36293 11050 52292 8137 36297
36293 14649 45222 2295 36297
36293 24207 50548 2833 36297
36293 20286 61866 9224 36297
36293 35046 65173 5621 36297
36293 31054 77588 3728 36297
36293 10381 47233 8805 36297
36293 13718 73535 3779 36297
36293 25010 59873 5864 36297
36293 18733 55493 6719 36297
36293 29450 75832 1731 36297
36293 9997 51298 6672 36297
36293 13257 46320 846 36297
36293 23964 55387 6476 36297
36293 11485 54676 505 36297
36293 30179 69162 430 36297
36293 29176 58981 8466 36297
36293 29430 52110 1372 36297
36293 13096 55358 3168 36297
36293 31568 49619 2045 36297
36293 20795 54930 2676 36297
36293 16067 65967 1349 36297
36293 17475 61144 3140 36297
36293 12887 50720 3333 36297
36293 26828 57751 3968 36297
36293 30692 72368 8721 36297
36293 30736 75635 2115 36297
36293 16696 67671 8396 36297
36293 21240 53487 7871 36297
36293 25601 47501 6133 36297
36293 14846 70191 3249 36297
36293 11270 59953 3078 36297
36293 21276 70256 5200 36297
36293 23247 77818 6007 36297
36293 25419 53051 6078 36297
36293 32203 53128 9356 36297
36293 22802 49478 1065 36297
36293 35806 48834 4670 36297
36293 19956 68603 1524 36297
36293 36002 52923 2542 36297
36293 24214 51077 9033 36297
36293 26526 70827 9650 36297
36293 19426 55616 64 36297
36293 31558 77604 1424 36297
36293 12513 55621 98 36297
36293 35011 54433 596 36297
36293 18947 74087 9546 36297
36293 9893 71391 2701 36297
36293 35784 63046 3975 36297
36293 17382 72505 3184 36297
36293 29787 46105 3825 36297
36293 28248 54203 4939 36297
36293 28637 49915 3204 36297
36293 22758 49514 6606 36297
36293 29464 47946 6079 36297
36293 10556 60088 8944 36297
36293 19555 56778 9639 36297
36293 30025 62610 6466 36297
36293 14205 56460 4826 36297
36293 18259 76099 1248 36297
36293 29123 63269 7034 36297
36293 15975 66942 3453 36297
36293 16290 61056 4451 36297
36293 34308 57129 6406 36297
36293 18685 50163 1418 36297
36293 31640 49929 5135 36297
36293 16488 48095 5732 36297
36293 13695 46441 9315 36297
36293 15458 67295 2209 36297
36293 36261 77262 2579 36297
36293 32628 76942 5831 36297
36293 22674 75455 7451 36297
36293 25339 46013 4720 36297
36293 19359 51999 4953 36297
36293 15874 70472 1476 36297
36293 12035 46178 415 36297
36293 23737 69306 5026 36297
36293 29658 66914 1835 36297
36293 19127 53897 7902 36297
36293 28764 71988 1759 36297
36293 9858 68134 5912 36297
36293 30206 64811 9186 36297
36293 17692 52785 6431 36297
36293 17286 50818 8812 36297
36293 19832 69943 1522 36297
36293 12738 51708 3080 36297
36293 22715 59754 9562 36297
36293 24149 66546 8050 36297
36293 22114 76196 2022 36297
36293 33263 76104 7105 36297
36293 14692 75099 5561 36297
36293 21096 77086 2525 36297
36293 10242 49850 4220 36297
36293 30585 55444 1501 36297
36293 30684 62592 6766 36297
36293 21314 58492 8125 36297
36293 24973 52112 4974 36297
36293 25664 51074 6608 36297
36293 27948 59168 1606 36297
36293 15202 69743 3841 36297
36293 17134 46539 913 36297
36293 22628 72419 6402 36297
36293 16789 46317 5791 36297
36293 31493 48705 4609 36297
36293 28264 47918 2669 36297
36293 16397 52459 6468 36297
36293 19673 50264 3318 36297
36293 12891 45685 1788 36297
36293 24012 60930 915 36297
36293 33406 56985 6542 36297
36293 12601 51195 7238 36297
36293 14685 57132 3042 36297
36293 21921 58654 5403 36297
36293 20274 45154 1509 36297
36293 18148 68307 7468 36297
36293 34932 64794 1405 36297
36293 19991 53266 364 36297
36293 14270 63519 9291 36297
36293 25052 46324 3817 36297
36293 26912 77489 9619 36297
36293 27505 69010 400 36297
36293 28153 61287 35 36297
36293 18668 74436 7247 36297
36293 36222 53413 521 36297
36293 35270 59718 3681 36297
36293 36250 75241 6580 36297
36293 24393 64640 4099 36297
36293 21648 61374 9592 36297
36293 31868 49437 3713 36297
36293 16150 74452 382 36297
36293 22088 45572 29 36297
36293 27985 45518 6296 36297
36293 23093 48887 3221 36297
36293 19147 78000 5627 36297
36293 11415 75820 322 36297
36293 25386 60408 4567 36297
36293 35194 77288 852 36297
36293 28025 45468 5129 36297
36293 9708 58844 4679 36297
36293 35044 50975 7772 36297
36293 31409 58788 4754 36297
36293 19575 48066 8324 36297
36293 10311 63607 8515 36297
36293 28555 49298 593 36297
36293 14334 56980 5591 36297
36293 28500 46736 6352 36297
36293 32567 46284 318 36297
36293 28735 77803 5767 36297
36293 29007 50878 6904 36297
36293 23635 61017 422 36297
36293 31009 73870 2664 36297
36293 36031 63477 2239 36297
36293 32321 55776 2549 36297
36293 25623 58563 6931 36297
36293 30645 63880 2464 36297
36293 12701 56755 2970 36297
36293 15533 63821 7992 36297
36293 14197 60178 8296 36297
36293 18124 55455 9358 36297
36293 27764 62871 5995 36297
36293 21560 68732 4205 36297
36293 24933 61058 4748 36297
36293 35172 76677 9051 36297
36293 26881 61591 6112 36297
36293 16024 58579 7249 36297
36293 24197 51816 3867 36297
36293 16820 77056 462 36297
36293 32015 52201 1849 36297
36293 21334 58606 4053 36297
36293 18893 55189 684 36297
36293 12155 65499 4815 36297
36293 33158 75315 4772 36297
36293 36210 46934 170 36297
36293 18960 68573 2381 36297
36293 29019 55569 9203 36297
36293 23344 56026 8438 36297
36293 26506 58904 1400 36297
36293 26513 74734 8250 36297
36293 25869 47885 6486 36297
36293 16849 59408 9370 36297
36293 11793 67061 254 36297
36293 20301 54607 4869 36297
36293 14204 56249 986 36297
36293 34808 56319 9259 36297
36293 32757 49970 468 36297
36293 34954 56099 3825 36297
36293 18689 59240 2264 36297
36293 33818 51017 4630 36297
36293 36191 66620 3728 36297
36293 27167 77615 4130 36297
36293 16006 47172 4254 36297
36293 31374 61323 7710 36297
36293 26649 73262 1082 36297
36293 21428 49079 2101 36297
36293 15252 66694 3408 36297
36293 27800 46906 7374 36297
36293 10743 52568 8503 36297
36293 34102 45485 115 36297
36293 18236 45854 4618 36297
36293 29765 54519 2589 36297
36293 27398 53137 7293 36297
36293 28816 45913 3600 36297
36293 35008 45951 1065 36297
36293 29788 73070 7689 36297
36293 12631 63583 4977 36297
36293 19599 49563 5811 36297
36293 11016 57530 9179 36297
36293 33430 50064 1985 36297
36293 19490 67005 7327 36297
36293 32675 50447 4672 36297
36293 24153 53501 6783 36297
36293 14418 61843 4987 36297
36293 29420 54990 4815 36297
36293 33111 74075 9031 36297
36293 27125 70188 6933 36297
36293 14166 48980 2769 36297
36293 19388 47573 387 36297
36293 15065 60569 5343 36297
36293 13773 46656 929 36297
36293 33446 64582 4959 36297
36293 12256 73120 3044 36297
36293 26553 69291 7249 36297
36293 20530 63900 2580 36297
36293 16753 51921 2681 36297
36293 29853 47479 9275 36297
36293 20980 65974 220 36297
36293 24063 54024 9286 36297
36293 33150 54202 2816 36297
36293 24047 45733 4399 36297
36293 16588 67755 1676 36297
36293 19176 54172 3344 36297
36293 29189 71641 3118 36297
36293 28489 59934 5193 36297
36293 35400 54067 2549 36297
36293 11825 62525 1952 36297
36293 12471 61445 1829 36297
36293 35574 61979 3494 36297
36293 32497 75162 8995 36297
36293 30641 68281 9232 36297
36293 31853 58605 7996 36297
36293 15816 68455 6706 36297
36293 11049 53347 9003 36297
36293 32106 77408 8817 36297
36293 10356 68386 3532 36297
36293 22433 75714 5837 36297
36293 21015 65433 5601 36297
36293 14504 60122 517 36297
36293 20752 47096 3826 36297
36293 25570 60056 1844 36297
36293 9963 68417 1206 36297
36293 33722 52315 4993 36297
36293 34086 56854 7258 36297
36293 19416 47403 8700 36297
36293 21143 47144 8966 36297
36293 16641 52250 9537 36297
36293 10693 78089 6542 36297
36293 20563 70876 7847 36297
36293 16790 63930 8388 36297
36293 19126 64053 5429 36297
36293 10056 50997 5444 36297
36293 33349 50889 1886 36297
36293 29364 46328 3662 36297
36293 28052 59000 71 36297
36293 28901 61080 3927 36297
36293 20003 53695 3836 36297
36293 18755 46118 5327 36297
36293 22311 45682 8148 36297
36293 25084 62198 161 36297
36293 31534 46953 2317 36297
36293 27358 46702 1801 36297
36293 25655 49328 8603 36297
36293 34192 65474 9438 36297
36293 24339 65942 4069 36297
36293 18984 51995 5744 36297
36293 23230 47740 2762 36297
36293 28343 67759 2166 36297
36293 22787 58924 5593 36297
36293 16144 69584 8426 36297
36293 18551 74983 3665 36297
36293 24742 70540 3636 36297
36293 21520 59830 1466 36297
36293 24405 62411 81 36297
36293 30965 48259 558 36297
36293 23403 47126 866 36297
36293 26935 56852 8860 36297
36293 34146 55662 4258 36297
36293 16360 57007 8351 36297
36293 29705 65753 7801 36297
36293 18649 72371 4766 36297
36293 17158 69960 5510 36297
36293 25317 50732 5306 36297
36293 22034 55777 5226 36297
36293 28772 65334 562 36297
36293 13631 50920 4487 36297
36293 29802 53602 3382 36297
36293 14424 72713 4788 36297
36293 31700 49669 6345 36297
36293 14678 77658 5632 36297
36293 13399 71103 3369 36297
36293 19357 52838 6941 36297
36293 14078 76550 7735 36297
36293 30405 67512 9080 36297
36293 34571 56174 1350 36297
36293 16358 51060 1826 36297
36293 28249 74965 4559 36297
36293 14171 49022 6988 36297
36293 22605 76466 717 36297
36293 34015 63922 1062 36297
36293 22586 65282 2353 36297
36293 32262 48137 2849 36297
36293 13514 64830 6101 36297
36293 26952 53155 6538 36297
36293 35997 47875 8210 36297
36293 14964 49291 5411 36297
36293 18560 59372 8142 36297
36293 21276 53705 2193 36297
36293 28250 68271 9090 36297
36293 10759 59441 9472 36297
36293 18401 69659 2630 36297
36293 12725 58145 7060 36297
36293 14182 45117 4244 36297
36293 11993 51944 162 36297
36293 16830 68802 8647 36297
36293 20123 45159 1690 36297
36293 28268 75397 259 36297
36293 33346 55982 5702 36297
36293 29588 54940 2140 36297
36293 33212 64543 6461 36297
36293 24982 54503 399 36297
36293 19885 70762 6334 36297
36293 12822 60965 1326 36297
36293 12285 69241 2198 36297
36293 13438 77795 9097 36297
36293 34331 59911 3976 36297
36293 13184 58524 596 36297
36293 28729 46484 9126 36297
36293 20337 48942 5744 36297
36293 31414 68278 6107 36297
36293 34671 66472 3122 36297
36293 27008 74534 2509 36297
36293 18661 76620 4238 36297
36293 15867 65461 1935 36297
36293 22658 67729 7663 36297
36293 22241 51561 233 36297
36293 26314 62326 882 36297
36293 36080 59988 4692 36297
36293 32494 58398 991 36297
36293 25069 65158 1500 36297
36293 23542 74963 4644 36297
36293 24709 61994 2655 36297
36293 24656 70701 2896 36297
36293 27440 55751 1747 36297
36293 15440 54636 7859 36297
36293 20970 50247 4926 36297
36293 22396 75219 6952 36297
36293 26279 75923 3796 36297
36293 13259 45110 2230 36297
36293 26483 67287 4719 36297
36293 22063 48949 143 36297
36293 14927 65704 4876 36297
36293 19846 45047 7642 36297
36293 26938 70099 9308 36297
36293 11866 70304 5953 36297
36293 28814 50619 2848 36297
36293 15648 47476 6924 36297
36293 33497 57273 9551 36297
36293 31820 77322 5026 36297
36293 24546 58534 3911 36297
36293 27567 50098 1638 36297
36293 28170 48702 8827 36297
36293 35820 54045 7061 36297
36293 24768 52778 4793 36297
36293 31978 77094 781 36297
36293 15757 56628 8006 36297
36293 29764 75170 6237 36297
36293 17155 46882 7772 36297
36293 34527 48431 2497 36297
36293 27941 77831 7280 36297
36293 29423 53195 7247 36297
36293 14315 76292 7930 36297
36293 25391 46445 330 36297
36293 15825 57912 8724 36297
36293 20334 58385 1312 36297
36293 26591 52435 8863 36297
36293 15695 75976 6351 36297
36293 34780 70766 9505 36297
36293 23367 62919 3917 36297
36293 15785 69079 8686 36297
36293 29616 49012 2178 36297
36293 27053 67977 6161 36297
36293 20781 49273 9627 36297
36293 30679 66613 546 36297
36293 26534 74137 4831 36297
36293 34958 65772 9569 36297
36293 17240 50092 6030 36297
36293 29508 48648 5495 36297
36293 29014 55463 5156 36297
36293 17734 69097 3049 36297
36293 18408 55636 6420 36297
36293 30075 68829 8123 36297
36293 12071 46218 9088 36297
36293 25763 78123 7722 36297
36293 15717 46118 6972 36297
36293 32496 48822 3854 36297
36293 23281 73687 5490 36297
36293 15475 49434 4236 36297
