36293 18672 60547 1298 36296
36293 18672 63697 1298 36296
36293 18672 59351 1298 36296
36293 18672 68452 1298 36296
36293 18672 69685 1298 36296
36293 18672 61035 1298 36297
36293 18672 72926 1298 36296
36293 18672 61254 1298 36296
36293 18672 68594 1298 36296
36293 18672 71871 1298 36296
36293 18672 70663 1298 36296
36293 18672 71943 1298 36296
36293 18672 63761 1298 36296
36293 18672 65851 1298 36296
36293 18672 69686 1298 36296
36293 18672 59318 1298 36296
36293 18672 58644 1298 36296
36293 18672 64689 1298 36296
36293 18672 58637 1298 36296
36293 18672 73126 1298 36296
36293 18672 56293 1298 36296
36293 18672 74003 1298 36296
36293 18672 66825 1298 36296
36293 18672 66321 1298 36296
36293 18672 62442 1298 36296
36293 18672 68703 1298 36296
36293 18672 60708 1298 36297
36293 18672 56582 1298 36296
36293 18672 67676 1298 36296
36293 18672 68666 1298 36296
36293 18672 63877 1298 36297
36293 18672 56594 1298 36296
36293 18672 72627 1298 36296
36293 18672 66876 1298 36296
36293 18672 67752 1298 36296
36293 18672 72877 1298 36296
36293 18672 59264 1298 36296
36293 18672 56775 1298 36296
36293 18672 67574 1298 36296
36293 18672 67266 1298 36296
36293 18672 66782 1298 36296
36293 18672 59111 1298 36296
36293 18672 56629 1298 36296
36293 18672 73659 1298 36296
36293 18672 67806 1298 36296
36293 18672 48321 1298 36297
36293 18672 59652 1298 36296
36293 18672 61853 1298 36296
36293 18672 65776 1298 36296
36293 18672 68832 1298 36296
36293 18672 71470 1298 36296
36293 18672 56689 1298 36296
36293 18672 68591 1298 36296
36293 18672 73811 1298 36296
36293 18672 72141 1298 36296
36293 18672 69588 1298 36296
36293 18672 76690 1298 36297
36293 18672 73312 1298 36296
36293 18672 68199 1298 36296
36293 18672 57897 1298 36296
36293 18672 66712 1298 36296
36293 18672 72371 1298 36296
36293 18672 67574 1298 36296
36293 18672 65227 1298 36296
36293 18672 72165 1298 36296
36293 18672 68687 1298 36296
36293 18672 77283 1298 36297
36293 18672 66005 1298 36296
36293 18672 67419 1298 36296
36293 18672 62763 1298 36296
36293 18672 65473 1298 36296
36293 18672 70137 1298 36296
36293 18672 58923 1298 36296
36293 18672 62053 1298 36297
36293 18672 58385 1298 36296
36293 18672 66808 1298 36297
36293 18672 69697 1298 36296
36293 18672 70307 1298 36296
36293 18672 56436 1298 36296
36293 18672 56446 1298 36296
36293 18672 73436 1298 36296
36293 18672 59058 1298 36297
36293 18672 60489 1298 36296
36293 18672 69303 1298 36296
36293 18672 73137 1298 36296
36293 18672 73066 1298 36296
36293 18672 59728 1298 36296
36293 18672 65286 1298 36296
36293 18672 58368 1298 36296
36293 18672 71514 1298 36296
36293 18672 61454 1298 36296
36293 18672 66691 1298 36296
36293 18672 65716 1298 36296
36293 18672 57585 1298 36296
36293 18672 67264 1298 36296
36293 18672 71434 1298 36296
36293 18672 72727 1298 36296
36293 18672 60250 1298 36296
36293 18672 75163 1298 36297
36293 18672 59459 1298 36297
36293 18672 58828 1298 36296
36293 18672 60858 1298 36296
36293 18672 69380 1298 36297
36293 18672 67898 1298 36296
36293 18672 61737 1298 36296
36293 18672 71100 1298 36296
36293 18672 69289 1298 36296
36293 18672 56071 1298 36296
36293 18672 69301 1298 36296
36293 18672 65163 1298 36296
36293 18672 72408 1298 36296
36293 18672 69446 1298 36296
36293 18672 69744 1298 36296
36293 18672 66190 1298 36296
36293 18672 64362 1298 36296
36293 18672 60868 1298 36296
36293 18672 56771 1298 36296
36293 18672 51329 1298 36297
36293 18672 57295 1298 36296
36293 18672 61664 1298 36296
36293 18672 71248 1298 36296
36293 18672 60736 1298 36296
36293 18672 56806 1298 36296
36293 18672 60927 1298 36296
36293 18672 59398 1298 36297
36293 18672 45410 1298 36297
36293 18672 69499 1298 36296
36293 18672 69514 1298 36297
36293 18672 61900 1298 36296
36293 18672 59982 1298 36296
36293 18672 56989 1298 36296
36293 18672 59639 1298 36296
36293 18672 55131 1298 36297
36293 18672 61808 1298 36296
36293 18672 57953 1298 36296
36293 18672 56044 1298 36295
36293 18672 52584 1298 36297
36293 18672 68829 1298 36296
36293 18672 72210 1298 36296
36293 18672 71400 1298 36296
36293 18672 59855 1298 36296
36293 18672 72561 1298 36296
36293 18672 66840 1298 36296
36293 18672 66143 1298 36296
36293 18672 61349 1298 36296
36293 18672 68045 1298 36296
36293 18672 61293 1298 36296
36293 18672 64946 1298 36296
36293 18672 45657 1298 36297
36293 18672 57095 1298 36296
36293 18672 66478 1298 36296
36293 18672 61971 1298 36296
36293 18672 66706 1298 36297
36293 18672 65683 1298 36296
36293 18672 63598 1298 36296
36293 18672 73342 1298 36296
36293 18672 63662 1298 36296
36293 18672 69014 1298 36296
36293 18672 73271 1298 36296
36293 18672 58346 1298 36296
36293 18672 58993 1298 36297
36293 18672 56882 1298 36296
36293 18672 66549 1298 36296
36293 18672 72149 1298 36296
36293 18672 64478 1298 36296
36293 18672 63705 1298 36296
36293 18672 57062 1298 36296
36293 18672 66706 1298 36296
36293 18672 59744 1298 36297
36293 18672 67263 1298 36296
36293 18672 71307 1298 36296
36293 18672 69996 1298 36296
36293 18672 61093 1298 36296
36293 18672 66701 1298 36296
36293 18672 70528 1298 36296
36293 18672 70157 1298 36296
36293 18672 70495 1298 36296
36293 18672 52501 1298 36297
36293 18672 61838 1298 36296
36293 18672 65152 1298 36296
36293 18672 66745 1298 36296
36293 18672 68973 1298 36296
36293 18672 56295 1298 36296
36293 18672 64934 1298 36296
36293 18672 69105 1298 36296
36293 18672 60149 1298 36296
36293 18672 63149 1298 36296
36293 18672 59969 1298 36296
36293 18672 47802 1298 36297
36293 18672 58786 1298 36296
36293 18672 54562 1298 36297
36293 18672 59217 1298 36296
36293 18672 51753 1298 36297
36293 18672 65909 1298 36296
36293 18672 64141 1298 36296
36293 18672 58175 1298 36296
36293 18672 61178 1298 36296
36293 18672 69634 1298 36296
36293 18672 64017 1298 36296
36293 21937 64783 3846 36296
36293 21937 61329 3846 36296
36293 21937 67981 3846 36296
36293 21937 56207 3846 36296
36293 21937 60578 3846 36296
36293 21937 59401 3846 36296
36293 21937 59401 3846 36296
36293 21937 56207 3846 36296
36293 21937 59401 3846 36296
36293 21937 56207 3846 36296
36293 21937 68798 3846 36296
36293 21937 59401 3846 36296
36293 21937 64542 3846 36296
36293 21937 56207 3846 36296
36293 21937 68798 3846 36296
36293 21937 59045 3846 36296
36293 21937 59401 3846 36296
36293 21937 64542 3846 36296
36293 21937 56207 3846 36296
36293 21937 68798 3846 36296
36293 21937 58907 3846 36296
36293 21937 72775 3846 36296
36293 21937 71902 3846 36296
36293 21937 64542 3846 36296
36293 21937 56207 3846 36296
36293 36292 66404 3698 36295
36293 36292 64022 3698 36295
36293 36292 68521 3698 36295
