36293 18672 50662 1298 36297
36293 18672 75601 1298 36297
36293 18672 65232 1298 36297
36293 18672 45936 1298 36297
36293 18672 67054 1298 36296
36293 18672 62875 1298 36296
36293 18672 73820 1298 36296
36293 18672 56776 1298 36297
36293 18672 69313 1298 36296
36293 18672 56142 1298 36297
36293 18672 67170 1298 36296
36293 18672 63009 1298 36296
36293 18672 72832 1298 36297
36293 21937 71750 7536 36295
36293 21937 72343 7536 36295
36293 21937 58261 7536 36295
36293 21937 72791 7536 36295
36293 21937 69130 7536 36295
36293 21937 65238 7536 36295
36293 21937 61245 7536 36295
36293 21937 68044 7536 36295
36293 21937 68604 7536 36295
36293 21937 57443 7536 36295
36293 21937 59440 7536 36295
36293 21937 67981 3846 36296
36293 21937 67981 3846 36296
36293 21937 67981 3846 36296
36293 21120 53835 3846 36297
36293 21120 58616 3846 36297
36293 21937 45983 3846 36297
36293 21937 56743 3846 36296
36293 21937 67981 3846 36296
36293 21937 56743 3846 36296
36293 21120 75150 3846 36297
36293 21937 67981 3846 36296
36293 21937 56743 3846 36296
36293 21120 67894 3846 36297
36293 21120 76869 3846 36297
36293 21120 58435 3846 36297
36293 21120 60225 3846 36297
36293 21120 55798 3846 36297
36293 21120 50426 3846 36297
36293 21120 47219 3846 36297
36293 21120 77820 3846 36297
36293 21120 78149 3846 36297
36293 21120 77698 3846 36297
36293 21937 67981 3846 36296
36293 21937 56743 3846 36296
36293 21120 50556 3846 36297
36293 21120 60085 3846 36297
36293 21120 53761 3846 36297
36293 21120 48235 3846 36297
36293 21120 46400 3846 36297
36293 21120 75009 3846 36297
36293 21120 73665 3846 36297
36293 21120 57109 3846 36297
36293 21120 50949 3846 36297
36293 21120 58489 3846 36297
36293 21120 68031 3846 36297
36293 21120 51297 3846 36297
36293 21120 55228 3846 36297
36293 21120 68334 3846 36297
36293 21937 51023 3846 36297
36293 21937 64783 3846 36296
36293 21120 45655 3846 36297
36293 21120 48352 3846 36297
36293 21937 53572 3846 36297
36293 21937 57865 3846 36296
36293 21937 67981 3846 36296
36293 21937 56743 3846 36296
36293 21937 56602 3846 36297
36293 21937 61834 3846 36296
36293 21937 64783 3846 36296
36293 21937 57865 3846 36296
36293 21120 57364 3846 36297
36293 21120 52507 3846 36297
36293 21120 53149 3846 36297
36293 21937 45237 3846 36297
36293 21937 73282 3846 36296
36293 21937 67981 3846 36296
36293 21937 56743 3846 36296
36293 21937 61834 3846 36296
36293 21120 45927 3846 36297
36293 21120 75357 3846 36297
36293 21120 52308 3846 36297
36293 21120 77441 3846 36297
36293 21120 72615 3846 36297
36293 21937 64783 3846 36296
36293 21120 46952 3846 36297
36293 21120 74585 3846 36297
36293 21937 57865 3846 36296
36293 21937 73282 3846 36296
36293 21120 58823 3846 36297
36293 21120 59287 3846 36297
36293 21120 77227 3846 36297
36293 21937 67981 3846 36296
36293 21937 56743 3846 36296
36293 21937 61834 3846 36296
36293 21120 60806 3846 36297
36293 21120 54788 3846 36297
36293 21120 52903 3846 36297
36293 21120 63663 3846 36297
36293 21937 65628 3846 36297
36293 21937 56680 3846 36296
36293 21937 64783 3846 36296
36293 21937 57865 3846 36296
36293 21937 73282 3846 36296
36293 21120 46035 3846 36297
36293 21120 52220 3846 36297
36293 21937 64135 3846 36297
36293 21937 72775 3846 36296
36293 21937 67981 3846 36296
36293 21937 56743 3846 36296
36293 21937 61834 3846 36296
36293 21937 56680 3846 36296
36293 21937 64783 3846 36296
36293 21937 57865 3846 36296
36293 21937 73282 3846 36296
36293 21937 72775 3846 36296
36293 21937 67981 3846 36296
36293 21937 56743 3846 36296
36293 21937 61834 3846 36296
36293 21120 69893 3846 36297
36293 21937 56680 3846 36296
36293 21120 77725 3846 36297
36293 21120 65311 3846 36297
36293 21120 65267 3846 36297
36293 21937 64783 3846 36296
36293 21120 69987 3846 36297
36293 21120 52251 3846 36297
36293 21120 77050 3846 36297
36293 21937 57865 3846 36296
36293 21937 73282 3846 36296
36293 21937 72775 3846 36296
36293 21937 67981 3846 36296
36293 21937 56743 3846 36296
36293 21120 73500 3846 36297
36293 21937 61834 3846 36296
36293 21937 45368 3846 36297
36293 21937 73418 3846 36296
36293 21937 56680 3846 36296
36293 21937 64783 3846 36296
36293 21937 57865 3846 36296
36293 21937 73282 3846 36296
36293 21937 72775 3846 36296
36293 21937 67981 3846 36296
36293 21937 56743 3846 36296
36293 21120 63988 3846 36297
36293 21120 76706 3846 36297
36293 21120 51402 3846 36297
36293 21120 52590 3846 36297
36293 21120 51988 3846 36297
36293 21120 52993 3846 36297
36293 21120 54401 3846 36297
36293 21120 58577 3846 36297
36293 21120 57522 3846 36297
36293 21120 73642 3846 36297
36293 21937 61834 3846 36296
36293 21937 73418 3846 36296
36293 21937 56680 3846 36296
36293 21937 64783 3846 36296
36293 21937 57865 3846 36296
36293 21937 73282 3846 36296
36293 21937 72775 3846 36296
36293 21937 67981 3846 36296
36293 21937 56743 3846 36296
36293 21120 67491 3846 36297
36293 21120 57277 3846 36297
36293 21937 46314 3846 36297
36293 21937 69260 3846 36296
36293 21937 61834 3846 36296
36293 21937 73418 3846 36296
36293 21937 56680 3846 36296
36293 21937 64783 3846 36296
36293 21120 76841 3846 36297
36293 21120 52801 3846 36297
36293 21120 56964 3846 36297
36293 21120 45811 3846 36297
36293 21120 70234 3846 36297
36293 21937 48890 3846 36297
36293 21937 64542 3846 36296
36293 21937 57865 3846 36296
36293 21937 73282 3846 36296
36293 21937 72775 3846 36296
36293 21937 67981 3846 36296
36293 21120 56338 3846 36297
36293 21120 67947 3846 36297
36293 21120 76378 3846 36297
36293 21937 56743 3846 36296
36293 21120 52802 3846 36297
36293 21120 74136 3846 36297
36293 21120 69504 3846 36297
36293 21120 76416 3846 36297
36293 21120 45675 3846 36297
36293 21937 69260 3846 36296
36293 21937 61834 3846 36296
36293 21937 73418 3846 36296
36293 21937 57865 3846 36296
