36293 18672 61030 1298 36296
36293 18672 63711 1298 36296
36293 18672 73835 1298 36296
36293 18672 72696 1298 36296
36293 18672 72536 1298 36296
36293 18672 51274 1298 36297
36293 18672 68596 1298 36296
36293 18672 66963 1298 36296
36293 18672 70170 1298 36296
36293 18672 73306 1298 36296
36293 18672 57350 1298 36296
36293 18672 66735 1298 36296
36293 18672 67649 1298 36296
36293 18672 73541 1298 36297
36293 18672 63827 1298 36296
36293 18672 70312 1298 36297
36293 18672 63912 1298 36296
36293 18672 73765 1298 36296
36293 18672 67272 1298 36296
36293 18672 67709 1298 36296
36293 18672 66120 1298 36297
36293 18672 56749 1298 36296
36293 18672 64362 1298 36296
36293 18672 73603 1298 36296
36293 18672 66981 1298 36296
36293 18672 50603 1298 36297
36293 18672 67701 1298 36296
36293 18672 73996 1298 36296
36293 18672 52142 1298 36297
36293 18672 62530 1298 36297
36293 18672 70478 1298 36296
36293 18672 73408 1298 36296
36293 18672 63594 1298 36296
36293 18672 61683 1298 36296
36293 18672 70994 1298 36297
36293 18672 71541 1298 36296
36293 18672 71076 1298 36296
36293 18672 65982 1298 36296
36293 18672 70599 1298 36296
36293 18672 72193 1298 36296
36293 18672 69662 1298 36296
36293 18672 60129 1298 36296
36293 18672 58484 1298 36296
36293 18672 67709 1298 36296
36293 18672 71414 1298 36296
36293 18672 67445 1298 36296
36293 18672 68325 1298 36296
36293 18672 65913 1298 36296
36293 18672 65824 1298 36296
36293 18672 45754 1298 36297
36293 18672 60066 1298 36296
36293 18672 61322 1298 36296
36293 18672 67369 1298 36296
36293 18672 67695 1298 36297
36293 18672 69401 1298 36296
36293 18672 61626 1298 36296
36293 18672 63042 1298 36296
36293 18672 65319 1298 36296
36293 18672 51238 1298 36297
36293 18672 61373 1298 36296
36293 18672 58795 1298 36296
36293 18672 57730 1298 36297
36293 18672 70982 1298 36296
36293 18672 67341 1298 36296
36293 18672 72770 1298 36296
36293 18672 67209 1298 36296
36293 18672 57234 1298 36296
36293 18672 56444 1298 36296
36293 18672 46399 1298 36297
36293 18672 72796 1298 36296
36293 18672 62755 1298 36296
36293 18672 52237 1298 36297
36293 18672 54065 1298 36297
36293 18672 63916 1298 36296
36293 18672 71755 1298 36296
36293 18672 60746 1298 36296
36293 18672 56838 1298 36296
36293 18672 70799 1298 36296
36293 18672 70867 1298 36296
36293 18672 61997 1298 36296
36293 18672 62180 1298 36296
36293 18672 63187 1298 36296
36293 18672 65691 1298 36296
36293 18672 49844 1298 36297
36293 18672 65125 1298 36296
36293 18672 69397 1298 36296
36293 18672 70830 1298 36297
36293 18672 60410 1298 36296
36293 18672 67589 1298 36296
36293 18672 67149 1298 36296
36293 18672 66030 1298 36296
36293 18672 71302 1298 36296
36293 18672 60959 1298 36297
36293 18672 68583 1298 36296
36293 18672 68396 1298 36296
36293 18672 72169 1298 36296
36293 18672 72501 1298 36297
36293 18672 48925 1298 36297
36293 18672 75456 1298 36297
36293 18672 57275 1298 36296
36293 18672 69075 1298 36296
36293 18672 57024 1298 36296
36293 18672 68755 1298 36296
36293 18672 57079 1298 36296
36293 18672 64315 1298 36296
36293 18672 62259 1298 36296
36293 18672 72467 1298 36296
36293 18672 70911 1298 36296
36293 18672 60407 1298 36296
36293 18672 48488 1298 36297
36293 18672 74063 1298 36296
36293 18672 72260 1298 36296
36293 18672 70224 1298 36296
36293 18672 75788 1298 36297
36293 18672 68612 1298 36296
36293 18672 58681 1298 36297
36293 18672 53846 1298 36297
36293 18672 61897 1298 36296
36293 18672 76884 1298 36297
36293 18672 74233 1298 36296
36293 18672 66118 1298 36296
36293 18672 67314 1298 36296
36293 18672 64832 1298 36296
36293 18672 56396 1298 36296
36293 18672 59884 1298 36297
36293 18672 72989 1298 36296
36293 18672 65425 1298 36296
36293 18672 48773 1298 36297
36293 18672 63940 1298 36296
36293 18672 47653 1298 36297
36293 18672 69537 1298 36296
36293 18672 59790 1298 36296
36293 18672 73662 1298 36296
36293 18672 56103 1298 36296
36293 18672 62547 1298 36296
36293 18672 58293 1298 36296
36293 18672 73948 1298 36296
36293 18672 59913 1298 36296
36293 18672 64556 1298 36296
36293 18672 64161 1298 36296
36293 18672 73010 1298 36296
36293 18672 45906 1298 36297
36293 18672 63031 1298 36296
36293 18672 62508 1298 36296
36293 18672 53948 1298 36297
36293 18672 57351 1298 36296
36293 18672 57969 1298 36296
36293 18672 77456 1298 36297
36293 18672 61204 1298 36296
36293 18672 60126 1298 36297
36293 18672 66245 1298 36296
36293 18672 64682 1298 36297
36293 18672 67057 1298 36297
36293 18672 57096 1298 36296
36293 18672 77798 1298 36297
36293 18672 72411 1298 36296
36293 18672 76299 1298 36297
36293 18672 71202 1298 36296
36293 18672 73396 1298 36296
36293 18672 57447 1298 36296
36293 18672 60171 1298 36296
36293 18672 61654 1298 36296
36293 18672 62329 1298 36296
36293 18672 51334 1298 36297
36293 18672 62562 1298 36296
36293 18672 66416 1298 36296
36293 18672 56902 1298 36296
36293 18672 59747 1298 36296
36293 18672 48340 1298 36297
36293 18672 67488 1298 36296
36293 18672 60241 1298 36296
36293 18672 58171 1298 36296
36293 18672 60396 1298 36296
36293 18672 62053 1298 36297
36293 18672 68355 1298 36296
36293 18672 61698 1298 36296
36293 18672 69558 1298 36296
36293 18672 61769 1298 36296
36293 18672 67194 1298 36296
36293 18672 64668 1298 36296
36293 18672 53368 1298 36297
36293 18672 73809 1298 36296
36293 18672 56590 1298 36296
36293 18672 62780 1298 36297
36293 18672 68837 1298 36296
36293 18672 64438 1298 36296
36293 18672 57808 1298 36297
36293 18672 73166 1298 36296
36293 18672 61166 1298 36296
36293 18672 65455 1298 36296
36293 18672 58611 1298 36296
36293 18672 71688 1298 36296
36293 18672 60355 1298 36296
36293 18672 60928 1298 36296
36293 18672 59531 1298 36296
36293 18672 59159 1298 36297
36293 18672 58814 1298 36297
36293 18672 60988 1298 36296
36293 18672 71784 1298 36296
36293 18672 50531 1298 36297
36293 18672 76006 1298 36297
36293 18672 48113 1298 36297
36293 21937 64542 3846 36296
36293 21937 64542 3846 36296
36293 21937 56207 3846 36296
36293 21937 64542 3846 36296
36293 21937 56207 3846 36296
36293 21937 58907 3846 36296
36293 21937 64542 3846 36296
36293 21937 56207 3846 36296
36293 21937 58907 3846 36296
36293 21937 64542 3846 36296
36293 21937 57865 3846 36296
36293 21937 56207 3846 36296
36293 21937 56097 3846 36296
36293 21937 64542 3846 36296
36293 21937 57865 3846 36296
36293 21937 56207 3846 36296
36293 21937 56097 3846 36296
36293 21937 71902 3846 36296
36293 21937 71902 3846 36296
36293 21937 71902 3846 36296
36293 21937 56334 3846 36296
36293 21937 56207 3846 36296
36293 21937 56334 3846 36296
36293 21937 56207 3846 36296
36293 21937 56207 3846 36296
36293 21937 56743 3846 36296
36293 21937 73282 3846 36296
36293 21937 56207 3846 36296
36293 21937 56743 3846 36296
36293 21937 73282 3846 36296
36293 21937 56207 3846 36296
36293 21937 56207 3846 36296
36293 21937 60578 3846 36296
36293 21937 56548 3846 36296
36293 36292 66402 3698 36295
36293 36292 64020 3698 36295
36293 36292 70788 3698 36295
