36293 18672 52510 1298 36297
36293 18672 61322 1298 36296
36293 18672 56250 1298 36296
36293 18672 76761 1298 36297
36293 18672 52991 1298 36297
36293 18672 76751 1298 36297
36293 18672 73631 1298 36297
36293 18672 53521 1298 36297
36293 18672 61669 1298 36297
36293 18672 73462 1298 36296
36293 18672 60385 1298 36296
36293 18672 66069 1298 36297
36293 18672 70801 1298 36297
36293 18672 63615 1298 36297
36293 18672 56304 1298 36296
36293 18672 56101 1298 36297
36293 18672 59849 1298 36296
36293 18672 62465 1298 36296
36293 18672 73304 1298 36296
36293 18672 50459 1298 36297
36293 18672 60234 1298 36296
36293 18672 65864 1298 36296
36293 18672 46325 1298 36297
36293 18672 70090 1298 36297
36293 18672 62891 1298 36296
36293 18672 64811 1298 36297
36293 18672 51050 1298 36297
36293 18672 62178 1298 36297
36293 18672 73488 1298 36296
36293 18672 62067 1298 36297
36293 18672 73311 1298 36296
36293 18672 56160 1298 36296
36293 18672 57094 1298 36296
36293 18672 61695 1298 36296
36293 18672 71018 1298 36297
36293 18672 45784 1298 36297
36293 18672 45970 1298 36297
36293 18672 68008 1298 36296
36293 18672 61455 1298 36296
36293 18672 49054 1298 36297
36293 21937 72495 7536 36295
36293 21937 74163 7536 36295
36293 21937 58862 7536 36295
36293 21937 67768 7536 36295
36293 21937 68807 7536 36295
36293 21937 72442 7536 36295
36293 21937 61920 7536 36295
36293 21937 73298 7536 36295
36293 21937 66457 7536 36295
36293 21937 60833 7536 36295
36293 21937 60628 7536 36295
36293 21937 58898 7536 36295
36293 21937 48052 3846 36297
36293 21937 65514 3846 36296
36293 21937 56680 3846 36296
36293 21937 64783 3846 36296
36293 21937 64542 3846 36296
36293 21937 73282 3846 36296
36293 21937 72775 3846 36296
36293 21937 67981 3846 36296
36293 21937 56743 3846 36296
36293 21937 65514 3846 36296
36293 21937 69260 3846 36296
36293 21937 61834 3846 36296
36293 21937 73418 3846 36296
36293 21937 56680 3846 36296
36293 21937 64783 3846 36296
36293 21937 64542 3846 36296
36293 21937 57865 3846 36296
36293 21937 73282 3846 36296
36293 21937 72775 3846 36296
36293 21937 67981 3846 36296
36293 21937 56743 3846 36296
36293 21937 65514 3846 36296
36293 21937 69260 3846 36296
36293 21937 61834 3846 36296
36293 21937 73418 3846 36296
36293 21937 56680 3846 36296
36293 21937 64783 3846 36296
36293 21937 64542 3846 36296
36293 21937 57865 3846 36296
36293 21937 73282 3846 36296
36293 21937 72775 3846 36296
36293 21937 67981 3846 36296
36293 21120 53033 3846 36297
36293 21120 65664 3846 36297
36293 21120 47582 3846 36297
36293 21120 63343 3846 36297
36293 21120 75354 3846 36297
36293 21120 76924 3846 36297
36293 21937 56743 3846 36296
36293 21937 65514 3846 36296
36293 21937 69260 3846 36296
36293 21937 61834 3846 36296
36293 21937 73418 3846 36296
36293 21937 64783 3846 36296
36293 21937 56680 3846 36296
36293 21120 54962 3846 36297
36293 21937 64542 3846 36296
36293 21120 53089 3846 36297
36293 21120 51277 3846 36297
36293 21120 52601 3846 36297
36293 21937 57865 3846 36296
36293 21937 73282 3846 36296
36293 21937 72775 3846 36296
36293 21937 67981 3846 36296
36293 21120 60389 3846 36297
36293 21120 58195 3846 36297
36293 21937 57416 3846 36297
36293 21937 56548 3846 36296
36293 21937 56743 3846 36296
36293 21937 65514 3846 36296
36293 21937 69260 3846 36296
36293 21937 61834 3846 36296
36293 21937 73418 3846 36296
36293 21937 56680 3846 36296
36293 21937 64783 3846 36296
36293 21120 65899 3846 36297
36293 21120 50693 3846 36297
36293 21120 50099 3846 36297
36293 21120 75149 3846 36297
36293 21937 57879 3846 36297
36293 21937 60274 3846 36296
36293 21937 64542 3846 36296
36293 21937 57865 3846 36296
36293 21937 73282 3846 36296
36293 21937 72775 3846 36296
36293 21937 67981 3846 36296
36293 21937 56548 3846 36296
36293 21937 56743 3846 36296
36293 21937 65514 3846 36296
36293 21937 69260 3846 36296
36293 21937 61834 3846 36296
36293 21937 73418 3846 36296
36293 21937 56680 3846 36296
36293 21937 64783 3846 36296
36293 21937 60274 3846 36296
36293 21120 59225 3846 36297
36293 21120 58254 3846 36297
36293 21937 64542 3846 36296
36293 21120 78004 3846 36297
36293 21120 51265 3846 36297
36293 21937 57865 3846 36296
36293 21937 73282 3846 36296
36293 21937 72775 3846 36296
36293 21937 67981 3846 36296
36293 21937 56548 3846 36296
36293 21937 56743 3846 36296
36293 21937 65514 3846 36296
36293 21937 69260 3846 36296
36293 21937 61834 3846 36296
36293 21937 73418 3846 36296
36293 21937 56680 3846 36296
36293 21937 64783 3846 36296
36293 21937 54548 3846 36297
36293 21937 64934 3846 36296
36293 21937 60274 3846 36296
36293 21937 64542 3846 36296
36293 21937 57865 3846 36296
36293 21937 73282 3846 36296
36293 21937 72775 3846 36296
36293 21937 67981 3846 36296
36293 21937 56548 3846 36296
36293 21937 56743 3846 36296
36293 21937 65514 3846 36296
36293 21937 69260 3846 36296
36293 21937 61834 3846 36296
36293 21937 73418 3846 36296
36293 21937 56680 3846 36296
36293 21937 64783 3846 36296
36293 21937 64934 3846 36296
36293 21937 60274 3846 36296
36293 21937 64542 3846 36296
36293 21937 57865 3846 36296
36293 21937 73282 3846 36296
36293 21937 72775 3846 36296
36293 21120 71409 3846 36297
36293 21120 48514 3846 36297
36293 21120 76001 3846 36297
36293 21937 53887 3846 36297
36293 21937 71902 3846 36296
36293 21937 67981 3846 36296
36293 21937 56548 3846 36296
36293 21937 56743 3846 36296
36293 21937 65514 3846 36296
36293 21937 69260 3846 36296
36293 21937 61834 3846 36296
36293 21937 73418 3846 36296
36293 21937 56680 3846 36296
36293 21937 64783 3846 36296
36293 21937 64934 3846 36296
36293 21937 60274 3846 36296
36293 21937 64542 3846 36296
36293 21937 57865 3846 36296
36293 21937 73282 3846 36296
36293 21937 72775 3846 36296
36293 21937 71902 3846 36296
36293 21937 67981 3846 36296
36293 21937 56548 3846 36296
36293 21937 56743 3846 36296
36293 21937 65514 3846 36296
36293 21937 69260 3846 36296
36293 21937 61834 3846 36296
36293 21937 73418 3846 36296
36293 21937 56680 3846 36296
36293 21937 64783 3846 36296
36293 21937 64934 3846 36296
36293 21120 54430 3846 36297
36293 21120 66285 3846 36297
36293 21120 76714 3846 36297
36293 21120 70375 3846 36297
36293 21937 60274 3846 36296
36293 21120 60873 3846 36297
36293 21120 76828 3846 36297
36293 21937 64542 3846 36296
36293 21120 74717 3846 36297
36293 21120 61697 3846 36297
36293 21120 45248 3846 36297
36293 21937 57865 3846 36296
36293 21120 51570 3846 36297
36293 21120 75553 3846 36297
36293 21120 53598 3846 36297
36293 21120 72634 3846 36297
36293 21120 55169 3846 36297
36293 21120 72500 3846 36297
36293 21120 76759 3846 36297
36293 21937 75022 3846 36297
36293 21937 61329 3846 36296
36293 21120 52882 3846 36297
36293 21937 73282 3846 36296
36293 21937 72775 3846 36296
36293 21937 71902 3846 36296
36293 21937 67981 3846 36296
36293 21937 56548 3846 36296
36293 21937 56743 3846 36296
36293 21937 65514 3846 36296
36293 21937 69260 3846 36296
36293 21937 61834 3846 36296
36293 21937 73418 3846 36296
36293 21937 56680 3846 36296
36293 21937 64783 3846 36296
36293 21937 64934 3846 36296
36293 21937 47731 3846 36297
36293 21937 56097 3846 36296
36293 21937 60274 3846 36296
36293 21937 64542 3846 36296
36293 21937 68417 3846 36297
36293 21937 72063 3846 36296
36293 21937 73282 3846 36296
36293 21120 48363 3846 36297
36293 21937 57865 3846 36296
36293 21120 59538 3846 36297
36293 21120 74314 3846 36297
36293 21120 65203 3846 36297
36293 21120 57073 3846 36297
36293 21120 55533 3846 36297
36293 21120 71419 3846 36297
36293 21120 59755 3846 36297
36293 21120 74176 3846 36297
36293 21937 61329 3846 36296
36293 21937 68060 3846 36297
36293 21937 59962 3846 36296
36293 21120 77553 3846 36297
36293 21937 72775 3846 36296
36293 21120 48428 3846 36297
36293 21120 46830 3846 36297
36293 21120 59869 3846 36297
36293 21120 73046 3846 36297
36293 21937 67981 3846 36296
36293 21120 63641 3846 36297
36293 21120 45902 3846 36297
36293 21937 71902 3846 36296
36293 21120 68027 3846 36297
36293 21937 53212 3846 36297
36293 21937 60578 3846 36296
36293 21937 56548 3846 36296
36293 21937 56743 3846 36296
36293 21120 75977 3846 36297
36293 21120 58875 3846 36297
36293 21120 77598 3846 36297
36293 21937 65514 3846 36296
36293 21937 75462 3846 36297
36293 21937 56334 3846 36296
36293 21937 69260 3846 36296
36293 21937 61834 3846 36296
36293 21937 73418 3846 36296
36293 21937 56680 3846 36296
36293 21937 64783 3846 36296
36293 21937 64934 3846 36296
36293 21937 56097 3846 36296
36293 21937 60274 3846 36296
36293 21937 64542 3846 36296
36293 21937 72063 3846 36296
36293 21937 73282 3846 36296
36293 21937 57865 3846 36296
36293 21937 61329 3846 36296
36293 21937 59962 3846 36296
36293 21937 72775 3846 36296
36293 21937 71902 3846 36296
36293 21937 60578 3846 36296
36293 21937 67981 3846 36296
36293 21937 56548 3846 36296
36293 21937 56743 3846 36296
36293 21937 65514 3846 36296
36293 21937 56334 3846 36296
36293 21937 69260 3846 36296
36293 21937 61834 3846 36296
36293 21937 73418 3846 36296
36293 21937 56680 3846 36296
36293 21120 74504 3846 36297
36293 21120 69456 3846 36297
36293 21937 64783 3846 36296
36293 21120 56246 3846 36297
36293 21120 65772 3846 36297
36293 21937 64934 3846 36296
36293 21937 56097 3846 36296
36293 21937 60274 3846 36296
36293 21937 64542 3846 36296
36293 21937 72063 3846 36296
36293 21937 73282 3846 36296
36293 21937 57865 3846 36296
36293 21937 61329 3846 36296
36293 21937 59962 3846 36296
36293 21937 72775 3846 36296
36293 21937 71902 3846 36296
36293 21937 60578 3846 36296
36293 21937 67981 3846 36296
36293 21937 56548 3846 36296
36293 21937 56743 3846 36296
36293 21937 65514 3846 36296
36293 21937 56334 3846 36296
36293 21937 69260 3846 36296
36293 21937 61834 3846 36296
36293 21120 69503 3846 36297
36293 21937 73418 3846 36296
36293 21120 61113 3846 36297
36293 21120 76368 3846 36297
36293 21120 70380 3846 36297
36293 21120 48900 3846 36297
36293 21937 56680 3846 36296
36293 21937 51970 3846 36297
36293 21937 56959 3846 36296
36293 21937 64783 3846 36296
36293 21120 77460 3846 36297
36293 21937 64934 3846 36296
36293 21937 56097 3846 36296
36293 21937 60274 3846 36296
36293 21937 64542 3846 36296
36293 21937 72063 3846 36296
36293 21937 73282 3846 36296
36293 21937 57865 3846 36296
36293 21937 61329 3846 36296
36293 21937 59962 3846 36296
36293 21937 72775 3846 36296
36293 21937 71902 3846 36296
36293 21937 60578 3846 36296
36293 21937 67981 3846 36296
36293 21937 56548 3846 36296
36293 21937 56743 3846 36296
36293 21937 65514 3846 36296
36293 21937 56334 3846 36296
36293 21937 69260 3846 36296
36293 21120 75368 3846 36297
36293 21937 61834 3846 36296
36293 21937 73418 3846 36296
36293 21120 46933 3846 36297
36293 21120 59580 3846 36297
36293 21120 53793 3846 36297
36293 21937 64783 3846 36296
36293 21120 63975 3846 36297
36293 21937 56680 3846 36296
36293 21120 55212 3846 36297
36293 21937 56959 3846 36296
36293 21120 75011 3846 36297
36293 21120 62825 3846 36297
36293 21937 50173 3846 36297
36293 21937 59401 3846 36296
36293 21937 64934 3846 36296
36293 21937 56097 3846 36296
36293 21937 60274 3846 36296
36293 21937 64542 3846 36296
36293 21937 72063 3846 36296
36293 21937 73282 3846 36296
36293 21937 57865 3846 36296
36293 21937 61329 3846 36296
36293 21937 59962 3846 36296
36293 21937 72775 3846 36296
36293 21937 71902 3846 36296
36293 21937 60578 3846 36296
36293 21937 67981 3846 36296
36293 21937 56548 3846 36296
36293 21937 56743 3846 36296
36293 21937 69260 3846 36296
36293 21937 61834 3846 36296
36293 21937 73418 3846 36296
36293 21937 64934 3846 36296
36293 21937 56097 3846 36296
36293 21937 73282 3846 36296
36293 21937 57865 3846 36296
36293 36292 66399 3698 36295
36293 36292 64017 3698 36295
36293 36292 70786 3698 36295
