36293 21120 67134 1298 36296
36293 21120 68780 1298 36296
36293 21120 48936 1298 36297
36293 21120 65244 1298 36297
36293 21120 48264 1298 36297
36293 21120 58398 1298 36297
36293 21120 49454 1298 36297
36293 21120 49469 1298 36297
36293 21120 45979 1298 36297
36293 21120 47630 1298 36297
36293 21120 76388 1298 36297
36293 21120 76338 1298 36297
36293 18672 52684 1298 36297
36293 21120 60141 1298 36297
36293 21120 60143 1298 36297
36293 21120 62432 1298 36297
36293 21120 58110 1298 36297
36293 21120 72266 1298 36297
36293 30872 71425 4973 36297
36293 31037 74355 7811 36297
36293 20792 65167 3185 36297
36293 32638 75092 6031 36297
36293 16983 51221 7482 36297
36293 29057 72825 2203 36297
36293 33363 72633 1713 36297
36293 26093 53216 903 36297
36293 29389 60833 5034 36297
36293 30419 45370 5497 36297
36293 20578 52276 1807 36297
36293 21529 76956 5586 36297
36293 26879 57033 1917 36297
36293 19992 64195 650 36297
36293 20805 63417 1856 36297
36293 29444 70994 8830 36297
36293 13705 49190 2369 36297
36293 16358 71956 5322 36297
36293 33664 46735 6343 36297
36293 17070 51549 6874 36297
36293 12756 65264 8513 36297
36293 12476 47354 655 36297
36293 27307 45427 4810 36297
36293 33062 45916 7294 36297
36293 36264 48115 7791 36297
36293 23990 60530 1578 36297
36293 22265 63291 4900 36297
36293 31706 56376 1756 36297
36293 19868 62390 2123 36297
36293 28685 56270 8372 36297
36293 14679 73891 458 36297
36293 34599 53316 3882 36297
36293 14011 70131 9212 36297
36293 36074 77065 5416 36297
36293 25334 56497 7062 36297
36293 22091 61050 7035 36297
36293 19047 64119 3995 36297
36293 16488 68533 5993 36297
36293 13927 55962 297 36297
36293 26721 59783 512 36297
36293 25590 46388 8417 36297
36293 35811 66979 6766 36297
36293 13872 65188 7447 36297
36293 14470 49647 4184 36297
36293 32543 52747 6426 36297
36293 12661 77077 1442 36297
36293 32666 49461 9246 36297
36293 19319 61337 4269 36297
36293 35989 54956 3589 36297
36293 18126 66684 361 36297
36293 32729 74086 9209 36297
36293 34583 78096 3234 36297
36293 18278 64525 3913 36297
36293 23527 53145 9070 36297
36293 16411 64063 4006 36297
36293 13531 56090 5644 36297
36293 12628 63669 6730 36297
36293 33794 70347 6583 36297
36293 9924 51468 4294 36297
36293 12577 64593 6902 36297
36293 13790 70969 3221 36297
36293 23924 60375 3678 36297
36293 18580 73396 4765 36297
36293 30457 50679 7043 36297
36293 17165 68690 7955 36297
36293 25284 75461 4726 36297
36293 14919 73496 557 36297
36293 31035 67092 8570 36297
36293 24060 51292 1665 36297
36293 20859 61229 5482 36297
36293 21488 71932 7814 36297
36293 21776 71837 2657 36297
36293 17533 51739 6903 36297
36293 24319 52230 1013 36297
36293 12157 54372 9179 36297
36293 34755 53350 1392 36297
36293 11807 61499 1648 36297
36293 30204 74581 6664 36297
36293 27056 55221 2265 36297
36293 25182 52612 8859 36297
36293 12093 71989 8995 36297
36293 21825 65433 8808 36297
36293 25677 59540 6424 36297
36293 10151 74748 9123 36297
36293 26261 68872 2214 36297
36293 14623 70771 7045 36297
36293 26742 62605 7060 36297
36293 32211 57904 4877 36297
36293 17293 74985 7231 36297
36293 16401 54345 1297 36297
36293 32957 48788 2973 36297
36293 25203 48612 7141 36297
36293 18282 58497 9702 36297
36293 12380 55393 8133 36297
36293 24191 77559 7681 36297
36293 23231 72796 177 36297
36293 20638 72558 622 36297
36293 16752 70649 1801 36297
36293 11973 68409 1555 36297
36293 21201 65945 4982 36297
36293 13923 59921 5124 36297
36293 11184 72570 8049 36297
36293 32618 57946 2755 36297
36293 16472 55134 2864 36297
36293 31189 61791 2860 36297
36293 31911 54072 3241 36297
36293 29392 54413 1212 36297
36293 31628 52119 171 36297
36293 11805 61447 669 36297
36293 14062 59213 5076 36297
36293 18072 60360 6980 36297
36293 26489 63800 1408 36297
36293 34790 59341 4805 36297
36293 34601 66812 7628 36297
36293 12634 65366 3268 36297
36293 16181 50130 9464 36297
36293 25217 47786 1759 36297
36293 30220 65091 9411 36297
36293 12039 55701 9484 36297
36293 24645 48966 3733 36297
36293 32286 47947 8230 36297
36293 9847 46941 7787 36297
36293 21232 46648 2955 36297
36293 13982 66409 3134 36297
36293 17182 45639 1827 36297
36293 10304 66321 9680 36297
36293 35614 56310 6043 36297
36293 26799 70896 9141 36297
36293 11552 78010 1456 36297
36293 21658 66661 1372 36297
36293 28602 62170 8784 36297
36293 11753 45302 8912 36297
36293 32374 60057 3444 36297
36293 21797 58758 4391 36297
36293 17273 48803 4643 36297
36293 18484 64949 2012 36297
36293 25056 49303 6595 36297
36293 10155 66145 7541 36297
36293 23959 76181 7673 36297
36293 25862 51501 8750 36297
36293 10338 74753 9292 36297
36293 12735 52031 8910 36297
36293 15616 51002 9604 36297
36293 26185 57034 5308 36297
36293 25801 63086 1231 36297
36293 21251 76660 7552 36297
36293 30062 59282 6328 36297
36293 13134 77676 1346 36297
36293 12296 63012 8700 36297
36293 16886 70829 880 36297
36293 33864 64305 7511 36297
36293 33259 50296 5852 36297
36293 19348 68408 1662 36297
36293 22926 53574 1403 36297
36293 24417 48531 4096 36297
36293 23267 48597 4250 36297
36293 24293 45874 4659 36297
36293 28900 56860 6227 36297
36293 19791 72985 9171 36297
36293 35026 76839 5287 36297
36293 32236 50603 8325 36297
36293 33858 65837 286 36297
36293 19163 67595 4995 36297
36293 11069 58656 8120 36297
36293 14612 52126 4982 36297
36293 11856 45093 6790 36297
36293 16836 64070 6838 36297
36293 10235 73254 6434 36297
36293 20369 50383 7373 36297
36293 22826 75967 2061 36297
36293 11772 62301 2392 36297
36293 18323 51014 4519 36297
36293 29735 71600 1519 36297
36293 31958 63454 544 36297
36293 13309 73083 3944 36297
36293 29943 56505 6694 36297
36293 23439 68637 9339 36297
36293 28926 57377 4752 36297
36293 19652 53190 1735 36297
36293 29287 60270 4742 36297
36293 21531 66023 205 36297
36293 22083 54411 514 36297
36293 23943 47675 7743 36297
36293 12767 56701 7393 36297
36293 19292 70088 8886 36297
36293 15152 53017 3502 36297
36293 19153 63743 6674 36297
36293 31697 56517 7327 36297
36293 16408 73098 4856 36297
36293 12908 59987 2556 36297
36293 21765 52986 5431 36297
36293 31144 68422 3897 36297
36293 11358 76278 878 36297
36293 30788 76182 1107 36297
36293 32035 60149 1796 36297
36293 21502 73936 7831 36297
36293 10507 49428 3546 36297
36293 29077 48710 7093 36297
36293 31621 75893 7218 36297
36293 36249 52867 217 36297
36293 24051 48391 4908 36297
36293 27806 74509 2605 36297
36293 10992 77133 1122 36297
36293 26359 73798 2049 36297
36293 21018 68294 8808 36297
36293 19079 58619 5956 36297
36293 31787 47515 3067 36297
36293 30376 48203 303 36297
36293 13152 62858 5194 36297
36293 27699 67472 6932 36297
36293 17410 50705 9032 36297
36293 33155 59880 6608 36297
36293 29976 52005 3691 36297
36293 13302 66560 2871 36297
36293 30735 75581 5806 36297
36293 15023 69069 2924 36297
36293 14636 50118 111 36297
36293 21986 70851 6683 36297
36293 35337 67782 8667 36297
36293 18847 75738 835 36297
36293 16276 76356 2336 36297
36293 23014 76105 9647 36297
36293 29642 70857 7796 36297
36293 34079 53541 2764 36297
36293 18891 70054 8217 36297
36293 33082 73819 8554 36297
36293 10489 51862 2226 36297
36293 15025 46570 3278 36297
36293 33808 51945 7867 36297
36293 12445 72873 4955 36297
36293 21749 66480 9340 36297
36293 18302 56810 7082 36297
36293 23360 77016 6893 36297
36293 24438 53071 200 36297
36293 20245 51412 61 36297
36293 26659 66711 7209 36297
36293 16647 71743 5639 36297
36293 31544 54909 1630 36297
36293 13852 59135 622 36297
36293 11661 47638 1208 36297
36293 33229 46263 1065 36297
36293 27029 51785 1550 36297
36293 22045 77637 6170 36297
36293 29381 61599 3121 36297
36293 25839 75810 6104 36297
36293 26370 52675 5321 36297
36293 19898 59410 7832 36297
36293 11844 54711 6505 36297
36293 25698 63938 820 36297
36293 26354 53263 8064 36297
36293 33890 73395 3273 36297
36293 36145 78222 5349 36297
36293 14353 50191 1521 36297
36293 19022 57664 2570 36297
36293 19820 48347 3806 36297
36293 33086 64382 8253 36297
36293 10827 47213 6793 36297
36293 16774 48949 2233 36297
36293 12052 71759 6641 36297
36293 25639 76903 2700 36297
36293 21363 71111 1190 36297
36293 24944 71180 5231 36297
36293 22349 57455 1366 36297
36293 26658 64289 1234 36297
36293 27061 69050 5226 36297
36293 16484 50906 8135 36297
36293 13796 67593 9399 36297
36293 19221 51472 1649 36297
36293 34663 74600 610 36297
36293 32897 45777 7225 36297
36293 11513 55559 4747 36297
36293 14892 60821 5150 36297
36293 14838 55998 7568 36297
36293 34241 48232 8939 36297
36293 31332 45384 4794 36297
36293 34633 68345 5012 36297
36293 13178 59162 8268 36297
36293 16631 54622 5535 36297
36293 32684 74088 3228 36297
36293 28347 64822 181 36297
36293 15654 49629 5756 36297
36293 23479 46248 2823 36297
36293 34489 54136 1298 36297
36293 29709 66797 3679 36297
36293 10440 53360 2012 36297
36293 28047 76849 3092 36297
36293 22804 73919 478 36297
36293 19327 56272 8470 36297
36293 21842 72778 4973 36297
36293 16293 50011 190 36297
36293 25564 52760 3214 36297
36293 14916 69939 9541 36297
36293 22502 52944 5279 36297
36293 33031 58083 594 36297
36293 12040 53342 3121 36297
36293 15370 62970 1278 36297
36293 36275 53931 1246 36297
36293 22774 46321 4181 36297
36293 21178 64716 4980 36297
36293 32584 64985 9629 36297
36293 30024 48449 1072 36297
36293 28646 73966 207 36297
36293 12227 58779 4856 36297
36293 27059 59565 8909 36297
36293 14990 51540 6453 36297
36293 30496 49887 6931 36297
36293 36016 45326 674 36297
36293 23107 47407 8795 36297
36293 25772 59248 1356 36297
36293 15953 51480 40 36297
36293 22547 52231 7925 36297
36293 15037 50346 1271 36297
36293 23251 46580 346 36297
36293 29531 45160 4439 36297
36293 17896 65595 2647 36297
36293 27715 58625 9018 36297
36293 21194 68858 828 36297
36293 27206 66674 7137 36297
36293 16465 48197 7471 36297
36293 18272 72635 108 36297
36293 28961 56212 4238 36297
36293 31773 49702 9146 36297
36293 28546 52969 3788 36297
36293 26428 69544 9380 36297
36293 11141 61510 7273 36297
36293 17663 74481 4728 36297
36293 20870 61316 9164 36297
36293 30126 61640 7409 36297
36293 20411 50989 6000 36297
36293 19125 57939 9015 36297
36293 18550 72401 208 36297
36293 33602 71062 1140 36297
36293 17072 73597 517 36297
36293 22785 75536 3645 36297
36293 30101 60128 6105 36297
36293 28849 55096 8773 36297
36293 12241 60130 7365 36297
36293 10384 49927 4344 36297
36293 30196 53701 6462 36297
36293 32431 52783 1656 36297
36293 32323 75911 9549 36297
36293 26005 65219 14 36297
36293 23415 52824 8076 36297
36293 24787 48403 5006 36297
36293 25872 56974 7230 36297
36293 11993 60521 5097 36297
36293 29648 59567 1470 36297
36293 30071 48530 5423 36297
36293 24955 54440 9474 36297
36293 35644 47433 916 36297
36293 15257 66444 6051 36297
36293 15089 58774 8355 36297
36293 25453 46353 2607 36297
36293 31936 46159 9045 36297
36293 34848 56273 1481 36297
36293 26716 73208 560 36297
36293 24051 73425 1397 36297
36293 16796 72881 1385 36297
36293 11030 78052 7586 36297
36293 33234 59010 1736 36297
36293 16074 65535 1415 36297
36293 21189 54081 4464 36297
36293 11817 77745 3379 36297
36293 21690 58530 8847 36297
36293 12687 51653 7975 36297
36293 11797 77325 6305 36297
36293 23485 71574 4599 36297
36293 16808 46480 5057 36297
36293 21231 77161 8516 36297
36293 28540 72714 8412 36297
36293 22271 66172 3024 36297
36293 13120 74771 8736 36297
36293 22331 47023 6347 36297
36293 23868 53521 3984 36297
36293 17190 69163 201 36297
36293 14431 50309 2430 36297
36293 31590 45247 6775 36297
36293 26831 73165 5735 36297
36293 11656 56415 7191 36297
36293 14971 56138 3491 36297
36293 30573 53549 7443 36297
36293 24052 54674 1660 36297
36293 11437 45994 1988 36297
36293 19436 73522 8332 36297
36293 24226 71300 3801 36297
36293 27171 77143 3395 36297
36293 14438 63671 5202 36297
36293 16927 55437 4421 36297
36293 27459 48769 5833 36297
36293 20204 56337 4457 36297
36293 10480 73664 4628 36297
36293 23320 61962 7699 36297
36293 34977 69142 7695 36297
36293 10322 59767 6181 36297
36293 19970 54086 3650 36297
36293 28190 48097 3592 36297
36293 11655 57842 9129 36297
36293 30761 71026 797 36297
36293 25743 46725 6274 36297
36293 29824 55730 9305 36297
36293 24294 47531 524 36297
36293 11161 67561 7089 36297
36293 29913 58750 340 36297
36293 9789 57383 5655 36297
36293 15321 75640 972 36297
36293 18878 72099 7558 36297
36293 35349 59486 6320 36297
36293 36183 48263 129 36297
36293 25208 51099 524 36297
36293 28790 64197 8087 36297
36293 21938 68590 2938 36297
36293 24575 69735 1673 36297
36293 21543 52642 3099 36297
36293 29284 60540 1814 36297
36293 12623 61012 6184 36297
36293 36052 53241 6010 36297
36293 32520 67216 27 36297
36293 10682 46594 3780 36297
36293 30906 50238 9024 36297
36293 31693 49657 3423 36297
36293 15883 72950 811 36297
36293 30004 56703 8662 36297
36293 16836 53510 1983 36297
36293 32682 78105 2 36297
36293 22677 57434 4970 36297
36293 12145 54446 7585 36297
36293 31024 54145 1771 36297
36293 33915 52250 7870 36297
36293 18835 49215 7902 36297
36293 24182 56408 2851 36297
36293 17608 56771 6125 36297
36293 32714 52640 6607 36297
36293 22533 74059 180 36297
36293 35331 60941 1420 36297
36293 25768 69541 9219 36297
36293 26505 61894 1253 36297
36293 30216 50228 7351 36297
36293 21464 54629 6529 36297
36293 12955 76544 2101 36297
36293 18487 77829 8490 36297
36293 13403 72740 6080 36297
36293 17133 58745 6198 36297
36293 25422 47561 3180 36297
36293 24960 75160 1469 36297
36293 14637 55926 5332 36297
36293 13204 63953 3329 36297
36293 36227 53672 4899 36297
36293 32231 69940 2641 36297
36293 31662 60410 8690 36297
36293 25357 70504 2234 36297
36293 18464 71568 9487 36297
36293 31667 46359 8359 36297
36293 21790 65870 1832 36297
36293 33182 61597 8557 36297
36293 9910 73520 2806 36297
36293 18275 58593 5242 36297
36293 29956 55616 1100 36297
36293 23478 48165 1066 36297
36293 35078 53865 4151 36297
36293 14648 74583 257 36297
36293 20597 46776 6231 36297
36293 22789 46734 9671 36297
36293 13933 52656 6190 36297
36293 24755 63352 3245 36297
36293 30454 72202 8543 36297
36293 20912 51682 8130 36297
36293 24893 61330 5286 36297
36293 22896 61153 6505 36297
36293 26390 49937 1741 36297
36293 36096 49466 9599 36297
36293 26295 47438 3923 36297
36293 14587 49759 970 36297
36293 20808 59458 6995 36297
36293 27154 52679 6016 36297
36293 17910 64969 779 36297
36293 9806 74097 2780 36297
36293 12815 53207 4549 36297
36293 16059 68464 449 36297
36293 10049 63200 1951 36297
36293 13336 47508 7875 36297
36293 11786 63297 4908 36297
36293 34489 54136 1298 36297
36293 32439 71800 2287 36297
36293 14979 66317 8019 36297
36293 21213 64503 2473 36297
36293 25479 75228 5831 36297
36293 34713 66081 6410 36297
36293 27210 57290 5803 36297
36293 16623 52204 7941 36297
36293 23059 47949 8470 36297
36293 28560 46991 8240 36297
36293 16898 73153 2610 36297
36293 25507 47375 747 36297
36293 29795 46374 4596 36297
36293 30305 53627 1289 36297
36293 28192 56016 2184 36297
36293 32049 45137 7595 36297
36293 17913 76147 3689 36297
36293 19612 45140 4657 36297
36293 22991 65259 8873 36297
36293 12481 68685 5778 36297
36293 14009 71096 5955 36297
36293 33264 77716 5634 36297
36293 12681 72236 302 36297
36293 15210 54215 4153 36297
36293 28822 58589 6491 36297
36293 13600 59452 9035 36297
36293 14928 74357 1538 36297
36293 21786 47316 4071 36297
36293 18897 61535 5172 36297
36293 34203 70112 3905 36297
36293 26791 66457 2660 36297
36293 25853 46683 4412 36297
36293 30648 54183 8776 36297
36293 16121 77675 9306 36297
36293 31841 69116 6656 36297
36293 28778 46714 8923 36297
36293 15560 47572 1745 36297
36293 30013 52394 1291 36297
36293 12861 78053 3917 36297
36293 15548 50226 5483 36297
36293 10166 58403 2274 36297
36293 21052 73466 973 36297
36293 35879 64298 3674 36297
36293 32320 75845 2776 36297
36293 23846 56690 2827 36297
36293 30181 55747 6114 36297
36293 10133 58028 3823 36297
36293 30959 63854 2687 36297
36293 19340 50041 3097 36297
36293 14523 48427 6504 36297
36293 25308 62052 828 36297
36293 24061 57867 9423 36297
36293 30640 74332 6728 36297
36293 16315 63810 6262 36297
36293 16708 53954 5896 36297
36293 20844 53152 427 36297
36293 18774 67175 668 36297
36293 23387 67623 9028 36297
36293 24258 67996 8347 36297
36293 29995 56292 5907 36297
36293 13354 62318 574 36297
36293 35936 51837 2859 36297
36293 11947 57345 6334 36297
36293 18421 57591 2362 36297
36293 20873 60488 1959 36297
36293 15143 48666 1403 36297
36293 25467 51421 6203 36297
36293 14542 51233 4996 36297
36293 23027 48320 972 36297
36293 34818 77578 2034 36297
36293 14885 68833 3642 36297
36293 10432 74404 9572 36297
36293 11695 71872 2226 36297
36293 31834 76116 5232 36297
36293 28404 71555 4249 36297
36293 21497 72972 5961 36297
36293 29641 69371 6311 36297
36293 27633 47848 9359 36297
36293 19504 52155 8168 36297
36293 18352 71822 7861 36297
36293 16247 56511 8640 36297
36293 10936 71247 7044 36297
36293 32137 53944 2002 36297
36293 22097 47940 1963 36297
36293 21105 63225 6268 36297
36293 30111 49448 8422 36297
36293 10416 60286 5937 36297
36293 26705 46973 4017 36297
36293 30458 46216 1871 36297
36293 34188 75417 7841 36297
36293 15238 55567 8631 36297
36293 12573 74419 8964 36297
36293 11562 53558 8638 36297
36293 16340 51937 8333 36297
36293 21612 47854 3242 36297
36293 23764 57965 8123 36297
36293 29416 55541 5633 36297
36293 26918 60986 148 36297
36293 26841 55151 1473 36297
36293 12314 49400 9237 36297
36293 11747 51953 3482 36297
36293 29789 47643 3142 36297
36293 22814 51431 7648 36297
36293 35873 49676 753 36297
36293 10452 56224 1758 36297
36293 17749 58593 8767 36297
36293 34366 76442 147 36297
36293 33632 50881 9006 36297
36293 13250 59788 844 36297
36293 31671 75183 4719 36297
36293 28615 73010 4459 36297
36293 21107 49642 3813 36297
36293 27758 49991 9554 36297
36293 25718 46619 581 36297
36293 22520 53847 8817 36297
36293 24823 71915 8732 36297
36293 24348 73198 5560 36297
36293 27122 68652 4548 36297
36293 26589 77844 6653 36297
36293 20718 76674 2950 36297
36293 27324 58666 8769 36297
36293 10158 53574 3745 36297
36293 31292 47668 7445 36297
36293 21970 77588 8074 36297
36293 17200 66237 7000 36297
36293 19621 57993 2037 36297
36293 20547 51222 3486 36297
36293 23542 51914 4287 36297
36293 31269 60757 1897 36297
36293 14960 68996 4602 36297
36293 28778 69146 6668 36297
36293 16433 75210 7968 36297
36293 10892 51849 8680 36297
36293 23399 64870 7825 36297
36293 28429 49635 7733 36297
36293 29440 46046 2590 36297
36293 25013 78161 3325 36297
36293 36116 55874 5507 36297
36293 25461 72957 6339 36297
36293 30836 54485 5072 36297
36293 25735 57070 4281 36297
36293 28663 53010 8327 36297
36293 21747 48938 7056 36297
36293 29455 48756 9690 36297
36293 14416 55516 6584 36297
36293 10175 55400 4903 36297
36293 28267 73256 7282 36297
36293 12190 73064 7915 36297
36293 27133 71657 7427 36297
36293 15239 47516 7667 36297
36293 27708 56695 4867 36297
36293 15739 51475 9542 36297
36293 10347 61993 1725 36297
36293 16584 48953 4065 36297
36293 34868 61977 170 36297
36293 9714 77002 2392 36297
36293 30543 62353 633 36297
36293 25841 66308 1511 36297
36293 30554 71014 5936 36297
36293 35615 74619 7968 36297
36293 13440 57399 2986 36297
36293 10293 76683 2581 36297
36293 35560 62282 99 36297
36293 22646 47619 8171 36297
36293 17823 72018 5033 36297
36293 35629 49263 5210 36297
36293 33073 75934 9357 36297
36293 20349 59033 6390 36297
36293 29817 71287 903 36297
36293 28462 59543 3903 36297
36293 25331 57537 5378 36297
36293 15479 49422 4944 36297
36293 29639 63701 484 36297
36293 9785 71664 5417 36297
36293 24279 57306 2429 36297
36293 13171 76541 1702 36297
36293 19295 54699 9341 36297
36293 22355 69084 8797 36297
36293 14601 75275 389 36297
36293 17442 56182 16 36297
36293 17885 53054 8595 36297
36293 34740 77807 2928 36297
36293 29531 74019 3749 36297
36293 35400 71241 8042 36297
36293 27807 59801 5682 36297
36293 11509 58298 2274 36297
36293 22788 72050 3718 36297
36293 10876 64831 7350 36297
36293 33021 59851 56 36297
36293 16838 52941 8268 36297
36293 17051 73088 6455 36297
36293 23169 54843 2506 36297
36293 15468 66626 4207 36297
36293 18432 55448 5192 36297
36293 20769 48490 7200 36297
36293 24104 54322 9110 36297
36293 23246 66573 6377 36297
36293 32402 69392 3592 36297
36293 31588 70343 2795 36297
36293 18305 55843 845 36297
36293 21386 61598 422 36297
36293 10948 50415 6651 36297
36293 23782 56682 3651 36297
36293 14432 64081 893 36297
36293 12788 65733 9680 36297
36293 26591 77364 1667 36297
36293 27850 51754 6288 36297
36293 34198 57046 4655 36297
36293 17954 47481 5630 36297
36293 17253 49010 3938 36297
36293 28323 60148 4017 36297
36293 28692 46602 3903 36297
36293 24000 53179 7581 36297
36293 17357 77940 3962 36297
36293 31170 71035 1159 36297
36293 19194 76392 9361 36297
36293 24996 47782 5203 36297
36293 32718 66482 2731 36297
36293 32661 56221 7189 36297
36293 21920 75180 1040 36297
36293 14958 46560 8985 36297
36293 25839 77763 2950 36297
36293 17461 54439 1042 36297
36293 35342 52922 28 36297
36293 24517 52020 1632 36297
36293 35708 49782 5248 36297
36293 35719 72910 177 36297
36293 12436 56991 898 36297
36293 9749 61052 4292 36297
36293 23555 57099 248 36297
36293 17731 71340 6628 36297
36293 33040 62543 986 36297
36293 19021 56873 4504 36297
36293 25155 69368 7274 36297
36293 22548 52968 3339 36297
36293 31788 55519 6031 36297
36293 15714 59454 8426 36297
36293 26986 72774 3579 36297
36293 13762 59223 8040 36297
36293 35782 56464 6170 36297
36293 18154 50823 4530 36297
36293 30881 65047 5539 36297
36293 29213 45504 8792 36297
36293 16205 55996 6906 36297
36293 19879 74276 9067 36297
36293 14508 78065 484 36297
36293 35848 76947 1480 36297
36293 11204 63163 3664 36297
36293 28489 52638 8786 36297
36293 17632 46316 9005 36297
36293 17894 72828 6665 36297
36293 34634 47503 6598 36297
36293 28059 51447 2304 36297
36293 16021 45559 6067 36297
36293 12618 59961 3044 36297
36293 22786 66382 8233 36297
36293 10835 63518 3063 36297
36293 30293 62213 7521 36297
36293 15409 59812 8507 36297
36293 26662 70513 8329 36297
36293 15266 75486 9604 36297
36293 24917 58876 1337 36297
36293 29845 47204 4692 36297
36293 34849 63612 3431 36297
36293 10922 68917 1541 36297
36293 33027 60959 5296 36297
36293 30776 76640 4618 36297
36293 33651 46022 6912 36297
36293 16359 72787 5427 36297
36293 10149 58719 579 36297
36293 30181 50824 8170 36297
36293 21956 72476 9330 36297
36293 14300 67199 7133 36297
36293 34459 55897 8671 36297
36293 30989 76837 6746 36297
36293 24988 47415 5923 36297
36293 25293 77880 8206 36297
36293 19304 50470 5588 36297
36293 34807 68574 8597 36297
36293 20571 55531 5320 36297
36293 32760 53100 6896 36297
36293 31432 58294 6684 36297
36293 32953 70528 1048 36297
36293 20134 57411 6571 36297
36293 30035 45998 7292 36297
36293 19483 64774 4549 36297
36293 13053 52188 1550 36297
36293 13492 73055 2177 36297
36293 33898 48229 9613 36297
36293 23371 54987 9579 36297
36293 30465 51485 8203 36297
36293 35949 65833 3672 36297
36293 31894 58435 5307 36297
36293 30205 54147 5577 36297
36293 22178 57112 6334 36297
36293 21867 55179 6253 36297
36293 28273 59507 2210 36297
36293 21661 58084 6969 36297
36293 21368 77365 8778 36297
36293 19784 60205 6732 36297
36293 21622 46616 4414 36297
36293 14555 56594 4336 36297
36293 10756 58646 9693 36297
36293 33449 77187 349 36297
36293 31728 58100 981 36297
36293 27719 68886 5624 36297
36293 14476 75951 243 36297
36293 11123 66306 5379 36297
36293 15254 67956 7563 36297
36293 24705 46739 8799 36297
36293 9903 56572 6670 36297
36293 17376 72348 2510 36297
36293 13640 55822 7308 36297
36293 18350 49668 155 36297
36293 35879 66967 9475 36297
36293 25509 64917 2247 36297
36293 14582 66658 438 36297
36293 24907 67622 2555 36297
36293 27014 75920 493 36297
36293 12010 55755 4430 36297
36293 30413 57201 3489 36297
36293 29209 62854 9641 36297
36293 27487 59467 2862 36297
36293 25571 71030 2670 36297
36293 12023 77623 5305 36297
36293 32065 75532 4374 36297
36293 34674 75037 7637 36297
36293 31124 77774 8215 36297
36293 30117 61252 1856 36297
36293 24866 72450 9203 36297
36293 16297 53102 8493 36297
36293 14074 63004 5814 36297
36293 29474 69409 6766 36297
36293 16883 58405 6001 36297
36293 35666 77838 5068 36297
36293 15700 50258 4544 36297
36293 29821 64656 9236 36297
36293 35164 45732 6063 36297
36293 15301 75807 8573 36297
36293 16451 71533 3916 36297
36293 20415 76669 4161 36297
36293 28226 70660 4340 36297
36293 27896 52927 6143 36297
36293 22140 69876 5255 36297
36293 21548 67130 6852 36297
36293 26394 73780 9383 36297
36293 26355 67245 6016 36297
36293 14227 70116 2503 36297
36293 13010 61431 76 36297
36293 12210 53257 8742 36297
36293 32437 50031 8242 36297
36293 15889 58539 597 36297
36293 25738 48039 8129 36297
36293 13763 49494 8526 36297
36293 29492 57570 6824 36297
36293 33820 51812 5547 36297
36293 22214 71903 192 36297
36293 26951 75094 1691 36297
36293 17844 70269 7134 36297
36293 10654 52342 966 36297
36293 19793 73841 7163 36297
36293 36011 70906 3363 36297
36293 34897 48577 8366 36297
36293 17413 67546 7136 36297
36293 25950 56625 8831 36297
36293 12091 70183 9281 36297
36293 33819 77818 8209 36297
36293 28812 53649 5000 36297
36293 16943 45418 9422 36297
36293 28771 58607 2746 36297
36293 35841 75995 3089 36297
36293 17593 53298 710 36297
36293 18262 48849 5754 36297
36293 26788 75041 6404 36297
36293 35508 49491 1680 36297
36293 24857 74973 9359 36297
36293 16799 75224 3692 36297
36293 27016 68491 6501 36297
36293 35167 55136 5256 36297
36293 13966 68354 5107 36297
36293 13221 49360 5569 36297
36293 22805 72304 3941 36297
36293 26475 57909 8587 36297
36293 33244 49891 3845 36297
36293 17527 73524 2039 36297
36293 11126 47739 6185 36297
36293 32292 58251 7415 36297
36293 24116 57492 2700 36297
36293 15166 52752 2540 36297
36293 34976 63285 7981 36297
36293 25170 54905 6594 36297
36293 33070 75772 465 36297
36293 31729 60903 6681 36297
36293 28685 57168 7890 36297
36293 32419 52808 1434 36297
36293 31300 67397 5505 36297
36293 13954 51230 5745 36297
36293 27984 51978 674 36297
36293 10991 63446 5949 36297
36293 10113 59541 3884 36297
36293 14500 54549 8960 36297
36293 35502 48575 8974 36297
36293 32846 53907 8356 36297
36293 22540 46312 8322 36297
36293 27045 69843 6965 36297
36293 16156 69789 289 36297
36293 32086 69325 5182 36297
36293 33968 45746 1515 36297
36293 16071 62807 4955 36297
36293 19188 70533 3178 36297
36293 12136 50581 4554 36297
36293 26339 51415 9260 36297
36293 18669 76516 636 36297
36293 34328 45111 3155 36297
36293 11667 56930 8039 36297
36293 27251 73479 3886 36297
36293 17143 73146 2478 36297
36293 22884 48443 2997 36297
36293 14761 52553 9289 36297
36293 13786 65963 6195 36297
36293 9901 77639 9162 36297
36293 23113 75245 3865 36297
36293 10663 50232 4661 36297
36293 10721 70100 1283 36297
36293 25249 59805 5664 36297
36293 24314 77150 8888 36297
36293 28151 65095 5240 36297
36293 33420 58170 3132 36297
36293 16430 45712 9459 36297
36293 10545 56296 2814 36297
36293 17563 69883 2165 36297
36293 30370 45686 6985 36297
36293 33036 56229 1164 36297
36293 25526 77180 5915 36297
36293 17580 71037 5850 36297
36293 30643 77085 7627 36297
36293 9819 68181 6752 36297
36293 32719 62106 6382 36297
36293 14497 54284 8245 36297
36293 31195 55601 414 36297
36293 15205 46200 1164 36297
36293 35566 47935 957 36297
36293 13046 76692 4974 36297
36293 35242 68540 8050 36297
36293 9841 47297 5452 36297
36293 21707 52781 7683 36297
36293 24444 73567 2397 36297
36293 17810 74395 1169 36297
36293 16403 67343 1365 36297
36293 17423 76666 6879 36297
36293 22713 75294 7287 36297
36293 33145 59307 5928 36297
36293 18429 49796 9551 36297
36293 22978 64476 4260 36297
36293 19080 69994 3937 36297
36293 26581 46315 5452 36297
36293 23696 46754 232 36297
36293 35394 73310 50 36297
36293 33179 72263 4968 36297
36293 17879 74759 7827 36297
36293 34629 55611 4683 36297
36293 19812 65998 4440 36297
36293 31257 65397 7958 36297
36293 20343 50122 1698 36297
36293 21224 48394 9137 36297
36293 12220 51444 6155 36297
36293 30061 52018 4735 36297
36293 13174 53641 8229 36297
36293 11208 54337 8952 36297
36293 13863 49152 3289 36297
36293 28225 65602 9407 36297
36293 30578 49651 6696 36297
36293 28060 58665 4140 36297
36293 28197 58811 8306 36297
36293 30778 77417 4396 36297
36293 29612 61049 9081 36297
36293 19205 76600 3601 36297
36293 18543 69523 7469 36297
36293 13706 76997 5268 36297
36293 27742 47249 4004 36297
36293 17275 48187 147 36297
36293 22737 64731 8163 36297
36293 14842 65027 9051 36297
36293 28997 53768 7732 36297
36293 27467 62850 8503 36297
36293 16168 52502 9307 36297
36293 18427 75265 6115 36297
36293 23459 50688 5056 36297
36293 27227 75971 8879 36297
36293 28770 58679 1538 36297
36293 11076 45860 1603 36297
36293 32423 73882 9679 36297
36293 22838 72970 4542 36297
36293 11579 49723 8101 36297
36293 16585 47195 8362 36297
36293 29435 69251 535 36297
36293 34125 60244 8131 36297
36293 12016 65250 1021 36297
36293 12586 53951 7274 36297
36293 16342 63395 2 36297
36293 10497 47511 2748 36297
36293 15374 77225 6413 36297
36293 12983 73497 1835 36297
36293 29458 61304 2373 36297
36293 31058 51948 2012 36297
36293 22700 76020 8452 36297
36293 21057 51361 6096 36297
36293 27654 66586 9600 36297
36293 15698 57827 1837 36297
36293 10613 45420 1435 36297
36293 35823 55237 7348 36297
36293 23639 75337 3566 36297
36293 29118 64573 2200 36297
36293 13614 65538 7541 36297
36293 17466 59296 17 36297
36293 15081 56166 2933 36297
36293 14736 57310 5802 36297
36293 29570 59574 8435 36297
36293 17515 49557 3260 36297
36293 34411 62068 7534 36297
36293 33167 56339 5858 36297
36293 10415 55391 5109 36297
36293 13446 68934 381 36297
36293 33305 54330 971 36297
36293 13550 71292 3533 36297
36293 23422 53357 1485 36297
36293 12531 65938 7396 36297
36293 35343 77804 1743 36297
36293 27846 57727 1420 36297
36293 35333 61651 3374 36297
36293 26202 48886 3728 36297
36293 28954 47334 3738 36297
36293 21948 59119 9651 36297
36293 21423 52009 8012 36297
36293 15906 47346 9577 36297
36293 23658 61208 4932 36297
36293 20843 69593 3908 36297
36293 13732 64738 4067 36297
36293 32356 50070 6797 36297
36293 21059 55135 2553 36297
36293 13920 45793 1342 36297
36293 16440 48781 2030 36297
36293 22426 65023 3867 36297
36293 26047 45130 4926 36297
36293 20984 45963 358 36297
36293 31445 48542 8699 36297
36293 35935 55495 9653 36297
36293 29934 53903 3689 36297
36293 35669 56103 7777 36297
36293 12611 50325 3943 36297
36293 10755 74260 7844 36297
36293 10278 74764 2409 36297
36293 28258 76726 473 36297
36293 35799 74428 4547 36297
36293 21390 65013 3808 36297
36293 10525 50037 5016 36297
36293 31458 77465 6243 36297
36293 19081 53759 1360 36297
36293 26017 64528 3805 36297
36293 34973 51600 5979 36297
36293 13649 47435 1992 36297
36293 15451 59419 9036 36297
36293 22515 49875 8509 36297
36293 27478 51418 7250 36297
36293 27781 55762 2628 36297
36293 29954 46094 6767 36297
36293 34870 54756 3152 36297
36293 13530 53441 1137 36297
36293 23861 52344 6610 36297
36293 25990 47235 3035 36297
36293 20759 61931 2979 36297
36293 25208 48059 7406 36297
36293 26511 62371 946 36297
36293 17221 58807 1590 36297
36293 34427 77989 3683 36297
36293 28813 74029 8081 36297
36293 27779 60755 467 36297
36293 31743 59431 8813 36297
36293 22935 52472 3483 36297
36293 34575 74902 3545 36297
36293 32979 63887 4043 36297
36293 30444 69458 5802 36297
36293 33564 47278 7547 36297
36293 10805 62208 3758 36297
36293 34462 50145 7145 36297
36293 31969 71398 426 36297
36293 26346 65026 5172 36297
36293 35932 69713 8326 36297
36293 35250 62730 87 36297
36293 25793 50971 4110 36297
36293 11353 52255 8076 36297
36293 17983 72523 3452 36297
36293 28707 68690 1740 36297
36293 26787 70462 5645 36297
36293 25015 77991 6236 36297
36293 14310 72497 6800 36297
36293 29454 62416 1149 36297
36293 10234 74819 9523 36297
36293 32827 74106 4239 36297
36293 20263 67797 8807 36297
36293 26802 63035 7996 36297
36293 24383 46956 7628 36297
36293 24670 53249 2751 36297
36293 17450 67618 5715 36297
36293 16289 56914 1807 36297
36293 27939 68874 2866 36297
36293 29445 48087 8170 36297
36293 21352 45606 5216 36297
36293 30596 49356 1194 36297
36293 26133 77091 5352 36297
36293 29085 74406 8666 36297
36293 33400 76050 64 36297
36293 18556 58689 7773 36297
36293 29168 67912 7793 36297
36293 21571 55047 7309 36297
36293 25819 50836 4417 36297
36293 32812 55846 1337 36297
36293 11915 51166 2949 36297
36293 26263 74416 2990 36297
36293 13008 54683 6546 36297
36293 29680 62352 245 36297
36293 29950 50263 4312 36297
36293 28375 48516 1530 36297
36293 30781 54238 8899 36297
36293 12973 46315 3959 36297
36293 31123 60518 1138 36297
36293 26983 71482 3318 36297
36293 29380 64865 2937 36297
36293 10996 67594 4249 36297
36293 18514 70610 9112 36297
36293 23600 74733 724 36297
36293 14482 50108 1218 36297
36293 11569 55793 289 36297
36293 29738 73648 2895 36297
36293 28356 62656 3538 36297
36293 18104 45204 5385 36297
36293 16830 67992 8348 36297
36293 21536 64488 4836 36297
36293 32619 62558 4389 36297
36293 14561 64619 3903 36297
36293 17980 49586 4786 36297
36293 34301 51492 5257 36297
36293 19111 50322 1358 36297
36293 27688 47931 4847 36297
36293 14070 47012 8709 36297
36293 25559 49916 577 36297
36293 33463 61281 6949 36297
36293 26131 66138 5786 36297
36293 11842 68692 628 36297
36293 24439 72836 7444 36297
36293 10060 51144 6971 36297
36293 11023 75719 7344 36297
36293 31115 57531 2514 36297
36293 31017 51301 167 36297
36293 35086 67474 2601 36297
36293 20715 60773 5728 36297
36293 32193 69883 8911 36297
36293 18851 50907 6574 36297
36293 17250 53735 541 36297
36293 19231 64016 4758 36297
36293 26429 71345 1159 36297
36293 28559 74050 4683 36297
36293 29456 64762 9096 36297
36293 11016 47930 3673 36297
36293 23092 54728 8315 36297
36293 30406 48951 4856 36297
36293 23778 60157 7470 36297
36293 20699 75614 758 36297
36293 13768 73922 8516 36297
36293 18653 56203 3509 36297
36293 21151 64987 770 36297
36293 12468 75099 2552 36297
36293 36211 54249 5567 36297
36293 15435 56145 6907 36297
36293 28292 49341 8302 36297
36293 23987 77866 6805 36297
36293 32460 52253 8919 36297
36293 20318 56722 7213 36297
36293 16778 62180 4511 36297
36293 29647 45802 3619 36297
36293 28265 60725 6877 36297
36293 32469 48891 867 36297
36293 31438 69813 7118 36297
36293 30393 67223 4505 36297
36293 28365 67121 2616 36297
36293 24607 49088 2523 36297
36293 10278 48040 22 36297
36293 10926 57808 6134 36297
36293 23162 76402 6071 36297
36293 13158 61899 3547 36297
36293 35450 73756 5175 36297
36293 34899 47636 723 36297
36293 35713 77600 1848 36297
36293 21328 75646 8874 36297
36293 36254 54251 8104 36297
36293 18277 69026 3522 36297
36293 31409 65200 9692 36297
36293 19413 65732 9584 36297
36293 10691 55136 6951 36297
36293 11750 53230 6373 36297
36293 11935 59252 668 36297
36293 23369 68607 7449 36297
36293 35927 76813 2580 36297
36293 25028 46564 286 36297
36293 15430 45811 641 36297
36293 30365 64265 431 36297
36293 10674 73367 676 36297
36293 33653 66782 1542 36297
36293 15378 52907 3210 36297
36293 18028 67935 5543 36297
36293 24176 72852 4399 36297
36293 14287 56481 4959 36297
36293 23405 52062 6347 36297
36293 33354 65880 5940 36297
36293 36203 47647 8348 36297
36293 13891 71364 7043 36297
36293 24567 62342 7323 36297
36293 31353 68095 2020 36297
36293 35285 50402 7837 36297
36293 30223 75443 6409 36297
36293 13286 63496 7667 36297
36293 35409 66810 4878 36297
36293 10940 75193 1663 36297
36293 28084 61474 4044 36297
36293 35692 51732 8876 36297
36293 19337 53748 6808 36297
36293 19402 55413 6347 36297
36293 34024 53820 6769 36297
36293 24926 76433 12 36297
36293 34428 63955 1699 36297
36293 10230 68329 342 36297
36293 24373 55054 455 36297
36293 18692 75681 5253 36297
36293 15287 53419 6335 36297
36293 31801 73124 2745 36297
36293 12522 77006 4330 36297
36293 29251 51637 1122 36297
36293 19531 70042 8854 36297
36293 13937 64248 4466 36297
36293 15702 65420 2064 36297
36293 26195 61588 2644 36297
36293 26999 50028 1921 36297
36293 33245 47622 6471 36297
36293 9963 54390 4987 36297
36293 34380 46877 5786 36297
36293 24727 70208 4008 36297
36293 15665 47813 1906 36297
36293 26356 55424 1954 36297
36293 21982 46209 3370 36297
36293 21086 45626 614 36297
36293 22932 53983 3142 36297
36293 13103 49256 3001 36297
36293 23409 49803 5900 36297
36293 22974 73422 2210 36297
36293 25598 75562 1442 36297
36293 18806 51460 2586 36297
36293 33850 77440 3747 36297
36293 18744 70931 9533 36297
36293 22362 70862 2899 36297
36293 12382 56010 8483 36297
36293 27090 49820 2058 36297
36293 34251 52181 7719 36297
36293 12504 75338 3457 36297
36293 29431 54006 4135 36297
36293 10024 48589 2040 36297
36293 15756 73816 6568 36297
36293 15527 66455 2855 36297
36293 17867 76653 8917 36297
36293 23543 66388 9393 36297
36293 33726 75159 3780 36297
36293 25618 55311 2564 36297
36293 26508 76046 7940 36297
36293 15492 45901 716 36297
36293 17050 69428 3044 36297
36293 35953 52391 499 36297
36293 27695 73525 6782 36297
36293 18486 56929 5479 36297
36293 21821 48269 98 36297
36293 13125 73823 4692 36297
36293 30186 55890 7401 36297
36293 13358 55420 8068 36297
36293 12797 67240 9018 36297
36293 31293 57415 776 36297
36293 21848 67971 467 36297
36293 25679 67958 5454 36297
36293 34096 76629 6043 36297
36293 15425 69314 8201 36297
36293 17062 50579 8527 36297
36293 28686 51809 4373 36297
36293 29804 76565 4918 36297
36293 13894 50891 5097 36297
36293 13606 69885 7704 36297
36293 31657 52562 5474 36297
36293 27842 47168 3440 36297
36293 11464 54435 3196 36297
36293 24538 57068 7495 36297
36293 27574 61515 8956 36297
36293 15464 48234 5815 36297
36293 24046 46379 336 36297
36293 35366 62263 2771 36297
36293 24769 61824 2075 36297
36293 20706 69740 6021 36297
36293 32347 53945 9174 36297
36293 24174 59612 3603 36297
36293 16547 75737 9225 36297
36293 32209 75251 9250 36297
36293 32834 49674 3176 36297
36293 24728 45515 8547 36297
36293 15018 60225 6915 36297
36293 18251 72090 2949 36297
36293 16529 66832 4602 36297
36293 19851 45782 3167 36297
36293 14963 71262 2314 36297
36293 17564 53882 4905 36297
36293 21032 64220 193 36297
36293 31489 50855 5104 36297
36293 11983 72262 5389 36297
36293 20878 71819 5053 36297
36293 20695 55490 7992 36297
36293 22943 65325 5983 36297
36293 22225 55101 5885 36297
36293 14344 50354 7282 36297
36293 15349 47016 6878 36297
36293 11308 73076 505 36297
36293 14939 70147 3321 36297
36293 34010 64433 6632 36297
36293 14505 51124 2852 36297
36293 20574 62857 6424 36297
36293 18604 67820 6345 36297
36293 21004 48059 960 36297
36293 16417 63842 2669 36297
36293 9738 45382 4485 36297
36293 20265 75657 571 36297
36293 10865 47130 5583 36297
36293 10715 53709 8776 36297
36293 34776 75144 7471 36297
36293 12975 68449 6767 36297
36293 16660 45749 8500 36297
36293 34949 46575 8947 36297
36293 23189 74494 8536 36297
36293 12485 47711 5402 36297
36293 33661 48733 3969 36297
36293 12146 75849 5856 36297
36293 19252 73747 8922 36297
36293 34918 55911 2326 36297
36293 16528 56175 8207 36297
36293 16013 63452 3987 36297
36293 34186 74393 5474 36297
36293 21165 72503 1193 36297
36293 31741 75019 8822 36297
36293 35172 77613 6168 36297
36293 35985 62300 3641 36297
36293 29080 63464 2622 36297
36293 13270 49675 4289 36297
36293 16960 67614 6562 36297
36293 18083 50821 6658 36297
36293 34014 68773 5681 36297
36293 14477 57881 6254 36297
36293 24363 67491 1411 36297
36293 16113 54732 7349 36297
36293 33170 64638 6445 36297
36293 10652 60068 1057 36297
36293 34863 75782 753 36297
36293 20776 58954 7715 36297
36293 25760 52419 6984 36297
36293 12345 50468 5590 36297
36293 20053 49969 6172 36297
36293 29980 49566 3951 36297
36293 30316 71035 2470 36297
36293 19671 49266 6189 36297
36293 22020 46276 4899 36297
36293 13850 69041 3339 36297
36293 24844 75781 8514 36297
36293 20889 65133 8234 36297
36293 14642 67883 4239 36297
36293 27244 56046 2352 36297
36293 15801 64570 6386 36297
36293 18227 51982 1497 36297
36293 32489 65829 3255 36297
36293 17726 66259 7987 36297
36293 11115 66392 7197 36297
36293 21691 57937 8190 36297
36293 12441 56791 6377 36297
36293 20643 52718 6076 36297
36293 10805 47749 9632 36297
36293 17343 63132 2198 36297
36293 21999 53184 7970 36297
36293 13672 74570 4973 36297
36293 20212 50022 6051 36297
36293 13636 51177 6504 36297
36293 11758 74848 2250 36297
36293 34059 75127 572 36297
36293 9817 54229 2880 36297
36293 19106 72699 1493 36297
36293 18287 47563 1966 36297
36293 25232 69454 1171 36297
36293 21725 78184 9501 36297
36293 13244 68733 8969 36297
36293 26692 71174 7490 36297
36293 17167 59549 1891 36297
36293 11309 52318 7830 36297
36293 11082 56356 8525 36297
36293 36245 77127 6953 36297
36293 18136 74919 1444 36297
36293 28459 68783 4755 36297
36293 24721 63828 5682 36297
36293 21966 48931 8596 36297
36293 17394 75376 9368 36297
36293 35632 48488 9598 36297
36293 16272 51120 3882 36297
36293 27911 72956 5011 36297
36293 30367 76170 7190 36297
36293 26158 64272 7310 36297
36293 20982 52831 1080 36297
36293 15054 61545 7272 36297
36293 23004 58457 2520 36297
36293 27602 69038 3427 36297
36293 13206 55819 9246 36297
36293 17787 73814 2505 36297
36293 26491 51504 4841 36297
36293 24595 55341 2022 36297
36293 16483 66077 8120 36297
36293 13744 55568 489 36297
36293 21493 66606 2070 36297
36293 9973 69848 4531 36297
36293 35697 65351 8281 36297
36293 28525 77483 7280 36297
36293 20779 47606 6425 36297
36293 35559 75450 460 36297
36293 14566 47244 7916 36297
36293 15658 70538 7735 36297
36293 11325 45586 198 36297
36293 20946 67674 8694 36297
36293 19780 45406 4607 36297
36293 29117 54227 8504 36297
36293 32588 53978 6382 36297
36293 31038 77206 9614 36297
36293 20443 53662 4253 36297
36293 30106 51210 2366 36297
36293 23186 72664 7948 36297
36293 24540 77862 3883 36297
36293 17156 48715 1699 36297
36293 14272 72818 8050 36297
36293 20193 57897 7525 36297
36293 19482 49135 7264 36297
36293 26327 50347 3472 36297
36293 25110 71291 8218 36297
36293 29328 45303 5927 36297
36293 13132 54513 5667 36297
36293 32613 53837 1875 36297
36293 26533 47106 3541 36297
36293 23776 46162 6516 36297
36293 22167 57261 3016 36297
36293 27501 61051 7485 36297
36293 17006 52205 5569 36297
36293 21599 69661 3890 36297
36293 20098 62523 434 36297
36293 20623 52368 5033 36297
36293 12482 52178 6852 36297
36293 20753 45588 1383 36297
36293 10859 72646 762 36297
36293 29479 59526 3406 36297
36293 14729 74186 2439 36297
36293 26610 54151 8554 36297
36293 12530 58356 4596 36297
36293 28724 65079 3333 36297
36293 10535 72820 2277 36297
36293 35274 46791 6290 36297
36293 33540 75055 2829 36297
36293 32125 66594 2760 36297
36293 29688 75224 6859 36297
36293 14098 52646 1118 36297
36293 12264 67453 1876 36297
36293 19330 56805 6678 36297
36293 12256 45289 2467 36297
36293 11125 54722 8722 36297
36293 13582 50695 5051 36297
36293 31600 45523 2958 36297
36293 25376 78157 3217 36297
36293 27084 57466 8239 36297
36293 29772 50740 6909 36297
36293 35506 60138 5575 36297
36293 25418 77334 2491 36297
36293 25563 60793 8564 36297
36293 30143 47031 5428 36297
36293 14535 77972 9065 36297
36293 23891 77331 4490 36297
36293 16081 59689 338 36297
36293 33381 49018 4688 36297
36293 20294 49967 793 36297
36293 36119 54023 4319 36297
36293 21446 47743 7786 36297
36293 26646 57664 6903 36297
36293 19006 63670 3415 36297
36293 17320 75329 1244 36297
36293 19495 50072 9458 36297
36293 28188 48073 3632 36297
36293 11026 63193 9570 36297
36293 33103 45789 7579 36297
36293 32503 50675 6573 36297
36293 16949 67535 6992 36297
36293 19317 70417 8614 36297
36293 11574 55175 2132 36297
36293 32384 45985 3020 36297
36293 34063 71454 9587 36297
36293 20154 61516 8925 36297
36293 25365 51890 3292 36297
36293 29111 45725 7766 36297
36293 14318 77535 8146 36297
36293 14752 63831 6466 36297
36293 28343 73131 5601 36297
36293 27724 48683 1064 36297
36293 31116 67619 8146 36297
36293 14570 68514 4998 36297
36293 17836 56437 6180 36297
36293 28860 67897 2022 36297
36293 32670 46754 3406 36297
36293 22984 54689 1143 36297
36293 18422 68747 6990 36297
36293 24015 75407 2922 36297
36293 19963 66355 2060 36297
36293 34636 67271 4573 36297
36293 35359 49476 4251 36297
36293 9920 77185 2985 36297
36293 26510 48175 7248 36297
36293 22326 52705 4190 36297
36293 23950 52249 5990 36297
36293 15598 65657 421 36297
36293 31569 62526 870 36297
36293 31572 46376 9515 36297
36293 32395 52320 4019 36297
36293 30072 48661 2436 36297
36293 29350 66523 2065 36297
36293 33527 62968 3575 36297
36293 13927 55642 2323 36297
36293 31026 54375 6158 36297
36293 12536 72747 2568 36297
36293 13020 60817 7261 36297
36293 17999 76244 9678 36297
36293 12396 70684 5873 36297
36293 34364 63865 9207 36297
36293 27769 59029 944 36297
36293 23914 56075 5588 36297
36293 13459 46051 9428 36297
36293 29600 68662 2123 36297
36293 10590 60285 5105 36297
36293 13869 54220 4711 36297
36293 28124 49684 6330 36297
36293 13543 47575 3656 36297
36293 10781 73640 2611 36297
36293 27977 60511 2489 36297
36293 28671 51449 9575 36297
36293 20458 49889 2604 36297
36293 16019 55322 7125 36297
36293 31660 56890 3825 36297
36293 32841 47373 3089 36297
36293 10979 73898 6807 36297
36293 29535 56757 2904 36297
36293 26927 62336 6376 36297
36293 26157 49618 6773 36297
36293 15000 54082 3634 36297
36293 33364 71669 1509 36297
36293 27458 59446 8362 36297
36293 25596 74191 7433 36297
36293 34731 56442 7474 36297
36293 15832 47424 4735 36297
36293 22412 77676 732 36297
36293 35866 50138 5863 36297
36293 15907 60948 7935 36297
36293 9894 73585 3863 36297
36293 34689 54054 2783 36297
36293 14313 74666 1397 36297
36293 28229 76472 1581 36297
36293 25168 76597 8337 36297
36293 19582 76044 4914 36297
36293 22054 49036 4158 36297
36293 14690 56159 9268 36297
36293 22131 47230 4998 36297
36293 22077 77637 7796 36297
36293 14629 77503 7962 36297
36293 27982 45257 4171 36297
36293 20079 74696 5520 36297
36293 34398 54351 3706 36297
36293 20242 78153 7399 36297
36293 23357 63356 6620 36297
36293 25099 49844 9350 36297
36293 12439 65874 8758 36297
36293 31729 68656 1089 36297
36293 28416 74905 7094 36297
36293 15135 64436 5258 36297
36293 24167 64524 502 36297
36293 19507 47253 7526 36297
36293 35117 47290 4673 36297
36293 31799 75487 2259 36297
36293 21198 50967 8643 36297
36293 22984 77937 8901 36297
36293 18434 61147 717 36297
36293 27566 54076 6988 36297
36293 31125 71848 3685 36297
36293 17140 47478 8167 36297
36293 35257 67192 203 36297
36293 12028 55905 96 36297
36293 23005 76334 6049 36297
36293 14822 60396 1035 36297
36293 26463 49602 9056 36297
36293 33097 75126 7034 36297
36293 32526 46770 9278 36297
36293 20846 55368 311 36297
36293 35449 50410 4873 36297
36293 25697 64162 1372 36297
36293 28385 75289 2678 36297
36293 14328 49119 8139 36297
36293 30872 66168 1718 36297
36293 13031 45343 5370 36297
36293 10857 49636 8430 36297
36293 27265 68816 7628 36297
36293 15552 56074 2024 36297
36293 24638 63759 7074 36297
36293 27906 74175 7145 36297
36293 32335 53680 1840 36297
36293 16362 56516 166 36297
36293 30575 61941 9694 36297
36293 23760 49660 1758 36297
36293 25750 76206 1159 36297
36293 33764 71890 161 36297
36293 14934 56779 1711 36297
36293 32412 77247 4462 36297
36293 34522 59067 8425 36297
36293 10139 57206 7294 36297
36293 10818 49497 2247 36297
36293 12545 48783 8684 36297
36293 35914 76854 8711 36297
36293 25295 51599 3992 36297
36293 34100 60136 5504 36297
36293 13186 55865 8681 36297
36293 31202 66150 595 36297
36293 19632 61073 2824 36297
36293 35208 62225 1552 36297
36293 23475 78190 8344 36297
36293 18696 47338 3485 36297
36293 17421 62451 5857 36297
36293 10740 66763 6510 36297
36293 22455 48582 8827 36297
36293 15204 47061 5861 36297
36293 28399 47552 4798 36297
36293 16755 48045 4834 36297
36293 20511 51163 8125 36297
36293 18077 77985 577 36297
36293 21054 68294 2776 36297
36293 15276 75118 4953 36297
36293 34719 53630 7236 36297
36293 29951 77626 266 36297
36293 30508 50427 7939 36297
36293 18089 61044 2382 36297
36293 16847 53231 3303 36297
36293 28453 54532 9599 36297
36293 31040 49448 3467 36297
36293 18468 75011 949 36297
36293 33970 58618 475 36297
36293 27941 71429 347 36297
36293 18557 57473 4537 36297
36293 24498 74430 9169 36297
36293 20389 54010 3350 36297
36293 33082 54660 6675 36297
36293 10339 75412 7478 36297
36293 33207 52193 5332 36297
36293 22569 73433 5255 36297
36293 17504 47716 4608 36297
36293 12389 76709 3352 36297
36293 27737 69961 2426 36297
36293 11541 53477 5562 36297
36293 35821 50312 7318 36297
36293 22523 52922 2517 36297
36293 17805 66135 7658 36297
36293 31924 51132 4074 36297
36293 17339 70506 2935 36297
36293 26312 70662 4069 36297
36293 10055 57193 929 36297
36293 33713 62063 6292 36297
36293 13656 57033 9592 36297
36293 27553 53881 9163 36297
36293 24011 72024 7424 36297
36293 33232 45563 8892 36297
36293 14102 60697 9695 36297
36293 35011 48060 7120 36297
36293 29227 53232 8355 36297
36293 15017 70855 8215 36297
36293 35424 73938 7305 36297
36293 28565 69209 6885 36297
36293 19777 62885 6702 36297
36293 12589 54232 3895 36297
36293 17226 73293 2951 36297
36293 19882 64011 3526 36297
36293 14663 60670 715 36297
36293 17117 58650 7183 36297
36293 10004 72240 9233 36297
36293 17426 60078 6315 36297
36293 21311 47866 7551 36297
36293 35369 52987 3104 36297
36293 14914 45444 4608 36297
36293 24872 46287 7158 36297
36293 17470 47404 2804 36297
36293 30893 74739 6387 36297
36293 27449 56202 5941 36297
36293 24408 64266 9264 36297
36293 25740 50831 7280 36297
36293 24205 74630 2134 36297
36293 20681 55343 1538 36297
36293 26397 48619 1523 36297
36293 27733 45786 6669 36297
36293 33431 61344 3450 36297
36293 36149 75922 6694 36297
36293 18546 47422 3217 36297
36293 16275 77069 2568 36297
36293 27311 63301 8199 36297
36293 12571 72924 2380 36297
36293 12149 56467 2485 36297
36293 22203 75151 1247 36297
36293 32736 49557 6634 36297
36293 31459 67545 2387 36297
36293 10963 56661 7601 36297
36293 21533 65803 5704 36297
36293 31981 57651 7112 36297
36293 11465 59780 5087 36297
36293 17638 54335 8355 36297
36293 34788 72091 4073 36297
36293 26131 76355 689 36297
36293 35416 70270 7506 36297
36293 18211 62776 2569 36297
36293 27735 71356 3653 36297
36293 25846 59388 6529 36297
36293 35571 78096 2985 36297
36293 24622 67690 8420 36297
36293 26150 61785 7940 36297
36293 20463 77248 9296 36297
36293 21127 52901 2534 36297
36293 19779 50927 4416 36297
36293 34412 71129 8649 36297
36293 24472 56954 7892 36297
36293 9796 50067 5428 36297
36293 30040 53408 4361 36297
36293 35620 53140 8446 36297
36293 26092 73611 1410 36297
36293 25846 47639 8471 36297
36293 33777 73591 2776 36297
36293 22563 54367 2231 36297
36293 19439 64659 9218 36297
36293 33942 62682 1898 36297
36293 25778 58029 6751 36297
36293 28864 47403 857 36297
36293 12325 69614 4540 36297
36293 14456 75453 1315 36297
36293 16078 65298 7077 36297
36293 14065 49027 4011 36297
36293 24192 59074 9189 36297
36293 12925 53338 4651 36297
36293 21143 53538 3082 36297
36293 26702 63484 4321 36297
36293 34387 56150 7735 36297
36293 24037 73908 996 36297
36293 23257 56571 3574 36297
36293 33936 50782 6037 36297
36293 21297 55301 4532 36297
36293 18296 47288 5513 36297
36293 17690 72590 3168 36297
36293 33556 72801 6528 36297
36293 16048 73784 8929 36297
36293 11956 74864 6686 36297
36293 14242 56718 1035 36297
36293 13573 50140 2493 36297
36293 9950 73347 5088 36297
36293 10758 46529 6435 36297
36293 17098 51597 9488 36297
36293 25528 50375 5229 36297
36293 10942 46465 1815 36297
36293 35377 56316 4243 36297
36293 18522 59592 6789 36297
36293 21361 55504 9145 36297
36293 21880 46212 2641 36297
36293 35518 53055 3306 36297
36293 32796 60160 1953 36297
36293 11403 59620 2506 36297
36293 33375 54192 7793 36297
36293 22328 49207 3807 36297
36293 28883 74515 6700 36297
36293 19533 51042 4868 36297
36293 28101 56341 7058 36297
36293 12755 52908 889 36297
36293 13986 48214 3835 36297
36293 9901 67909 2436 36297
36293 19575 63330 5514 36297
36293 16189 62672 4501 36297
36293 28882 72391 7973 36297
36293 28228 73799 8815 36297
36293 18871 58218 1526 36297
36293 23169 56745 8558 36297
36293 11311 73168 9401 36297
36293 34074 55526 9148 36297
36293 29078 72318 419 36297
36293 17438 50929 1773 36297
36293 10170 45642 8711 36297
36293 25450 45698 4685 36297
36293 20907 46024 4352 36297
36293 14583 65617 3634 36297
36293 14503 52555 3753 36297
36293 34164 75697 7744 36297
36293 12920 62154 5757 36297
36293 11446 75200 7197 36297
36293 15398 53784 3344 36297
36293 32379 68887 1460 36297
36293 19232 51715 8133 36297
36293 28072 49112 7636 36297
36293 34255 48937 5391 36297
36293 20204 48091 3910 36297
36293 12121 60432 6655 36297
36293 35655 49559 3440 36297
36293 11346 74705 9531 36297
36293 25899 47192 6631 36297
36293 28685 69978 5320 36297
36293 23064 54613 5024 36297
36293 25973 73669 1867 36297
36293 27050 65851 4717 36297
36293 31276 73233 9107 36297
36293 22457 48650 7165 36297
36293 23871 73187 6248 36297
36293 24073 48880 1786 36297
36293 32405 50646 7071 36297
36293 32801 55393 8222 36297
36293 34174 55003 4429 36297
36293 26489 68491 2506 36297
36293 10868 68513 7377 36297
36293 31175 51257 9669 36297
36293 16293 72244 4458 36297
36293 35251 59443 2895 36297
36293 20754 73789 8226 36297
36293 35236 59823 8325 36297
36293 26931 58520 6346 36297
36293 18049 76769 6792 36297
36293 19363 67664 6248 36297
36293 11840 62450 8696 36297
36293 12686 68861 1758 36297
36293 24539 65783 7859 36297
36293 21444 71669 4021 36297
36293 24038 52427 9155 36297
36293 25258 56822 4767 36297
36293 15457 76910 5433 36297
36293 32046 66520 3270 36297
36293 15588 65181 6186 36297
36293 19774 61203 9185 36297
36293 12950 49345 9428 36297
36293 22300 54376 5266 36297
36293 19829 47412 7643 36297
36293 23014 47961 7831 36297
36293 35978 65435 7109 36297
36293 24466 51900 8550 36297
36293 32631 57775 366 36297
36293 15179 65583 5638 36297
36293 22577 63984 7949 36297
36293 18684 52082 8765 36297
36293 11056 48021 21 36297
36293 13581 63308 591 36297
36293 12514 58467 77 36297
36293 32255 62241 3804 36297
36293 11470 73470 5974 36297
36293 30626 61134 3479 36297
36293 19202 51004 4404 36297
36293 21291 54908 6415 36297
36293 26783 67923 7957 36297
36293 27089 62273 9689 36297
36293 32090 54195 633 36297
36293 32735 54098 1357 36297
36293 26758 64752 4498 36297
36293 20953 60932 9575 36297
36293 10134 54525 496 36297
36293 14669 53703 9070 36297
36293 36237 76422 9012 36297
36293 24125 55275 2845 36297
36293 14886 66407 8219 36297
36293 14797 52354 6259 36297
36293 23384 67303 8546 36297
36293 31822 59628 7484 36297
36293 33757 75160 337 36297
36293 27158 46124 413 36297
36293 20642 47331 3930 36297
36293 20090 73236 4764 36297
36293 31359 49437 3176 36297
36293 34199 76523 7575 36297
36293 25702 53460 1214 36297
36293 28760 45637 948 36297
36293 31650 51611 9606 36297
36293 24315 69128 1757 36297
36293 18369 60843 3694 36297
36293 12961 64021 5291 36297
36293 15950 54088 1638 36297
36293 15639 48644 6982 36297
36293 17829 73783 5198 36297
36293 20805 51196 8313 36297
36293 35154 68830 5659 36297
36293 34635 58929 4422 36297
36293 10138 67414 8233 36297
36293 29250 52267 1909 36297
36293 21098 65387 2597 36297
36293 19311 77782 784 36297
36293 21077 77697 1120 36297
36293 28048 52273 883 36297
36293 18621 68562 7686 36297
36293 33722 65794 3967 36297
36293 20103 71237 7438 36297
36293 15494 54816 6187 36297
36293 31080 47928 6428 36297
36293 15989 76838 7215 36297
36293 11795 56302 4264 36297
36293 31477 52332 2670 36297
36293 24925 48627 9580 36297
36293 19893 76526 1961 36297
36293 17406 67675 9077 36297
36293 23923 45165 2108 36297
36293 25702 46141 4437 36297
36293 28925 49589 5250 36297
36293 12346 48727 3786 36297
36293 17210 51772 3924 36297
36293 33624 56828 271 36297
36293 32227 54801 4149 36297
36293 34843 55246 1817 36297
36293 21829 48555 360 36297
36293 18834 48523 2645 36297
36293 30743 51310 3577 36297
36293 18164 73211 460 36297
36293 18430 52832 1050 36297
36293 19840 68538 9034 36297
36293 14529 54304 8937 36297
36293 21967 56256 8007 36297
36293 35202 69009 3454 36297
36293 25904 50600 7487 36297
36293 23047 68855 220 36297
36293 34117 50750 4444 36297
36293 34792 65448 1877 36297
36293 28390 51953 2918 36297
36293 13059 58934 3228 36297
36293 33822 76235 9096 36297
36293 12638 65695 6173 36297
36293 12679 46829 8036 36297
36293 23458 54635 4748 36297
36293 32599 54285 6905 36297
36293 11373 61906 3002 36297
36293 17788 46725 7378 36297
36293 12166 56551 1824 36297
36293 22365 69391 651 36297
36293 30192 51669 8159 36297
36293 33523 55146 3657 36297
36293 29996 72301 9513 36297
36293 18297 47712 3298 36297
36293 21767 69140 2778 36297
36293 13560 68037 7177 36297
36293 13996 60483 5705 36297
36293 34282 54740 2667 36297
36293 9794 45081 2863 36297
36293 26434 46170 5339 36297
36293 31395 72786 5994 36297
36293 15435 50828 7885 36297
36293 10024 52097 8680 36297
36293 23287 47807 1889 36297
36293 25022 46478 7369 36297
36293 26837 59481 1758 36297
36293 27454 57401 1348 36297
36293 27076 66970 2773 36297
36293 10236 51568 2214 36297
36293 20592 48488 830 36297
36293 12388 45851 3469 36297
36293 30688 52763 721 36297
36293 9949 57626 6608 36297
36293 31157 58462 7346 36297
36293 20499 51586 2277 36297
36293 28446 64842 6609 36297
36293 20988 45235 5672 36297
36293 10829 73026 578 36297
36293 19301 45787 2030 36297
36293 33614 49405 36 36297
36293 25841 61459 3533 36297
36293 18702 73532 7307 36297
36293 29608 74305 889 36297
36293 26941 65284 5555 36297
36293 34339 55712 5339 36297
36293 13644 48731 2676 36297
36293 18524 73374 5222 36297
36293 24178 69562 6489 36297
36293 28166 46524 412 36297
36293 14804 77773 6041 36297
36293 26915 51145 3589 36297
36293 34480 45865 8051 36297
36293 16646 52397 8250 36297
36293 14251 56726 6695 36297
36293 22054 46060 8846 36297
36293 33566 67861 9614 36297
36293 30858 64775 9028 36297
36293 10594 60364 3026 36297
36293 17190 54235 9068 36297
36293 17114 64611 1463 36297
36293 10371 46067 8211 36297
36293 10334 59325 6380 36297
36293 11095 74777 526 36297
36293 23125 59148 4144 36297
36293 14375 45862 9457 36297
36293 19846 75750 6199 36297
36293 24780 72695 4706 36297
36293 28518 52748 878 36297
36293 25049 62870 6025 36297
36293 15225 54319 889 36297
36293 31534 74476 3826 36297
36293 34477 76661 1232 36297
36293 23049 58879 2197 36297
36293 31966 52360 9408 36297
36293 23991 72548 669 36297
36293 13707 62348 2891 36297
36293 25332 61712 5092 36297
36293 19746 64824 1184 36297
36293 24491 57084 8912 36297
36293 30047 58862 5719 36297
36293 16198 57531 3679 36297
36293 16676 54476 7734 36297
36293 11353 56963 2935 36297
36293 34769 64644 6194 36297
36293 31836 60630 3674 36297
36293 28935 69492 6639 36297
36293 25996 60152 8597 36297
36293 11801 46772 4402 36297
36293 16318 46763 8404 36297
36293 18671 50574 2231 36297
36293 33237 75578 7432 36297
36293 33745 45192 5468 36297
36293 29714 57593 628 36297
36293 29434 74072 9300 36297
36293 16325 65331 2084 36297
36293 17113 76425 8314 36297
36293 18055 58310 6354 36297
36293 13623 59251 5264 36297
36293 29395 50297 1086 36297
36293 30220 71604 862 36297
36293 21180 49299 6418 36297
36293 15642 45566 9495 36297
36293 12254 49425 5950 36297
36293 19385 63511 5708 36297
36293 22517 50456 480 36297
36293 10882 66350 513 36297
36293 12240 73832 9453 36297
36293 30214 72969 8901 36297
36293 26138 55199 507 36297
36293 28260 75266 153 36297
36293 20645 64429 6417 36297
36293 28190 46223 9695 36297
36293 28017 55946 5466 36297
36293 26939 45279 2577 36297
36293 30883 65339 3175 36297
36293 14173 74156 5862 36297
36293 10147 60814 5356 36297
36293 24938 51835 6485 36297
36293 24552 72745 3298 36297
36293 32508 67186 2478 36297
36293 18597 47252 3822 36297
36293 16616 47551 1486 36297
36293 30036 77847 5402 36297
36293 25535 69225 8422 36297
36293 12707 74070 3032 36297
36293 23130 49232 9094 36297
36293 22494 51168 3307 36297
36293 21416 48791 2989 36297
36293 30011 75627 7279 36297
36293 20268 59859 5829 36297
36293 10543 54489 3602 36297
36293 28529 52281 7817 36297
36293 12735 74711 5845 36297
36293 12201 53238 6200 36297
36293 12088 55777 1650 36297
36293 26846 69714 1334 36297
36293 14696 45708 3118 36297
36293 32056 69646 2745 36297
36293 31633 52355 6762 36297
36293 26448 71358 8536 36297
36293 11136 48598 5912 36297
36293 29944 46725 3414 36297
36293 34135 56547 5443 36297
36293 35451 77753 726 36297
36293 25546 75307 8093 36297
36293 16905 75460 6123 36297
36293 31135 63375 200 36297
36293 17881 49628 9436 36297
36293 18978 70694 3924 36297
36293 11771 77174 7724 36297
36293 23729 57568 3804 36297
36293 32570 53368 5166 36297
36293 31623 65288 3682 36297
36293 26272 70969 9053 36297
36293 17348 67980 549 36297
36293 25135 65489 4048 36297
36293 23528 64710 7984 36297
36293 31755 51606 4500 36297
36293 32250 61489 5305 36297
36293 17915 74173 8651 36297
36293 12043 61092 3263 36297
36293 29965 51967 415 36297
36293 35921 50485 8375 36297
36293 17662 62462 6749 36297
36293 12533 59318 1629 36297
36293 17489 74516 517 36297
36293 33522 59321 6800 36297
36293 34169 45526 2733 36297
36293 22507 70333 7691 36297
36293 31254 61959 7661 36297
36293 23823 53094 7639 36297
36293 25700 77210 1040 36297
36293 17457 63399 9222 36297
36293 27581 55371 6409 36297
36293 24056 77008 5783 36297
36293 14620 71291 5678 36297
36293 21397 47241 4903 36297
36293 13812 72418 7980 36297
36293 21572 53311 4733 36297
36293 25156 62693 5165 36297
36293 36062 47929 5185 36297
36293 9919 54893 6245 36297
36293 34228 71127 4401 36297
36293 15282 47426 167 36297
36293 28345 74508 5260 36297
36293 30704 74525 2452 36297
36293 10659 45961 8004 36297
36293 14403 56696 4695 36297
36293 19620 45690 8277 36297
36293 23264 65116 1941 36297
36293 26558 77636 2448 36297
36293 23345 75609 9428 36297
36293 32109 65041 890 36297
36293 27069 48618 9574 36297
36293 28758 47363 6059 36297
36293 14680 58632 7265 36297
36293 26275 47283 3615 36297
36293 16260 67406 1676 36297
36293 13777 75924 169 36297
36293 32254 69199 326 36297
36293 15497 59210 2768 36297
36293 14845 50151 8418 36297
36293 14301 66106 2145 36297
36293 25830 55725 5528 36297
36293 9962 68685 7446 36297
36293 24293 61230 1443 36297
36293 31885 77927 89 36297
36293 33508 58027 5684 36297
36293 14393 66668 3991 36297
36293 17596 65350 6792 36297
36293 23284 61046 4100 36297
36293 21718 68023 4074 36297
36293 21876 56863 9047 36297
36293 12138 59027 6128 36297
36293 24719 47978 2796 36297
36293 31645 67631 2037 36297
36293 16974 51728 6389 36297
36293 21439 48146 168 36297
36293 20036 61371 8316 36297
36293 17581 70317 854 36297
36293 15847 71972 265 36297
36293 36045 56344 8730 36297
36293 13237 68963 50 36297
36293 20797 76093 9093 36297
36293 19220 67084 224 36297
36293 10450 46851 8923 36297
36293 12995 54882 8073 36297
36293 22386 46807 4643 36297
36293 15525 57568 4924 36297
36293 13122 48556 4205 36297
36293 28941 77115 1743 36297
36293 35136 73781 3172 36297
36293 24843 47883 1757 36297
36293 24879 68269 3860 36297
36293 32838 67068 5890 36297
36293 35394 69720 5612 36297
36293 17798 74102 4169 36297
36293 28190 56226 8239 36297
36293 34581 75538 7304 36297
36293 19054 76824 5683 36297
36293 12564 64526 5769 36297
36293 25715 65744 5780 36297
36293 13306 48587 6568 36297
36293 34448 61975 9338 36297
36293 18901 63260 8803 36297
36293 18758 76164 4416 36297
36293 19868 49226 827 36297
36293 32820 54428 3997 36297
36293 13896 45078 5586 36297
36293 31192 53589 1821 36297
36293 20572 70171 250 36297
36293 20307 51987 4789 36297
36293 14866 55023 5529 36297
36293 12884 67782 8056 36297
36293 18348 56994 5481 36297
36293 26173 57056 5135 36297
36293 35276 71010 7022 36297
36293 21155 73612 2609 36297
36293 22560 51826 2773 36297
36293 28689 70412 4324 36297
36293 34625 73031 3463 36297
36293 29765 46160 5369 36297
36293 19256 73894 4181 36297
36293 12970 72258 5842 36297
36293 20545 48042 2370 36297
36293 14453 55177 5120 36297
36293 25163 50336 613 36297
36293 29885 64518 7247 36297
36293 30905 54461 9483 36297
36293 11112 58811 7274 36297
36293 22190 46515 137 36297
36293 11439 60357 4862 36297
36293 13129 64225 9367 36297
36293 16932 74381 1968 36297
36293 15820 46409 2749 36297
36293 18588 71615 7719 36297
36293 25721 77046 7626 36297
36293 10209 70525 2525 36297
36293 34700 51308 7369 36297
36293 26273 49750 6680 36297
36293 20563 61231 2677 36297
36293 24392 77831 2803 36297
36293 34172 53636 3606 36297
36293 10501 58753 5731 36297
36293 17384 76553 1962 36297
36293 33993 75376 1927 36297
36293 16335 47542 6635 36297
36293 32352 59619 5040 36297
36293 10469 75563 3501 36297
36293 16287 52615 626 36297
36293 17494 69145 9622 36297
36293 32202 55404 9206 36297
36293 15170 48375 4719 36297
36293 29063 75955 132 36297
36293 20201 66101 4348 36297
36293 34063 77056 1530 36297
36293 21220 49277 3562 36297
36293 12064 76935 6845 36297
36293 11169 49825 8864 36297
36293 31732 45222 9616 36297
36293 34322 62886 8410 36297
36293 22420 75643 7058 36297
36293 32602 76836 3995 36297
36293 32158 60882 382 36297
36293 17358 67267 2668 36297
36293 13120 46500 8052 36297
36293 31389 60659 9129 36297
36293 23694 46990 3351 36297
36293 33367 50053 5634 36297
36293 19367 77621 3034 36297
36293 31077 56516 564 36297
36293 27369 59785 7548 36297
36293 30400 75982 6489 36297
36293 16214 76753 1493 36297
36293 13373 74905 3590 36297
36293 34148 70540 4699 36297
36293 13323 45903 1460 36297
36293 16801 54397 7484 36297
36293 33473 54615 4524 36297
36293 15558 54514 3305 36297
36293 19052 71499 3873 36297
36293 29214 51854 7821 36297
36293 23556 45670 5464 36297
36293 16155 52012 4990 36297
36293 25176 74180 2827 36297
36293 34055 73231 8861 36297
36293 9953 45261 7476 36297
36293 27216 52211 2789 36297
36293 9797 68908 5373 36297
36293 33019 47120 1270 36297
36293 36004 55735 2373 36297
36293 22793 53380 7703 36297
36293 27415 61310 3222 36297
36293 15509 77250 685 36297
36293 28847 48441 4490 36297
36293 21490 68593 4506 36297
36293 28648 61666 8117 36297
36293 30510 55143 1697 36297
36293 23591 72612 1132 36297
36293 28415 49011 2677 36297
36293 16404 52975 5488 36297
36293 26037 59451 9702 36297
36293 23190 55052 4521 36297
36293 20616 56468 6619 36297
36293 14568 58925 8160 36297
36293 18726 53096 9029 36297
36293 15189 45511 7863 36297
36293 25904 71344 1139 36297
36293 23657 56049 2560 36297
36293 30819 61007 387 36297
36293 12648 53723 8406 36297
36293 21972 51793 6198 36297
36293 10508 63601 841 36297
36293 30382 48932 6074 36297
36293 26899 73813 5127 36297
36293 21830 76406 6861 36297
36293 15237 74246 7516 36297
36293 10447 54897 3555 36297
36293 22339 49528 6390 36297
36293 14704 72393 673 36297
36293 32836 47482 4389 36297
36293 34551 53497 7008 36297
36293 22164 55669 642 36297
36293 10691 49432 240 36297
36293 10696 71383 7219 36297
36293 35906 74734 6712 36297
36293 14901 63378 1185 36297
36293 33791 54617 8093 36297
36293 35374 66035 5420 36297
36293 13652 71912 3380 36297
36293 22760 65846 1165 36297
36293 21508 52483 3534 36297
36293 16236 55229 9300 36297
36293 18143 47173 2111 36297
36293 13663 49395 3929 36297
36293 33483 59938 4212 36297
36293 27280 61722 2860 36297
36293 21118 69660 5001 36297
36293 34540 73024 1930 36297
36293 22223 46378 3948 36297
36293 20891 73629 1573 36297
36293 12823 51903 4216 36297
36293 33817 52517 4540 36297
36293 12837 75001 7602 36297
36293 16777 67949 3994 36297
36293 19957 54545 4463 36297
36293 20651 55951 1079 36297
36293 9987 62726 5283 36297
36293 11751 50067 908 36297
36293 10986 64940 2338 36297
36293 26625 75257 1666 36297
36293 27367 75039 8165 36297
36293 33405 70354 848 36297
36293 20832 48698 5084 36297
36293 28330 45400 5063 36297
36293 35468 58108 4475 36297
36293 26128 54415 9703 36297
36293 24746 62056 3942 36297
36293 17606 47988 6138 36297
36293 28841 54320 526 36297
36293 20910 62389 8087 36297
36293 14875 45363 7110 36297
36293 25540 74766 4769 36297
36293 26666 61615 3366 36297
36293 10911 62403 3616 36297
36293 12073 56516 3440 36297
36293 27597 45121 1753 36297
36293 34971 69199 7207 36297
36293 14509 51157 1255 36297
36293 27126 47944 9542 36297
36293 17049 73939 1420 36297
36293 21250 53939 9683 36297
36293 30361 76864 6621 36297
36293 32114 52898 9477 36297
36293 33507 74955 2207 36297
36293 30770 47908 7910 36297
36293 13916 70939 7855 36297
36293 33801 55774 5670 36297
36293 26691 61933 7013 36297
36293 26754 55036 9560 36297
36293 35608 76007 5845 36297
36293 33608 52909 2945 36297
36293 17577 48835 1321 36297
36293 14031 50137 7014 36297
36293 27744 66181 7780 36297
36293 30818 56841 4630 36297
36293 18820 69999 8782 36297
36293 29636 70391 2990 36297
36293 23813 48652 3252 36297
36293 25392 71617 37 36297
36293 18129 59297 8993 36297
36293 28563 72758 5694 36297
36293 11785 62543 5854 36297
36293 15327 63756 3525 36297
36293 20133 46789 331 36297
36293 11047 55202 9118 36297
36293 26620 50271 8435 36297
36293 21169 51513 5376 36297
36293 11060 47645 1117 36297
36293 23649 53415 8930 36297
36293 34311 67029 734 36297
36293 16553 75954 903 36297
36293 30791 58240 3841 36297
36293 23438 71378 6731 36297
36293 18949 76607 409 36297
36293 32665 50352 6710 36297
36293 14002 54401 2400 36297
36293 10218 75117 3801 36297
36293 16693 76186 1608 36297
36293 20142 76091 6899 36297
36293 30234 66051 1039 36297
36293 12092 53506 1626 36297
36293 28463 77060 3705 36297
36293 16558 78016 7352 36297
36293 19635 49946 7105 36297
36293 32220 58638 4470 36297
36293 27310 66943 266 36297
36293 17914 52634 424 36297
36293 28651 53125 6434 36297
36293 24147 75866 8947 36297
36293 34898 67123 3878 36297
36293 11834 64976 7991 36297
36293 34319 71389 6057 36297
36293 34541 55887 2861 36297
36293 35420 70586 4665 36297
36293 11935 52854 3963 36297
36293 10664 72972 6598 36297
36293 35321 54328 4976 36297
36293 18044 56586 6580 36297
36293 24627 77286 8564 36297
36293 36020 51650 6238 36297
36293 16084 77882 7047 36297
36293 22407 47075 563 36297
36293 23992 49233 2424 36297
36293 24536 46647 5713 36297
36293 21826 52157 6493 36297
36293 23494 71304 8731 36297
36293 17146 70203 539 36297
36293 22216 46044 4500 36297
36293 16054 48637 6484 36297
36293 36218 53522 3832 36297
36293 29952 52037 537 36297
36293 35536 60994 6834 36297
36293 9881 75814 5695 36297
36293 28717 52302 8152 36297
36293 22806 72476 7052 36297
36293 34559 71741 7958 36297
36293 28379 57930 1249 36297
36293 23182 65747 8377 36297
36293 19254 74957 6319 36297
36293 13967 49115 6415 36297
36293 32188 76706 8939 36297
36293 34585 48389 2322 36297
36293 17174 55110 9138 36297
36293 34802 56084 6761 36297
36293 22359 65009 8289 36297
36293 14146 46691 1407 36297
36293 30829 71640 6397 36297
36293 12743 50055 4206 36297
36293 13419 66043 8094 36297
36293 13027 66136 3423 36297
36293 28899 49375 3712 36297
36293 14522 68931 8288 36297
36293 19466 54475 1064 36297
36293 28804 60508 7908 36297
36293 13172 74845 6206 36297
36293 16649 61363 4095 36297
36293 25992 72840 9257 36297
36293 34893 48853 6491 36297
36293 11582 45969 5441 36297
36293 27355 69532 8657 36297
36293 13769 64354 7528 36297
36293 28506 66868 847 36297
36293 33609 49310 1668 36297
36293 27245 52062 3063 36297
36293 35638 73653 1823 36297
36293 31635 67449 5152 36297
36293 9927 48814 6374 36297
36293 18407 76769 6422 36297
36293 30310 67640 6799 36297
36293 11226 52509 3426 36297
36293 22086 47922 4089 36297
36293 29187 50062 1066 36297
36293 21486 57660 8727 36297
36293 28214 59384 7040 36297
36293 11474 48651 3289 36297
36293 33060 56744 975 36297
36293 18524 75600 3211 36297
36293 24227 62426 5004 36297
36293 32978 53382 3143 36297
36293 21851 53536 1998 36297
36293 31505 60790 764 36297
36293 12477 49547 8159 36297
36293 14220 59410 6321 36297
36293 11643 51800 4630 36297
36293 13835 58075 6791 36297
36293 36052 68664 5004 36297
36293 20128 77651 1711 36297
36293 15913 65919 5161 36297
36293 29588 54623 2085 36297
36293 26601 68995 5629 36297
36293 26184 57780 4103 36297
36293 19885 51680 8478 36297
36293 25611 63527 4869 36297
36293 34170 50493 5772 36297
36293 18202 59041 6689 36297
36293 25519 54385 175 36297
36293 28201 68806 2944 36297
36293 33364 46230 4353 36297
36293 20815 69628 6120 36297
36293 23255 75588 6055 36297
36293 30967 78146 2341 36297
36293 26727 55903 1068 36297
36293 17561 51031 1707 36297
36293 15762 45108 4454 36297
36293 32132 73284 5626 36297
36293 29043 48425 5868 36297
36293 16164 62912 4970 36297
36293 34159 69972 2243 36297
36293 22366 61116 3442 36297
36293 13338 68982 9544 36297
36293 19075 58739 1927 36297
36293 20068 76149 6897 36297
36293 10662 77920 3720 36297
36293 30822 65952 212 36297
36293 19037 61437 4795 36297
36293 17783 75093 4443 36297
36293 26214 58977 214 36297
36293 24509 54233 2377 36297
36293 21645 50404 1815 36297
36293 11627 68410 3500 36297
36293 22718 75046 5829 36297
36293 15839 76245 6713 36297
36293 23801 66217 2950 36297
36293 25971 48359 8586 36297
36293 11379 68358 1831 36297
36293 18426 61961 5935 36297
36293 12747 65991 5883 36297
36293 32881 69094 6393 36297
36293 28173 51205 1457 36297
36293 17154 74562 5991 36297
36293 16919 68073 526 36297
36293 28674 76777 1190 36297
36293 20160 69206 7803 36297
36293 24039 58440 3510 36297
36293 22652 54654 8171 36297
36293 25621 50303 5900 36297
36293 26384 77911 6166 36297
36293 27713 49739 7696 36297
36293 26549 70151 1178 36297
36293 16166 58743 2691 36297
36293 25396 47579 5928 36297
36293 28831 50124 9692 36297
36293 21442 73115 1328 36297
36293 28592 54813 2473 36297
36293 9853 56730 6779 36297
36293 23728 76598 1829 36297
36293 23819 46296 5903 36297
36293 34608 58773 3196 36297
36293 33337 75768 4014 36297
36293 31495 52291 8688 36297
36293 23108 78064 274 36297
36293 10081 57071 2570 36297
36293 18807 69807 7430 36297
36293 20548 53018 922 36297
36293 32252 61384 4983 36297
36293 35059 76614 7838 36297
36293 33133 62988 2082 36297
36293 21061 69322 4046 36297
36293 17246 55792 7092 36297
36293 22249 52056 9465 36297
36293 33422 74598 8426 36297
36293 13509 45260 7933 36297
36293 13538 54791 6834 36297
36293 24087 68185 7783 36297
36293 22370 72028 2469 36297
36293 18068 55561 7815 36297
36293 15768 74837 4620 36297
36293 26121 45981 2825 36297
36293 9741 61861 8129 36297
36293 29165 49342 5123 36297
36293 33196 62670 51 36297
36293 12980 53073 5291 36297
36293 13881 57410 294 36297
36293 35661 58044 3880 36297
36293 28302 48908 8784 36297
36293 23212 54702 289 36297
36293 21777 55740 7533 36297
36293 33559 68857 6383 36297
36293 17873 56264 1536 36297
36293 18451 45060 2146 36297
36293 14898 55527 1085 36297
36293 26850 71974 9625 36297
36293 20757 72092 3026 36297
36293 15694 52803 6375 36297
36293 12517 54282 7695 36297
36293 34094 49604 844 36297
36293 17630 45115 3052 36297
36293 14805 51837 7025 36297
36293 35654 63605 884 36297
36293 34825 67990 1990 36297
36293 25847 69726 9502 36297
36293 15594 57402 7230 36297
36293 19910 50261 3702 36297
36293 28733 77680 1762 36297
36293 25279 46079 693 36297
36293 24467 45476 5696 36297
36293 18097 56912 1724 36297
36293 12646 72909 4518 36297
36293 18106 72355 335 36297
36293 21495 67922 2086 36297
36293 11405 67313 8248 36297
36293 25556 54899 6588 36297
36293 32228 58363 4590 36297
36293 17505 48669 3895 36297
36293 28950 65157 7345 36297
36293 21019 71981 497 36297
36293 33635 52890 3170 36297
36293 16866 58790 8848 36297
36293 16701 50275 2509 36297
36293 19695 53780 448 36297
36293 22672 53445 8600 36297
36293 22391 62840 3391 36297
36293 16401 58581 4760 36297
36293 16968 45560 8853 36297
36293 34806 48799 3250 36297
36293 27268 55583 5304 36297
36293 13479 71010 4835 36297
36293 17296 51679 380 36297
36293 15779 64423 4602 36297
36293 24979 63970 9037 36297
36293 28932 69560 938 36297
36293 15358 53183 7405 36297
36293 26694 61825 9544 36297
36293 31790 59832 3426 36297
36293 34469 49178 6998 36297
36293 20238 66658 8394 36297
36293 24444 45934 4226 36297
36293 13119 70494 6497 36297
36293 24162 75062 8718 36297
36293 11539 45706 394 36297
36293 13374 72969 3993 36297
36293 20848 71266 303 36297
36293 21783 48375 118 36297
36293 27169 63194 3592 36297
36293 34490 58640 2581 36297
36293 17481 67876 6463 36297
36293 19624 65447 9386 36297
36293 20677 50515 223 36297
36293 16170 59504 1584 36297
36293 25374 47469 5624 36297
36293 10834 45383 4656 36297
36293 26457 71213 8887 36297
36293 23805 74605 6679 36297
36293 17020 48735 271 36297
36293 30586 77585 149 36297
36293 34340 46907 7402 36297
36293 31753 63773 6237 36297
36293 19373 74546 2288 36297
36293 23681 56227 4073 36297
36293 14248 76975 7849 36297
36293 19278 64561 6708 36297
36293 32484 52014 1520 36297
36293 13465 64109 2148 36297
36293 10677 46857 8441 36297
36293 10521 76269 6308 36297
36293 21146 60175 7355 36297
36293 11331 71125 7382 36297
36293 28317 55876 2264 36297
36293 35001 55201 6382 36297
36293 20567 65622 6697 36297
36293 14716 70193 1147 36297
36293 25925 50073 2672 36297
36293 14549 63931 2012 36297
36293 32558 75807 804 36297
36293 23948 47447 4141 36297
36293 22825 57108 7178 36297
36293 18353 65442 2260 36297
36293 26654 54641 2005 36297
36293 12033 60998 8387 36297
36293 35137 75703 4212 36297
36293 16091 60361 4698 36297
36293 30668 48568 3726 36297
36293 14781 56956 9146 36297
36293 16468 74174 7340 36297
36293 10065 56121 6568 36297
36293 14480 47535 8645 36297
36293 36043 73881 8910 36297
36293 30073 46088 5151 36297
36293 19885 48015 2052 36297
36293 25436 68580 4111 36297
36293 24456 58416 3174 36297
36293 28269 69137 4135 36297
36293 35847 52092 3598 36297
36293 21361 45482 6153 36297
36293 21255 50211 9208 36297
36293 14389 74858 5674 36297
36293 31883 72728 1922 36297
36293 16680 74522 537 36297
36293 15718 49230 5981 36297
36293 18218 48621 2432 36297
36293 24106 58839 6627 36297
36293 27879 77487 7607 36297
36293 24406 68249 6465 36297
36293 17131 64239 7528 36297
36293 17122 53285 6424 36297
36293 15231 67723 6218 36297
36293 25770 74534 8964 36297
36293 22771 70502 7951 36297
36293 30153 47410 1664 36297
36293 21445 49752 2737 36297
36293 20105 57430 9421 36297
36293 33770 78061 8084 36297
36293 19559 76578 9041 36297
36293 18409 58991 234 36297
36293 29550 50758 5245 36297
36293 30931 53171 6174 36297
36293 17318 76305 5712 36297
36293 26916 68153 927 36297
36293 13078 65021 4071 36297
36293 15602 73019 1394 36297
36293 24505 71944 8585 36297
36293 13342 54314 1871 36297
36293 29927 68014 9381 36297
36293 11283 49682 9214 36297
36293 19104 60972 9528 36297
36293 20707 70583 8830 36297
36293 17941 53810 1563 36297
36293 32672 71084 7394 36297
36293 10105 54221 7902 36297
36293 30294 58765 2210 36297
36293 21836 45070 7854 36297
36293 14858 70626 6745 36297
36293 34051 59503 6515 36297
36293 21673 60436 7562 36297
36293 26414 69269 175 36297
36293 36241 46139 1635 36297
36293 11966 71894 7715 36297
36293 10786 65205 8467 36297
36293 34876 52007 9061 36297
36293 15839 77676 6567 36297
36293 11516 74318 1493 36297
36293 25337 55944 6217 36297
36293 15705 64775 7879 36297
36293 21174 62149 1366 36297
36293 19236 53682 5892 36297
36293 14583 75895 945 36297
36293 27997 59154 693 36297
36293 30330 64249 1973 36297
36293 22867 54001 8319 36297
36293 28199 53505 8764 36297
36293 35395 51917 2218 36297
36293 10215 73780 4384 36297
36293 19857 56099 4255 36297
36293 33629 70884 6345 36297
36293 10103 60720 5990 36297
36293 22822 77540 7683 36297
36293 12713 74611 1480 36297
36293 19641 73806 4159 36297
36293 28573 55728 8591 36297
36293 27411 46909 5220 36297
36293 12586 69179 8751 36297
36293 14931 48167 1569 36297
36293 32355 56509 6523 36297
36293 35252 65999 2356 36297
36293 11467 47393 313 36297
36293 15527 50179 5987 36297
36293 12806 47431 6451 36297
36293 13873 58438 4663 36297
36293 31566 60667 9564 36297
36293 16598 47850 4913 36297
36293 24117 46977 4534 36297
36293 27731 56987 2754 36297
36293 17130 54934 2453 36297
36293 12258 65358 1662 36297
36293 34498 49263 8571 36297
36293 28498 68720 9445 36297
36293 18382 75025 6708 36297
36293 12319 67719 3636 36297
36293 32008 55342 4119 36297
36293 22526 60997 8172 36297
36293 32824 70806 519 36297
36293 17859 74157 864 36297
36293 16304 68707 7289 36297
36293 10984 55320 141 36297
36293 15704 46226 1325 36297
36293 29507 62082 2954 36297
36293 23058 71139 8631 36297
36293 24022 70512 5025 36297
36293 22473 74656 7571 36297
36293 11820 67360 9395 36297
36293 21607 56850 3582 36297
36293 19123 60166 3009 36297
36293 21701 47585 3832 36297
36293 16531 60920 7212 36297
36293 13837 58212 5891 36297
36293 15702 62793 842 36297
36293 11653 49352 2369 36297
36293 12289 51194 5723 36297
36293 29327 77733 4267 36297
36293 18506 54237 7560 36297
36293 35966 59066 2188 36297
36293 20241 75158 7551 36297
36293 28791 60983 8126 36297
36293 33907 69498 8586 36297
36293 11109 70188 7772 36297
36293 23513 65115 6663 36297
36293 19571 59651 3824 36297
36293 34073 65335 1272 36297
36293 10446 60695 2037 36297
36293 16083 51378 1706 36297
36293 22871 78088 8668 36297
36293 21093 76062 7932 36297
36293 14158 50260 3775 36297
36293 32093 51173 5936 36297
36293 30363 53359 5740 36297
36293 24544 54396 8891 36297
36293 27563 52663 5089 36297
36293 17225 75152 6539 36297
36293 17397 46784 6311 36297
36293 20373 57143 2871 36297
36293 23783 49403 6912 36297
36293 18145 74433 4592 36297
36293 32819 77561 6175 36297
36293 28927 72644 7182 36297
36293 14035 75979 9216 36297
36293 28502 76518 833 36297
36293 31493 69812 9362 36297
36293 16284 48348 5220 36297
36293 19629 58760 9370 36297
36293 18624 70438 3428 36297
36293 10990 47684 2491 36297
36293 25633 71047 3138 36297
36293 34033 70784 2353 36297
36293 26046 58181 9314 36297
36293 25152 55196 6146 36297
36293 13899 55114 5886 36297
36293 26381 70587 3404 36297
36293 14688 67625 2550 36297
36293 26065 76049 7890 36297
36293 28233 50489 8024 36297
36293 16195 54574 5494 36297
36293 20510 59514 3476 36297
36293 15766 71840 6510 36297
36293 20092 73059 4216 36297
36293 10584 57408 1209 36297
36293 28978 62382 3418 36297
36293 13571 75689 791 36297
36293 34190 65663 667 36297
36293 16321 46651 7054 36297
36293 11064 50594 2709 36297
36293 21623 68500 4137 36297
36293 21350 54162 8778 36297
36293 24666 56900 966 36297
36293 35220 69163 1629 36297
36293 14201 64243 3881 36297
36293 17273 69132 8882 36297
36293 27757 57952 7077 36297
36293 29625 76261 7838 36297
36293 29150 63458 7566 36297
36293 22282 62093 429 36297
36293 18955 46576 2784 36297
36293 26044 72412 3078 36297
36293 10515 52504 911 36297
36293 14306 72294 3620 36297
36293 18290 47007 72 36297
36293 10196 54916 5386 36297
36293 33663 64018 625 36297
36293 35620 52647 256 36297
36293 33572 75304 459 36297
36293 17239 77762 1830 36297
36293 21260 63945 4282 36297
36293 26104 59880 9106 36297
36293 28952 54870 4974 36297
36293 17388 67554 5923 36297
36293 23962 75658 3753 36297
36293 10996 74413 8866 36297
36293 27998 68967 6288 36297
36293 18569 53356 8611 36297
36293 31543 76290 6562 36297
36293 21726 75081 3332 36297
36293 19141 76040 1405 36297
36293 19178 65321 8011 36297
36293 26118 65098 8377 36297
36293 16475 47155 3986 36297
36293 33231 47164 6417 36297
36293 33235 56041 7298 36297
36293 34539 54284 4025 36297
36293 16768 49870 346 36297
36293 32544 68031 5201 36297
36293 24655 52339 1216 36297
36293 21810 77164 4366 36297
36293 24663 52624 8679 36297
36293 28554 53497 2819 36297
36293 14267 45481 8076 36297
36293 18980 50134 6910 36297
36293 21153 61058 1998 36297
36293 10496 73290 6768 36297
36293 26714 66263 6073 36297
36293 11610 47425 9301 36297
36293 33464 60501 5485 36297
36293 14216 73680 4812 36297
36293 22890 55095 6211 36297
36293 27160 47068 1080 36297
36293 19776 47819 6840 36297
36293 28587 71365 7869 36297
36293 31262 48292 444 36297
36293 22880 48721 4171 36297
36293 35240 73129 8691 36297
36293 30915 58916 2146 36297
36293 21673 76058 7477 36297
36293 19092 65323 4454 36297
36293 21059 74733 2906 36297
36293 11407 69411 336 36297
36293 35097 48288 5957 36297
36293 29560 71405 5464 36297
36293 10697 65664 4774 36297
36293 25081 76428 3912 36297
36293 35107 47515 769 36297
36293 31773 45128 4603 36297
36293 27572 59687 648 36297
36293 33558 49877 5345 36297
36293 33521 52144 417 36297
36293 29346 52475 15 36297
36293 11266 53974 8260 36297
36293 17192 57280 7529 36297
36293 15182 49685 1365 36297
36293 34466 60990 7485 36297
36293 22427 52768 1756 36297
36293 23590 68431 7262 36297
36293 16321 74905 4431 36297
36293 15027 45500 1 36297
36293 25608 64852 9242 36297
36293 27507 65038 2973 36297
36293 33338 62012 2211 36297
36293 25892 64712 3902 36297
36293 11659 63430 2502 36297
36293 11499 58664 2775 36297
36293 17991 55218 4302 36297
36293 28533 67495 1586 36297
36293 36129 71298 7082 36297
36293 28469 71902 4751 36297
36293 27898 52686 7749 36297
36293 11729 68483 7239 36297
36293 19242 71435 9501 36297
36293 21229 66141 1120 36297
36293 31898 51250 962 36297
36293 19612 49585 2813 36297
36293 19701 54079 2203 36297
36293 26613 50146 4657 36297
36293 17656 72119 1146 36297
36293 34772 45461 5712 36297
36293 26744 53281 2918 36297
36293 30897 46478 3031 36297
36293 25343 74827 9463 36297
36293 18466 70914 270 36297
36293 15179 75262 2185 36297
36293 27263 74939 4986 36297
36293 34278 73143 7674 36297
36293 28458 56004 8548 36297
36293 21563 66679 3337 36297
36293 15647 50785 5163 36297
36293 11232 48436 5361 36297
36293 27831 75851 8482 36297
36293 9735 77296 5276 36297
36293 17418 45709 9044 36297
36293 32707 45387 7571 36297
36293 26067 48043 6773 36297
36293 25054 55620 8961 36297
36293 35029 58498 4731 36297
36293 10858 75867 1366 36297
36293 16970 77158 1181 36297
36293 14155 49893 96 36297
36293 16595 54453 6743 36297
36293 9960 48875 9131 36297
36293 35814 50820 1473 36297
36293 10995 71129 5780 36297
36293 16073 76797 4213 36297
36293 12268 49279 1409 36297
36293 17236 75584 7608 36297
36293 15582 78060 9395 36297
36293 13791 49098 2160 36297
36293 14774 47696 3527 36297
36293 13756 57688 141 36297
36293 14361 72757 887 36297
36293 34761 62051 9629 36297
36293 10679 61164 7644 36297
36293 26511 50440 438 36297
36293 12310 52796 7272 36297
36293 23274 48011 4691 36297
36293 28306 46629 9098 36297
36293 24437 60333 2825 36297
36293 14563 75325 281 36297
36293 10770 76006 4488 36297
36293 23714 58691 872 36297
36293 27931 54920 3199 36297
36293 20112 67620 4194 36297
36293 12907 46152 4257 36297
36293 14962 60393 4379 36297
36293 29346 49766 9488 36297
36293 21714 75357 3808 36297
36293 24597 69899 7877 36297
36293 28527 71712 4222 36297
36293 36049 61648 3657 36297
36293 32060 71524 4873 36297
36293 18720 65461 3362 36297
36293 34750 77557 5767 36297
36293 33682 70223 7059 36297
36293 15811 55801 7798 36297
36293 23370 77289 238 36297
36293 24298 53496 953 36297
36293 36207 68327 2328 36297
36293 23250 57819 1075 36297
