36293 18672 76352 1298 36297
36293 18672 62826 1298 36296
36293 18672 76031 1298 36297
36293 18672 59794 1298 36296
36293 18672 54325 1298 36297
36293 18672 56875 1298 36296
36293 18672 68642 1298 36296
36293 18672 61521 1298 36297
36293 18672 59351 1298 36296
36293 18672 68423 1298 36297
36293 18672 56456 1298 36296
36293 18672 72212 1298 36296
36293 18672 54611 1298 36297
36293 18672 61105 1298 36297
36293 18672 57357 1298 36296
36293 18672 57111 1298 36296
36293 18672 56941 1298 36296
36293 18672 57873 1298 36296
36293 18672 72307 1298 36297
36293 18672 60971 1298 36296
36293 18672 62586 1298 36297
36293 18672 72610 1298 36296
36293 18672 50030 1298 36297
36293 18672 57337 1298 36296
36293 18672 58846 1298 36296
36293 18672 53551 1298 36297
36293 18672 72356 1298 36297
36293 18672 72926 1298 36296
36293 18672 65560 1298 36297
36293 18672 76612 1298 36297
36293 18672 63893 1298 36297
36293 18672 49967 1298 36297
36293 18672 69566 1298 36296
36293 18672 55749 1298 36297
36293 18672 66664 1298 36296
36293 18672 72823 1298 36296
36293 18672 57422 1298 36297
36293 18672 73488 1298 36296
36293 18672 65916 1298 36296
36293 18672 56611 1298 36296
36293 18672 57520 1298 36296
36293 18672 46189 1298 36297
36293 18672 54217 1298 36297
36293 18672 53936 1298 36297
36293 18672 73100 1298 36297
36293 18672 46547 1298 36297
36293 18672 51852 1298 36297
36293 18672 59166 1298 36296
36293 18672 69323 1298 36296
36293 18672 64601 1298 36296
36293 18672 76423 1298 36297
36293 18672 64198 1298 36296
36293 18672 74283 1298 36296
36293 18672 65497 1298 36297
36293 18672 64953 1298 36296
36293 18672 62677 1298 36297
36293 18672 71840 1298 36296
36293 18672 50779 1298 36297
36293 18672 59717 1298 36297
36293 18672 54517 1298 36297
36293 18672 64158 1298 36297
36293 18672 72069 1298 36296
36293 18672 57538 1298 36296
36293 18672 60557 1298 36296
36293 18672 64387 1298 36296
36293 18672 74723 1298 36297
36293 18672 60306 1298 36296
36293 18672 72025 1298 36296
36293 18672 64028 1298 36296
36293 18672 51278 1298 36297
36293 18672 70159 1298 36296
36293 18672 68127 1298 36296
36293 18672 76360 1298 36297
36293 18672 67069 1298 36297
36293 18672 62280 1298 36296
36293 18672 57531 1298 36296
36293 18672 62802 1298 36297
36293 18672 49045 1298 36297
36293 18672 56520 1298 36297
36293 18672 62522 1298 36296
36293 18672 62380 1298 36296
36293 18672 74225 1298 36296
36293 18672 69567 1298 36297
36293 18672 59356 1298 36296
36293 18672 48761 1298 36297
36293 18672 64133 1298 36296
36293 18672 56438 1298 36296
36293 18672 53027 1298 36297
36293 18672 61468 1298 36296
36293 18672 57417 1298 36296
36293 18672 60220 1298 36296
36293 18672 63171 1298 36296
36293 18672 71568 1298 36296
36293 18672 57558 1298 36297
36293 18672 72714 1298 36296
36293 18672 72837 1298 36296
36293 18672 56322 1298 36296
36293 18672 56581 1298 36296
36293 18672 59123 1298 36296
36293 18672 69960 1298 36296
36293 18672 74020 1298 36297
36293 18672 72960 1298 36296
36293 18672 58193 1298 36296
36293 18672 56525 1298 36297
36293 18672 73402 1298 36296
36293 18672 49439 1298 36297
36293 18672 71546 1298 36296
36293 21937 56207 3846 36296
36293 21937 59045 3846 36296
36293 21937 56207 3846 36296
36293 21937 59045 3846 36296
36293 21937 56207 3846 36296
36293 21937 59045 3846 36296
36293 21937 56207 3846 36296
36293 21937 59045 3846 36296
36293 21937 56207 3846 36296
36293 21937 59045 3846 36296
36293 21937 56207 3846 36296
36293 21937 59045 3846 36296
36293 21937 56207 3846 36296
36293 21937 59045 3846 36296
36293 21937 56207 3846 36296
36293 21937 56207 3846 36296
36293 21937 56207 3846 36296
36293 21937 56207 3846 36296
36293 21937 68035 3846 36296
36293 21937 68035 3846 36296
36293 21937 59962 3846 36296
36293 21937 59962 3846 36296
36293 14261 72003 7535 36296
36293 14261 69144 7535 36296
36293 14261 69202 7535 36296
36293 14261 69200 7535 36296
36293 14261 58020 7535 36296
36293 14261 72006 7535 36296
36293 14261 69223 7535 36296
36293 14261 66246 7535 36297
36293 14261 71905 7535 36296
36293 14261 67283 7535 36296
36293 14261 72007 7535 36296
36293 14261 71262 7535 36296
36293 14261 71281 7535 36296
36293 14261 70940 7535 36297
36293 14261 72418 7535 36296
36293 14261 58571 7535 36296
36293 14261 69240 7535 36296
36293 14261 69168 7535 36296
36293 14261 58661 7535 36296
36293 14261 69244 7535 36297
36293 14261 69224 7535 36296
36293 14261 71908 7535 36296
36293 14261 71309 7535 36296
36293 14261 63815 7535 36297
36293 14261 71922 7535 36296
36293 14261 71947 7535 36296
36293 14261 65066 7535 36296
36293 14261 71945 7535 36296
36293 14261 62946 7535 36297
36293 14261 58585 7535 36296
36293 14261 58659 7535 36296
36293 14261 71912 7535 36296
36293 14261 70289 7535 36297
36293 14261 60793 7535 36296
36293 14261 71973 7535 36296
36293 14261 58670 7535 36296
36293 14261 72034 7535 36296
36293 14261 70534 7535 36297
36293 14261 60187 7535 36296
36293 14261 60061 7535 36297
36293 14261 68374 7535 36297
36293 14261 71938 7535 36296
36293 14261 64699 7535 36296
36293 14261 58936 7535 36296
36293 14261 58643 7535 36296
36293 14261 72020 7535 36296
36293 14261 71259 7535 36296
36293 14261 58650 7535 36296
36293 14261 71662 7535 36296
36293 14261 64569 7535 36296
36293 14261 70545 7535 36297
36293 14261 63849 7535 36296
36293 14261 60785 7535 36296
36293 14261 60931 7535 36296
36293 14261 62946 7535 36297
36293 14261 60935 7535 36296
36293 14261 63829 7535 36297
36293 14261 64690 7535 36296
36293 14261 69217 7535 36296
36293 14261 71957 7535 36296
36293 14261 67382 7535 36297
36293 14261 58594 7535 36297
36293 14261 64574 7535 36296
36293 14261 72420 7535 36296
36293 14261 56488 7535 36296
36293 14261 71944 7535 36296
36293 14261 67266 7535 36296
36293 14261 71888 7535 36296
36293 14261 71941 7535 36296
36293 14261 72411 7535 36296
36293 14261 72433 7535 36296
36293 14261 74180 7535 36297
36293 14261 64694 7535 36296
36293 14261 64686 7535 36296
36293 14261 60771 7535 36296
36293 14261 69157 7535 36296
36293 14261 64706 7535 36296
36293 14261 68892 7535 36297
36293 14261 60180 7535 36296
36293 14261 58933 7535 36296
36293 14261 71913 7535 36296
36293 14261 58642 7535 36296
36293 14261 59390 7535 36296
36293 14261 56498 7535 36296
36293 14261 56507 7535 36296
36293 14261 67261 7535 36296
36293 14261 69255 7535 36296
36293 14261 64622 7535 36296
36293 14261 60061 7535 36297
36293 14261 66246 7535 36297
36293 14261 65072 7535 36296
36293 14261 70545 7535 36297
36293 14261 72399 7535 36296
36293 14261 57662 7535 36297
36293 14261 56501 7535 36296
36293 14261 64341 7535 36297
36293 14261 60184 7535 36296
36293 14261 71943 7535 36296
36293 14261 68267 7535 36297
36293 14261 67293 7535 36296
36293 14261 69601 7535 36296
36293 14261 70928 7535 36297
36293 14261 64567 7535 36296
36293 14261 58946 7535 36296
36293 14261 60761 7535 36296
36293 14261 71942 7535 36296
36293 14261 67263 7535 36296
36293 14261 68244 7535 36297
36293 14261 63766 7535 36296
36293 14261 71911 7535 36296
36293 14261 67268 7535 36296
36293 14261 72001 7535 36296
36293 14261 71966 7535 36296
36293 14261 60917 7535 36296
36293 14261 64587 7535 36296
36293 14261 60925 7535 36296
36293 14261 65069 7535 36296
36293 14261 65083 7535 36296
36293 14261 60928 7535 36296
36293 14261 65068 7535 36296
36293 14261 60934 7535 36296
36293 14261 72009 7535 36296
36293 14261 69220 7535 36296
36293 14261 64584 7535 36296
36293 14261 71886 7535 36296
36293 14261 58564 7535 36296
36293 14261 72027 7535 36296
36293 14261 71293 7535 36296
36293 14261 71327 7535 36296
36293 14261 60949 7535 36296
36293 14261 71939 7535 36296
36293 14261 64658 7535 36296
36293 14261 60943 7535 36296
36293 14261 74182 7535 36296
36293 14261 64685 7535 36296
36293 14261 57782 7535 36297
36293 14261 64343 7535 36296
36293 14261 63774 7535 36296
36293 14261 71953 7535 36296
36293 14261 72025 7535 36296
36293 14261 70534 7535 36297
36293 14261 70499 7535 36296
36293 14261 56510 7535 36296
36293 14261 69152 7535 36296
36293 14261 72436 7535 36296
36293 14261 60175 7535 36296
36293 14261 60780 7535 36296
36293 14261 64585 7535 36296
36293 14261 67304 7535 36296
36293 14261 60185 7535 36296
36293 14261 63698 7535 36297
36293 14261 71337 7535 36296
36293 14261 58907 7535 36296
36293 14261 68374 7535 36297
36293 14261 67270 7535 36296
36293 14261 72410 7535 36296
36293 14261 58638 7535 36296
36293 14261 69187 7535 36296
36293 14261 74180 7535 36297
36293 14261 64684 7535 36296
36293 14261 72023 7535 36296
36293 14261 71295 7535 36296
36293 14261 64648 7535 36296
36293 14261 57782 7535 36297
36293 14261 57788 7535 36296
36293 14261 58932 7535 36296
36293 14261 56495 7535 36296
36293 14261 72004 7535 36296
36293 14261 60778 7535 36296
36293 14261 57920 7535 36297
36293 14261 65071 7535 36296
36293 14261 67306 7535 36296
36293 14261 56505 7535 36296
36293 14261 72416 7535 36296
36293 14261 58947 7535 36296
36293 14261 58162 7535 36297
36293 14261 69161 7535 36296
36293 14261 58649 7535 36296
36293 14261 58574 7535 36296
36293 14261 71332 7535 36296
36293 14261 72432 7535 36296
36293 14261 58550 7535 36296
36293 14261 72033 7535 36296
36293 14261 63772 7535 36296
36293 14261 64704 7535 36296
36293 14261 68378 7535 36296
36293 14261 64613 7535 36296
36293 14261 60064 7535 36296
36293 14261 63761 7535 36297
36293 14261 58877 7535 36296
36293 14261 58669 7535 36296
36293 14261 68267 7535 36297
36293 14261 58542 7535 36296
36293 14261 63761 7535 36297
36293 14261 63815 7535 36297
36293 14261 56503 7535 36296
36293 14261 68267 7535 36297
36293 14261 70483 7535 36296
36293 14261 60191 7535 36296
36293 14261 58578 7535 36296
36293 14261 61402 7535 36297
36293 14261 63698 7535 36297
36293 14261 69153 7535 36296
36293 14261 58587 7535 36296
36293 14261 72421 7535 36296
36293 14261 69143 7535 36296
36293 14261 60923 7535 36296
36293 14261 58019 7535 36297
36293 14261 57920 7535 36297
36293 14261 65093 7535 36295
36293 14261 64630 7535 36296
36293 14261 60773 7535 36296
36293 14261 69248 7535 36296
36293 14261 63829 7535 36297
36293 14261 64570 7535 36296
36293 14261 65080 7535 36296
36293 14261 58914 7535 36296
36293 14261 69139 7535 36296
36293 14261 64577 7535 36296
36293 14261 64711 7535 36296
36293 14261 65075 7535 36296
36293 14261 60770 7535 36296
36293 14261 69165 7535 36297
36293 14261 60953 7535 36296
36293 14261 60945 7535 36296
36293 14261 71914 7535 36296
36293 14261 71355 7535 36296
36293 14261 67277 7535 36296
36293 14261 71035 7535 36297
36293 14261 71885 7535 36296
36293 14261 58653 7535 36296
36293 14261 58944 7535 36296
36293 14261 60177 7535 36296
36293 14261 60172 7535 36296
36293 14261 71971 7535 36296
36293 14261 71272 7535 36296
36293 14261 70463 7535 36297
36293 14261 71265 7535 36296
36293 14261 63815 7535 36296
36293 14261 67291 7535 36296
36293 14261 65082 7535 36296
36293 14261 71897 7535 36296
36293 14261 60767 7535 36296
36293 14261 64696 7535 36296
36293 14261 71089 7535 36297
36293 14261 69215 7535 36296
36293 14261 63770 7535 36296
36293 14261 71267 7535 36296
36293 14261 64579 7535 36296
36293 14261 69260 7535 36296
36293 14261 64708 7535 36296
36293 14261 58052 7535 36297
36293 14261 70547 7535 36296
36293 14261 60171 7535 36296
36293 14261 58943 7535 36296
36293 14261 68376 7535 36296
36293 14261 58936 7535 36296
36293 14261 60781 7535 36296
36293 14261 70473 7535 36296
36293 14261 58562 7535 36296
36293 14261 69625 7535 36297
36293 14261 64652 7535 36296
36293 14261 58052 7535 36297
36293 14261 72408 7535 36296
36293 14261 57704 7535 36297
36293 14261 56489 7535 36296
36293 14261 60933 7535 36296
36293 14261 60919 7535 36296
36293 14261 69193 7535 36296
36293 14261 65081 7535 36296
36293 14261 59388 7535 36297
36293 14261 58614 7535 36296
36293 14261 71306 7535 36296
36293 14261 56490 7535 36296
36293 14261 64655 7535 36296
36293 14261 64644 7535 36296
36293 14261 64660 7535 36296
36293 14261 63811 7535 36296
36293 14261 58878 7535 36296
36293 14261 69184 7535 36297
36293 14261 72402 7535 36296
36293 14261 71266 7535 36296
36293 14261 60915 7535 36296
36293 14261 63768 7535 36296
36293 14261 60940 7535 36296
36293 14261 64698 7535 36296
36293 14261 58668 7535 36296
36293 36292 66400 3698 36295
36293 36292 57559 3698 36295
36293 36292 68516 3698 36295
